Trip_ID,Surge_Pricing_Type
T0005689459,1
T0005689462,2
T0005689463,2
T0005689466,2
T0005689468,2
T0005689471,3
T0005689476,3
T0005689478,2
T0005689480,2
T0005689481,3
T0005689483,2
T0005689488,3
T0005689489,2
T0005689490,2
T0005689494,3
T0005689495,3
T0005689499,3
T0005689500,1
T0005689511,2
T0005689512,2
T0005689514,1
T0005689518,2
T0005689524,2
T0005689526,2
T0005689527,2
T0005689528,3
T0005689531,1
T0005689535,2
T0005689540,3
T0005689541,1
T0005689549,2
T0005689550,2
T0005689552,3
T0005689555,1
T0005689557,1
T0005689560,3
T0005689563,2
T0005689565,2
T0005689572,2
T0005689575,2
T0005689579,2
T0005689580,2
T0005689585,3
T0005689587,1
T0005689588,1
T0005689589,3
T0005689593,2
T0005689594,3
T0005689596,2
T0005689599,2
T0005689601,2
T0005689603,3
T0005689604,1
T0005689606,2
T0005689607,3
T0005689609,1
T0005689610,1
T0005689614,2
T0005689615,3
T0005689617,3
T0005689618,2
T0005689619,2
T0005689621,2
T0005689626,3
T0005689628,2
T0005689630,3
T0005689633,3
T0005689638,2
T0005689640,1
T0005689641,1
T0005689642,2
T0005689644,2
T0005689645,3
T0005689647,2
T0005689649,3
T0005689650,2
T0005689653,2
T0005689659,3
T0005689660,3
T0005689668,3
T0005689672,2
T0005689677,2
T0005689679,3
T0005689680,2
T0005689681,1
T0005689684,1
T0005689685,3
T0005689686,1
T0005689689,3
T0005689693,2
T0005689694,1
T0005689696,2
T0005689697,2
T0005689698,2
T0005689706,2
T0005689709,2
T0005689710,2
T0005689712,1
T0005689713,1
T0005689714,3
T0005689716,3
T0005689720,1
T0005689721,3
T0005689724,2
T0005689727,2
T0005689728,2
T0005689729,1
T0005689731,2
T0005689735,3
T0005689737,3
T0005689739,2
T0005689740,1
T0005689741,3
T0005689745,3
T0005689748,2
T0005689749,2
T0005689750,2
T0005689751,1
T0005689753,2
T0005689755,2
T0005689761,3
T0005689762,1
T0005689765,2
T0005689769,2
T0005689772,3
T0005689773,2
T0005689774,3
T0005689775,1
T0005689777,2
T0005689778,2
T0005689783,2
T0005689784,1
T0005689787,2
T0005689793,3
T0005689795,2
T0005689799,1
T0005689801,2
T0005689802,3
T0005689804,1
T0005689806,2
T0005689807,2
T0005689808,1
T0005689811,1
T0005689812,3
T0005689814,2
T0005689815,1
T0005689817,2
T0005689818,2
T0005689819,2
T0005689825,3
T0005689826,2
T0005689828,3
T0005689830,2
T0005689832,2
T0005689833,3
T0005689840,3
T0005689841,3
T0005689843,2
T0005689846,2
T0005689851,3
T0005689855,3
T0005689858,3
T0005689861,2
T0005689862,3
T0005689864,3
T0005689865,1
T0005689866,2
T0005689868,3
T0005689870,3
T0005689871,2
T0005689874,3
T0005689877,2
T0005689881,3
T0005689884,2
T0005689886,2
T0005689887,2
T0005689888,3
T0005689890,1
T0005689895,1
T0005689902,2
T0005689908,2
T0005689909,2
T0005689910,2
T0005689915,2
T0005689916,2
T0005689917,2
T0005689920,2
T0005689921,2
T0005689922,2
T0005689924,2
T0005689925,2
T0005689928,2
T0005689930,2
T0005689933,1
T0005689936,3
T0005689937,3
T0005689938,2
T0005689939,2
T0005689942,2
T0005689946,3
T0005689951,2
T0005689959,3
T0005689963,2
T0005689966,2
T0005689969,2
T0005689971,2
T0005689975,2
T0005689984,1
T0005689985,1
T0005689989,2
T0005689990,2
T0005689991,2
T0005689994,3
T0005689995,3
T0005689996,2
T0005689999,3
T0005690004,3
T0005690010,3
T0005690013,2
T0005690018,2
T0005690019,1
T0005690020,3
T0005690024,3
T0005690027,3
T0005690029,2
T0005690035,2
T0005690039,2
T0005690041,3
T0005690042,1
T0005690044,1
T0005690045,2
T0005690049,1
T0005690051,1
T0005690057,2
T0005690059,2
T0005690061,3
T0005690062,2
T0005690065,3
T0005690066,3
T0005690067,3
T0005690068,2
T0005690070,2
T0005690074,1
T0005690078,2
T0005690086,2
T0005690087,3
T0005690090,2
T0005690092,3
T0005690097,3
T0005690098,2
T0005690099,1
T0005690105,3
T0005690107,1
T0005690111,2
T0005690112,2
T0005690115,2
T0005690116,3
T0005690117,2
T0005690118,1
T0005690119,1
T0005690120,2
T0005690124,3
T0005690125,3
T0005690126,3
T0005690127,2
T0005690130,2
T0005690132,1
T0005690134,2
T0005690136,3
T0005690138,1
T0005690139,1
T0005690140,3
T0005690141,1
T0005690144,3
T0005690145,2
T0005690148,3
T0005690152,3
T0005690156,2
T0005690159,2
T0005690160,3
T0005690161,2
T0005690163,3
T0005690164,1
T0005690165,2
T0005690166,2
T0005690167,1
T0005690170,2
T0005690172,2
T0005690175,2
T0005690178,3
T0005690179,3
T0005690181,2
T0005690183,2
T0005690185,2
T0005690186,2
T0005690187,2
T0005690188,2
T0005690191,1
T0005690192,2
T0005690196,2
T0005690197,2
T0005690199,2
T0005690200,2
T0005690205,2
T0005690211,2
T0005690213,2
T0005690217,3
T0005690219,3
T0005690222,2
T0005690224,1
T0005690228,3
T0005690230,2
T0005690231,2
T0005690232,3
T0005690235,1
T0005690236,3
T0005690238,2
T0005690240,2
T0005690242,3
T0005690243,1
T0005690245,2
T0005690251,3
T0005690254,2
T0005690266,1
T0005690268,2
T0005690269,2
T0005690271,1
T0005690272,2
T0005690277,2
T0005690287,2
T0005690288,3
T0005690290,1
T0005690297,1
T0005690298,3
T0005690302,3
T0005690303,2
T0005690304,1
T0005690308,2
T0005690310,3
T0005690311,3
T0005690317,2
T0005690319,2
T0005690320,2
T0005690323,1
T0005690324,3
T0005690325,2
T0005690326,2
T0005690327,1
T0005690332,3
T0005690341,2
T0005690342,2
T0005690345,3
T0005690347,3
T0005690349,3
T0005690350,2
T0005690351,3
T0005690353,2
T0005690354,1
T0005690356,1
T0005690365,3
T0005690368,2
T0005690377,1
T0005690378,1
T0005690381,1
T0005690382,2
T0005690386,2
T0005690387,2
T0005690388,1
T0005690390,2
T0005690392,1
T0005690393,2
T0005690394,2
T0005690395,3
T0005690396,2
T0005690397,3
T0005690406,2
T0005690407,1
T0005690412,1
T0005690414,2
T0005690415,2
T0005690416,2
T0005690417,2
T0005690418,1
T0005690420,2
T0005690425,2
T0005690427,3
T0005690430,3
T0005690432,2
T0005690437,3
T0005690439,2
T0005690446,2
T0005690447,2
T0005690452,3
T0005690453,3
T0005690454,3
T0005690456,2
T0005690462,1
T0005690463,1
T0005690464,2
T0005690465,1
T0005690466,1
T0005690469,1
T0005690470,2
T0005690471,1
T0005690472,3
T0005690474,2
T0005690476,2
T0005690477,2
T0005690483,3
T0005690484,3
T0005690485,3
T0005690486,2
T0005690495,3
T0005690498,3
T0005690499,3
T0005690502,3
T0005690509,2
T0005690510,2
T0005690512,3
T0005690516,3
T0005690521,2
T0005690522,3
T0005690524,2
T0005690527,1
T0005690528,2
T0005690529,3
T0005690530,3
T0005690531,2
T0005690539,2
T0005690542,2
T0005690544,1
T0005690546,2
T0005690552,3
T0005690553,2
T0005690554,2
T0005690555,1
T0005690557,2
T0005690571,3
T0005690580,2
T0005690581,2
T0005690583,2
T0005690586,3
T0005690587,2
T0005690593,3
T0005690595,3
T0005690598,2
T0005690602,2
T0005690612,3
T0005690613,2
T0005690620,3
T0005690622,1
T0005690625,2
T0005690627,2
T0005690629,1
T0005690633,2
T0005690635,3
T0005690636,2
T0005690639,2
T0005690640,3
T0005690642,2
T0005690643,3
T0005690647,2
T0005690649,1
T0005690652,3
T0005690653,2
T0005690654,2
T0005690657,1
T0005690662,1
T0005690663,2
T0005690665,3
T0005690666,2
T0005690674,3
T0005690675,2
T0005690677,3
T0005690680,1
T0005690681,2
T0005690683,2
T0005690684,2
T0005690691,3
T0005690692,2
T0005690696,2
T0005690698,1
T0005690700,3
T0005690703,2
T0005690706,2
T0005690710,1
T0005690716,3
T0005690717,3
T0005690719,2
T0005690726,3
T0005690731,2
T0005690733,3
T0005690736,2
T0005690740,1
T0005690742,2
T0005690745,3
T0005690746,2
T0005690753,3
T0005690755,1
T0005690756,3
T0005690761,3
T0005690767,3
T0005690769,1
T0005690770,2
T0005690774,2
T0005690776,3
T0005690778,2
T0005690779,3
T0005690781,1
T0005690785,1
T0005690787,1
T0005690788,2
T0005690790,1
T0005690794,2
T0005690796,3
T0005690798,3
T0005690809,2
T0005690810,3
T0005690813,2
T0005690814,2
T0005690816,2
T0005690817,1
T0005690818,3
T0005690820,2
T0005690822,2
T0005690824,2
T0005690826,1
T0005690833,2
T0005690838,3
T0005690846,1
T0005690847,1
T0005690849,3
T0005690852,3
T0005690854,2
T0005690856,1
T0005690857,2
T0005690860,2
T0005690861,3
T0005690862,3
T0005690863,2
T0005690865,2
T0005690868,3
T0005690880,3
T0005690882,3
T0005690884,3
T0005690889,2
T0005690893,3
T0005690894,2
T0005690895,2
T0005690896,3
T0005690898,2
T0005690899,2
T0005690902,3
T0005690903,2
T0005690904,1
T0005690905,2
T0005690906,3
T0005690908,2
T0005690910,2
T0005690915,2
T0005690917,2
T0005690918,2
T0005690924,3
T0005690925,1
T0005690926,3
T0005690927,2
T0005690928,3
T0005690929,3
T0005690931,2
T0005690932,3
T0005690935,2
T0005690939,3
T0005690940,2
T0005690941,3
T0005690943,3
T0005690946,1
T0005690951,2
T0005690952,2
T0005690954,3
T0005690955,2
T0005690959,2
T0005690960,2
T0005690961,2
T0005690962,2
T0005690964,3
T0005690965,3
T0005690970,2
T0005690974,2
T0005690975,2
T0005690976,1
T0005690977,2
T0005690978,2
T0005690980,2
T0005690981,2
T0005690982,2
T0005690983,3
T0005690987,2
T0005690988,2
T0005690989,2
T0005690990,3
T0005690991,2
T0005690992,1
T0005691005,2
T0005691009,3
T0005691010,1
T0005691011,2
T0005691016,1
T0005691017,3
T0005691023,2
T0005691024,2
T0005691025,3
T0005691028,2
T0005691031,3
T0005691033,2
T0005691034,2
T0005691036,3
T0005691037,2
T0005691038,2
T0005691041,3
T0005691048,2
T0005691051,1
T0005691052,3
T0005691054,2
T0005691057,2
T0005691058,3
T0005691060,3
T0005691061,3
T0005691062,1
T0005691063,3
T0005691065,2
T0005691066,2
T0005691073,1
T0005691077,3
T0005691079,3
T0005691080,1
T0005691086,2
T0005691087,1
T0005691088,2
T0005691089,2
T0005691092,3
T0005691094,1
T0005691095,3
T0005691102,1
T0005691104,2
T0005691113,2
T0005691116,2
T0005691120,3
T0005691124,3
T0005691128,2
T0005691130,2
T0005691131,3
T0005691136,2
T0005691140,1
T0005691141,2
T0005691143,3
T0005691145,2
T0005691146,1
T0005691147,3
T0005691148,3
T0005691153,2
T0005691156,3
T0005691159,2
T0005691160,1
T0005691161,2
T0005691166,2
T0005691168,2
T0005691173,1
T0005691174,2
T0005691176,3
T0005691181,3
T0005691183,2
T0005691187,1
T0005691193,3
T0005691194,2
T0005691195,3
T0005691197,2
T0005691198,2
T0005691199,3
T0005691200,2
T0005691201,2
T0005691206,3
T0005691207,2
T0005691210,1
T0005691211,3
T0005691213,2
T0005691216,3
T0005691217,3
T0005691220,1
T0005691225,1
T0005691230,2
T0005691231,3
T0005691234,3
T0005691238,2
T0005691239,3
T0005691240,1
T0005691244,2
T0005691245,2
T0005691247,2
T0005691253,3
T0005691256,2
T0005691257,3
T0005691258,3
T0005691259,2
T0005691265,2
T0005691266,2
T0005691269,2
T0005691270,3
T0005691272,2
T0005691274,2
T0005691275,2
T0005691278,3
T0005691280,3
T0005691284,2
T0005691285,2
T0005691286,2
T0005691287,2
T0005691288,1
T0005691289,1
T0005691290,2
T0005691292,2
T0005691293,1
T0005691294,2
T0005691296,2
T0005691297,1
T0005691299,2
T0005691300,2
T0005691302,2
T0005691304,3
T0005691307,2
T0005691309,2
T0005691310,2
T0005691311,2
T0005691312,2
T0005691313,3
T0005691315,1
T0005691319,2
T0005691320,2
T0005691321,2
T0005691323,3
T0005691325,2
T0005691327,2
T0005691329,2
T0005691331,2
T0005691332,2
T0005691334,2
T0005691335,2
T0005691339,2
T0005691340,2
T0005691343,3
T0005691345,1
T0005691346,3
T0005691352,1
T0005691353,3
T0005691356,3
T0005691359,2
T0005691362,2
T0005691366,1
T0005691367,1
T0005691378,3
T0005691380,1
T0005691381,1
T0005691382,1
T0005691384,3
T0005691388,1
T0005691389,3
T0005691391,1
T0005691392,2
T0005691394,3
T0005691396,3
T0005691397,2
T0005691399,2
T0005691401,3
T0005691403,2
T0005691404,2
T0005691406,2
T0005691407,2
T0005691408,3
T0005691410,2
T0005691413,3
T0005691416,2
T0005691420,2
T0005691421,3
T0005691422,3
T0005691423,3
T0005691424,2
T0005691426,3
T0005691427,2
T0005691437,2
T0005691440,2
T0005691442,2
T0005691447,1
T0005691448,2
T0005691450,3
T0005691451,1
T0005691453,2
T0005691457,2
T0005691462,2
T0005691463,3
T0005691466,2
T0005691475,1
T0005691476,2
T0005691477,1
T0005691479,2
T0005691482,1
T0005691489,1
T0005691491,2
T0005691498,3
T0005691501,2
T0005691503,3
T0005691505,2
T0005691506,2
T0005691511,2
T0005691514,3
T0005691515,2
T0005691516,2
T0005691519,1
T0005691521,3
T0005691522,3
T0005691526,3
T0005691528,1
T0005691535,2
T0005691547,3
T0005691548,2
T0005691551,2
T0005691553,2
T0005691555,3
T0005691556,3
T0005691559,2
T0005691562,2
T0005691563,2
T0005691566,3
T0005691569,2
T0005691571,2
T0005691573,2
T0005691575,3
T0005691576,1
T0005691579,2
T0005691580,2
T0005691582,2
T0005691585,2
T0005691593,3
T0005691594,1
T0005691597,2
T0005691598,2
T0005691601,1
T0005691602,2
T0005691603,3
T0005691604,3
T0005691605,2
T0005691607,2
T0005691610,3
T0005691611,3
T0005691614,3
T0005691617,1
T0005691618,2
T0005691622,1
T0005691623,3
T0005691624,3
T0005691627,3
T0005691631,2
T0005691635,3
T0005691637,3
T0005691638,3
T0005691639,1
T0005691642,2
T0005691647,2
T0005691650,3
T0005691652,2
T0005691653,2
T0005691661,2
T0005691662,2
T0005691663,2
T0005691664,2
T0005691665,1
T0005691666,3
T0005691668,1
T0005691674,1
T0005691676,2
T0005691679,1
T0005691680,3
T0005691683,2
T0005691686,2
T0005691688,3
T0005691690,2
T0005691694,3
T0005691698,3
T0005691699,2
T0005691702,3
T0005691708,1
T0005691709,3
T0005691710,2
T0005691711,3
T0005691714,2
T0005691716,3
T0005691718,1
T0005691724,2
T0005691729,2
T0005691738,3
T0005691743,3
T0005691747,1
T0005691748,3
T0005691751,1
T0005691752,3
T0005691772,3
T0005691773,1
T0005691777,3
T0005691781,3
T0005691783,2
T0005691788,2
T0005691791,3
T0005691794,2
T0005691795,3
T0005691797,2
T0005691799,2
T0005691801,2
T0005691802,3
T0005691803,1
T0005691807,1
T0005691808,1
T0005691810,3
T0005691811,3
T0005691814,3
T0005691815,1
T0005691817,2
T0005691819,1
T0005691820,3
T0005691822,2
T0005691824,3
T0005691828,2
T0005691830,2
T0005691832,2
T0005691834,1
T0005691835,3
T0005691837,2
T0005691847,1
T0005691848,3
T0005691853,3
T0005691855,2
T0005691858,2
T0005691867,2
T0005691870,3
T0005691877,1
T0005691879,3
T0005691880,3
T0005691883,2
T0005691885,2
T0005691886,2
T0005691887,2
T0005691888,1
T0005691894,2
T0005691897,3
T0005691901,2
T0005691903,2
T0005691909,2
T0005691911,3
T0005691915,2
T0005691919,3
T0005691920,2
T0005691925,3
T0005691929,2
T0005691934,2
T0005691937,2
T0005691938,2
T0005691939,2
T0005691941,1
T0005691942,3
T0005691943,2
T0005691944,3
T0005691945,2
T0005691946,2
T0005691947,2
T0005691949,2
T0005691951,3
T0005691953,2
T0005691954,2
T0005691955,3
T0005691957,3
T0005691967,1
T0005691968,2
T0005691969,2
T0005691974,3
T0005691975,3
T0005691977,2
T0005691980,3
T0005691983,1
T0005691986,2
T0005691989,1
T0005691993,2
T0005691994,3
T0005691997,3
T0005692006,3
T0005692008,1
T0005692013,2
T0005692018,2
T0005692020,2
T0005692022,3
T0005692025,3
T0005692029,1
T0005692032,3
T0005692039,1
T0005692040,3
T0005692041,3
T0005692045,1
T0005692051,2
T0005692052,3
T0005692053,3
T0005692054,3
T0005692057,1
T0005692063,2
T0005692064,2
T0005692066,2
T0005692070,3
T0005692077,2
T0005692080,2
T0005692084,2
T0005692086,1
T0005692093,2
T0005692095,1
T0005692096,2
T0005692098,2
T0005692102,2
T0005692105,2
T0005692108,3
T0005692109,3
T0005692113,3
T0005692119,3
T0005692121,2
T0005692125,3
T0005692128,2
T0005692129,2
T0005692132,3
T0005692136,1
T0005692143,3
T0005692144,3
T0005692146,2
T0005692148,3
T0005692153,3
T0005692156,1
T0005692163,3
T0005692167,3
T0005692169,3
T0005692171,2
T0005692173,3
T0005692180,1
T0005692185,2
T0005692189,2
T0005692190,2
T0005692191,2
T0005692194,2
T0005692195,1
T0005692196,2
T0005692203,1
T0005692204,2
T0005692205,2
T0005692206,3
T0005692207,2
T0005692208,2
T0005692214,1
T0005692220,2
T0005692227,3
T0005692229,1
T0005692231,2
T0005692232,2
T0005692233,2
T0005692235,2
T0005692237,1
T0005692241,2
T0005692245,1
T0005692246,2
T0005692247,2
T0005692248,1
T0005692250,3
T0005692251,3
T0005692252,2
T0005692257,3
T0005692263,2
T0005692270,3
T0005692273,2
T0005692274,3
T0005692276,2
T0005692280,3
T0005692285,1
T0005692286,3
T0005692288,3
T0005692291,2
T0005692292,2
T0005692294,2
T0005692295,2
T0005692296,1
T0005692299,2
T0005692300,1
T0005692302,3
T0005692303,3
T0005692308,2
T0005692309,3
T0005692310,2
T0005692311,2
T0005692312,3
T0005692313,3
T0005692315,2
T0005692317,2
T0005692321,3
T0005692323,3
T0005692324,2
T0005692325,3
T0005692326,3
T0005692331,2
T0005692334,2
T0005692336,2
T0005692340,3
T0005692343,3
T0005692345,2
T0005692348,3
T0005692350,1
T0005692352,3
T0005692353,3
T0005692357,2
T0005692358,2
T0005692360,2
T0005692362,1
T0005692364,1
T0005692365,2
T0005692369,2
T0005692371,3
T0005692372,2
T0005692374,3
T0005692381,2
T0005692383,3
T0005692388,2
T0005692390,2
T0005692395,2
T0005692398,2
T0005692406,1
T0005692409,3
T0005692412,1
T0005692416,2
T0005692421,2
T0005692422,2
T0005692424,2
T0005692428,1
T0005692429,2
T0005692430,3
T0005692431,2
T0005692436,2
T0005692437,2
T0005692439,3
T0005692442,1
T0005692443,3
T0005692444,3
T0005692447,2
T0005692450,2
T0005692453,3
T0005692458,2
T0005692460,1
T0005692461,1
T0005692463,2
T0005692465,3
T0005692470,2
T0005692473,3
T0005692475,2
T0005692476,2
T0005692478,2
T0005692479,2
T0005692480,2
T0005692481,2
T0005692482,2
T0005692485,3
T0005692487,1
T0005692496,1
T0005692497,2
T0005692506,1
T0005692508,1
T0005692515,1
T0005692520,1
T0005692521,2
T0005692522,3
T0005692523,2
T0005692524,3
T0005692530,3
T0005692531,1
T0005692532,3
T0005692534,2
T0005692535,3
T0005692536,2
T0005692539,2
T0005692540,3
T0005692544,2
T0005692551,2
T0005692552,3
T0005692553,3
T0005692556,3
T0005692557,3
T0005692558,2
T0005692559,2
T0005692560,1
T0005692569,2
T0005692572,3
T0005692573,3
T0005692579,1
T0005692580,2
T0005692581,3
T0005692583,2
T0005692586,1
T0005692590,2
T0005692591,2
T0005692592,3
T0005692593,2
T0005692595,1
T0005692597,2
T0005692598,2
T0005692600,1
T0005692601,3
T0005692603,2
T0005692604,1
T0005692607,1
T0005692609,3
T0005692614,3
T0005692615,3
T0005692618,2
T0005692619,3
T0005692620,3
T0005692621,3
T0005692625,1
T0005692626,3
T0005692629,1
T0005692634,2
T0005692642,3
T0005692644,2
T0005692645,3
T0005692646,3
T0005692647,2
T0005692648,1
T0005692649,2
T0005692650,2
T0005692651,3
T0005692653,1
T0005692654,2
T0005692655,3
T0005692657,1
T0005692659,2
T0005692662,3
T0005692670,2
T0005692672,1
T0005692673,1
T0005692675,2
T0005692676,3
T0005692682,2
T0005692687,2
T0005692692,3
T0005692693,2
T0005692702,3
T0005692706,2
T0005692708,3
T0005692712,2
T0005692713,2
T0005692715,2
T0005692717,2
T0005692724,1
T0005692725,2
T0005692726,2
T0005692728,2
T0005692732,2
T0005692735,1
T0005692739,3
T0005692743,2
T0005692745,2
T0005692746,2
T0005692748,1
T0005692750,3
T0005692752,2
T0005692757,2
T0005692761,2
T0005692768,2
T0005692769,3
T0005692770,2
T0005692771,2
T0005692772,2
T0005692773,3
T0005692775,3
T0005692776,3
T0005692781,2
T0005692782,1
T0005692783,3
T0005692784,2
T0005692788,1
T0005692795,3
T0005692797,3
T0005692799,2
T0005692800,2
T0005692803,1
T0005692804,2
T0005692805,2
T0005692808,2
T0005692809,1
T0005692812,2
T0005692813,2
T0005692817,2
T0005692820,3
T0005692822,2
T0005692826,1
T0005692829,1
T0005692831,2
T0005692833,2
T0005692838,2
T0005692841,3
T0005692842,3
T0005692846,2
T0005692847,2
T0005692849,3
T0005692850,3
T0005692854,2
T0005692856,1
T0005692862,2
T0005692866,2
T0005692867,2
T0005692870,2
T0005692871,1
T0005692872,1
T0005692873,2
T0005692880,2
T0005692889,3
T0005692893,3
T0005692895,3
T0005692896,2
T0005692897,2
T0005692898,2
T0005692900,2
T0005692905,2
T0005692906,2
T0005692908,2
T0005692912,2
T0005692913,2
T0005692918,2
T0005692920,2
T0005692921,2
T0005692924,3
T0005692926,2
T0005692928,2
T0005692931,2
T0005692933,2
T0005692940,3
T0005692941,2
T0005692942,2
T0005692943,2
T0005692945,2
T0005692946,2
T0005692947,2
T0005692950,3
T0005692951,2
T0005692953,3
T0005692954,3
T0005692958,3
T0005692960,2
T0005692963,2
T0005692965,1
T0005692967,2
T0005692973,3
T0005692974,1
T0005692976,3
T0005692984,3
T0005692985,2
T0005692986,2
T0005692989,3
T0005692990,3
T0005692992,3
T0005692995,2
T0005692996,2
T0005692999,3
T0005693000,2
T0005693001,3
T0005693003,2
T0005693009,2
T0005693011,2
T0005693012,2
T0005693013,2
T0005693014,2
T0005693023,2
T0005693028,1
T0005693029,1
T0005693030,2
T0005693031,1
T0005693032,3
T0005693036,1
T0005693047,2
T0005693048,3
T0005693049,1
T0005693052,1
T0005693057,1
T0005693058,3
T0005693061,1
T0005693063,3
T0005693064,3
T0005693066,2
T0005693069,3
T0005693072,3
T0005693073,1
T0005693074,3
T0005693075,3
T0005693079,3
T0005693081,1
T0005693082,3
T0005693083,3
T0005693084,3
T0005693085,2
T0005693086,2
T0005693087,2
T0005693089,3
T0005693095,2
T0005693096,3
T0005693097,2
T0005693098,3
T0005693099,3
T0005693101,2
T0005693102,2
T0005693104,3
T0005693105,2
T0005693106,3
T0005693108,2
T0005693110,3
T0005693111,2
T0005693112,2
T0005693114,2
T0005693117,1
T0005693128,3
T0005693129,2
T0005693130,2
T0005693138,3
T0005693144,2
T0005693146,1
T0005693150,3
T0005693151,2
T0005693153,2
T0005693157,2
T0005693160,3
T0005693161,3
T0005693162,2
T0005693165,2
T0005693171,2
T0005693179,2
T0005693182,3
T0005693184,2
T0005693186,3
T0005693189,1
T0005693190,2
T0005693191,3
T0005693192,2
T0005693195,3
T0005693196,1
T0005693197,3
T0005693206,2
T0005693208,2
T0005693211,2
T0005693212,2
T0005693213,2
T0005693214,1
T0005693215,3
T0005693217,2
T0005693218,3
T0005693221,3
T0005693222,2
T0005693224,2
T0005693225,2
T0005693229,3
T0005693232,1
T0005693237,3
T0005693239,1
T0005693241,1
T0005693242,2
T0005693245,3
T0005693248,3
T0005693250,3
T0005693251,2
T0005693252,2
T0005693257,2
T0005693259,1
T0005693262,2
T0005693263,1
T0005693264,2
T0005693266,3
T0005693273,3
T0005693275,2
T0005693278,1
T0005693283,3
T0005693286,3
T0005693288,1
T0005693295,2
T0005693297,3
T0005693298,1
T0005693300,2
T0005693304,2
T0005693305,1
T0005693306,1
T0005693307,2
T0005693309,1
T0005693311,2
T0005693316,2
T0005693319,3
T0005693320,3
T0005693323,2
T0005693324,3
T0005693327,2
T0005693328,2
T0005693335,3
T0005693336,1
T0005693340,2
T0005693342,3
T0005693343,3
T0005693346,2
T0005693350,1
T0005693351,3
T0005693353,1
T0005693354,3
T0005693356,3
T0005693358,3
T0005693360,2
T0005693361,1
T0005693363,1
T0005693369,2
T0005693370,2
T0005693375,1
T0005693377,2
T0005693379,1
T0005693382,2
T0005693394,2
T0005693396,2
T0005693401,1
T0005693403,2
T0005693404,2
T0005693407,1
T0005693410,3
T0005693411,3
T0005693412,3
T0005693418,2
T0005693419,2
T0005693420,1
T0005693422,2
T0005693425,2
T0005693428,2
T0005693429,2
T0005693437,2
T0005693444,2
T0005693448,2
T0005693453,2
T0005693456,2
T0005693461,2
T0005693467,3
T0005693468,3
T0005693469,2
T0005693470,2
T0005693477,2
T0005693484,2
T0005693486,2
T0005693488,3
T0005693489,2
T0005693490,2
T0005693492,2
T0005693493,2
T0005693496,3
T0005693498,3
T0005693499,2
T0005693500,2
T0005693501,3
T0005693508,2
T0005693509,3
T0005693510,3
T0005693517,3
T0005693518,1
T0005693519,2
T0005693522,2
T0005693523,2
T0005693524,3
T0005693531,1
T0005693535,2
T0005693539,2
T0005693541,2
T0005693545,2
T0005693546,2
T0005693548,2
T0005693550,3
T0005693553,2
T0005693555,3
T0005693559,2
T0005693560,2
T0005693561,1
T0005693562,3
T0005693567,2
T0005693569,1
T0005693570,2
T0005693578,1
T0005693580,1
T0005693581,2
T0005693582,2
T0005693586,2
T0005693587,2
T0005693594,1
T0005693597,2
T0005693599,2
T0005693606,2
T0005693609,3
T0005693612,3
T0005693614,2
T0005693615,3
T0005693617,2
T0005693618,3
T0005693619,2
T0005693620,2
T0005693624,1
T0005693634,3
T0005693635,1
T0005693643,1
T0005693646,1
T0005693649,2
T0005693652,3
T0005693653,3
T0005693654,2
T0005693655,2
T0005693656,1
T0005693657,2
T0005693658,2
T0005693661,3
T0005693662,3
T0005693664,2
T0005693671,3
T0005693675,3
T0005693676,3
T0005693679,3
T0005693680,2
T0005693683,1
T0005693687,1
T0005693692,1
T0005693695,1
T0005693699,2
T0005693707,2
T0005693710,2
T0005693712,2
T0005693715,3
T0005693716,2
T0005693728,2
T0005693732,2
T0005693733,3
T0005693736,3
T0005693740,3
T0005693742,2
T0005693743,2
T0005693744,2
T0005693746,1
T0005693747,1
T0005693748,1
T0005693749,3
T0005693753,1
T0005693756,3
T0005693758,3
T0005693760,2
T0005693761,2
T0005693763,2
T0005693766,3
T0005693768,2
T0005693769,2
T0005693771,2
T0005693773,2
T0005693776,1
T0005693778,2
T0005693781,1
T0005693784,1
T0005693786,2
T0005693788,3
T0005693791,3
T0005693792,3
T0005693793,3
T0005693797,1
T0005693799,2
T0005693803,2
T0005693807,2
T0005693808,3
T0005693809,1
T0005693811,1
T0005693814,3
T0005693816,3
T0005693818,1
T0005693819,3
T0005693821,1
T0005693824,3
T0005693825,2
T0005693828,2
T0005693830,2
T0005693834,2
T0005693837,2
T0005693838,2
T0005693841,3
T0005693842,2
T0005693847,3
T0005693849,1
T0005693850,1
T0005693851,3
T0005693854,3
T0005693859,2
T0005693862,2
T0005693870,1
T0005693871,3
T0005693875,2
T0005693877,2
T0005693880,1
T0005693885,3
T0005693890,3
T0005693892,1
T0005693893,1
T0005693897,3
T0005693900,1
T0005693903,2
T0005693906,3
T0005693907,2
T0005693908,3
T0005693909,2
T0005693911,2
T0005693913,2
T0005693916,3
T0005693921,3
T0005693922,1
T0005693929,2
T0005693931,1
T0005693932,2
T0005693935,2
T0005693941,1
T0005693944,2
T0005693947,3
T0005693948,2
T0005693954,3
T0005693956,2
T0005693959,1
T0005693960,2
T0005693964,3
T0005693968,2
T0005693970,2
T0005693972,3
T0005693978,2
T0005693981,2
T0005693983,2
T0005693989,3
T0005693999,2
T0005694007,2
T0005694008,1
T0005694009,2
T0005694011,1
T0005694012,3
T0005694015,1
T0005694018,3
T0005694020,2
T0005694021,3
T0005694022,2
T0005694023,2
T0005694025,2
T0005694033,2
T0005694034,3
T0005694036,1
T0005694037,2
T0005694046,3
T0005694049,2
T0005694050,3
T0005694052,2
T0005694053,2
T0005694059,3
T0005694060,3
T0005694062,3
T0005694065,2
T0005694066,2
T0005694067,3
T0005694068,3
T0005694073,3
T0005694074,2
T0005694075,3
T0005694076,1
T0005694079,1
T0005694080,2
T0005694086,2
T0005694090,2
T0005694091,3
T0005694097,3
T0005694100,2
T0005694102,2
T0005694104,1
T0005694107,3
T0005694110,2
T0005694113,2
T0005694114,2
T0005694116,1
T0005694117,3
T0005694119,2
T0005694120,2
T0005694121,3
T0005694130,2
T0005694131,2
T0005694133,3
T0005694135,3
T0005694136,3
T0005694139,1
T0005694143,2
T0005694144,3
T0005694146,2
T0005694153,1
T0005694155,2
T0005694156,1
T0005694158,3
T0005694159,2
T0005694160,1
T0005694161,3
T0005694162,3
T0005694164,1
T0005694168,2
T0005694169,1
T0005694171,2
T0005694173,1
T0005694179,2
T0005694180,3
T0005694184,2
T0005694185,1
T0005694186,2
T0005694187,3
T0005694188,2
T0005694195,2
T0005694198,3
T0005694200,2
T0005694203,2
T0005694204,1
T0005694209,3
T0005694210,2
T0005694212,2
T0005694217,1
T0005694218,3
T0005694221,1
T0005694224,2
T0005694232,2
T0005694235,1
T0005694236,3
T0005694237,2
T0005694241,2
T0005694242,2
T0005694243,1
T0005694247,3
T0005694248,2
T0005694249,3
T0005694250,3
T0005694252,1
T0005694254,1
T0005694255,2
T0005694256,3
T0005694257,1
T0005694263,2
T0005694266,1
T0005694271,3
T0005694274,2
T0005694275,2
T0005694276,2
T0005694279,2
T0005694281,1
T0005694282,1
T0005694285,2
T0005694287,1
T0005694290,2
T0005694291,3
T0005694292,2
T0005694295,3
T0005694296,2
T0005694297,3
T0005694298,1
T0005694305,3
T0005694307,3
T0005694308,2
T0005694310,3
T0005694311,1
T0005694312,3
T0005694313,3
T0005694315,3
T0005694319,2
T0005694321,1
T0005694325,2
T0005694327,3
T0005694329,1
T0005694336,2
T0005694340,2
T0005694343,2
T0005694349,1
T0005694352,3
T0005694354,2
T0005694355,2
T0005694356,2
T0005694357,3
T0005694362,3
T0005694365,2
T0005694371,2
T0005694372,2
T0005694373,3
T0005694375,2
T0005694376,1
T0005694378,2
T0005694381,2
T0005694382,3
T0005694386,2
T0005694389,2
T0005694390,1
T0005694393,2
T0005694394,1
T0005694395,3
T0005694396,1
T0005694403,1
T0005694407,2
T0005694408,2
T0005694409,1
T0005694411,3
T0005694417,2
T0005694418,2
T0005694421,1
T0005694427,2
T0005694431,1
T0005694432,2
T0005694433,3
T0005694434,2
T0005694435,3
T0005694439,2
T0005694440,2
T0005694445,2
T0005694446,3
T0005694449,1
T0005694455,3
T0005694457,2
T0005694458,2
T0005694459,3
T0005694464,2
T0005694466,2
T0005694467,2
T0005694468,2
T0005694469,2
T0005694470,3
T0005694472,3
T0005694473,3
T0005694475,2
T0005694478,2
T0005694479,2
T0005694490,3
T0005694491,2
T0005694493,2
T0005694494,2
T0005694495,2
T0005694497,1
T0005694502,3
T0005694505,2
T0005694509,2
T0005694511,2
T0005694515,3
T0005694517,3
T0005694519,2
T0005694521,1
T0005694528,3
T0005694529,2
T0005694531,3
T0005694532,3
T0005694533,2
T0005694536,1
T0005694537,2
T0005694539,3
T0005694541,3
T0005694543,2
T0005694544,2
T0005694549,3
T0005694550,2
T0005694557,2
T0005694564,1
T0005694569,3
T0005694570,2
T0005694572,1
T0005694574,1
T0005694575,2
T0005694576,2
T0005694577,1
T0005694583,2
T0005694586,3
T0005694587,2
T0005694588,1
T0005694590,2
T0005694592,2
T0005694595,3
T0005694598,3
T0005694600,1
T0005694602,3
T0005694604,2
T0005694605,2
T0005694613,2
T0005694614,3
T0005694621,1
T0005694623,3
T0005694628,2
T0005694630,3
T0005694632,2
T0005694640,3
T0005694643,2
T0005694650,2
T0005694654,3
T0005694656,2
T0005694657,2
T0005694660,3
T0005694661,2
T0005694666,2
T0005694669,2
T0005694670,3
T0005694671,3
T0005694673,3
T0005694674,2
T0005694678,2
T0005694679,3
T0005694680,2
T0005694682,1
T0005694683,2
T0005694684,2
T0005694685,2
T0005694692,2
T0005694697,3
T0005694700,3
T0005694704,3
T0005694705,2
T0005694706,2
T0005694708,1
T0005694714,3
T0005694716,3
T0005694718,2
T0005694720,3
T0005694724,2
T0005694725,3
T0005694729,2
T0005694733,1
T0005694737,3
T0005694739,1
T0005694743,3
T0005694744,2
T0005694747,1
T0005694749,3
T0005694750,2
T0005694754,2
T0005694756,3
T0005694762,2
T0005694763,1
T0005694764,1
T0005694770,2
T0005694772,1
T0005694773,2
T0005694774,2
T0005694776,3
T0005694786,2
T0005694788,3
T0005694790,3
T0005694794,2
T0005694798,2
T0005694803,3
T0005694805,3
T0005694809,1
T0005694816,2
T0005694817,1
T0005694818,3
T0005694819,2
T0005694822,2
T0005694828,2
T0005694829,3
T0005694830,1
T0005694835,1
T0005694836,3
T0005694837,3
T0005694839,3
T0005694847,1
T0005694850,2
T0005694851,2
T0005694853,2
T0005694854,1
T0005694859,3
T0005694860,2
T0005694862,2
T0005694863,3
T0005694866,2
T0005694867,1
T0005694868,3
T0005694869,3
T0005694871,2
T0005694873,2
T0005694877,2
T0005694880,2
T0005694881,2
T0005694885,3
T0005694888,3
T0005694891,1
T0005694893,1
T0005694896,3
T0005694902,1
T0005694903,1
T0005694905,1
T0005694912,1
T0005694915,2
T0005694919,3
T0005694922,3
T0005694923,2
T0005694927,3
T0005694929,2
T0005694931,1
T0005694932,3
T0005694933,1
T0005694935,3
T0005694937,1
T0005694938,1
T0005694939,3
T0005694940,3
T0005694941,3
T0005694943,2
T0005694948,2
T0005694950,2
T0005694952,2
T0005694953,2
T0005694954,2
T0005694956,2
T0005694963,2
T0005694964,3
T0005694965,2
T0005694966,3
T0005694968,1
T0005694970,2
T0005694972,2
T0005694974,3
T0005694977,2
T0005694980,3
T0005694981,3
T0005694982,1
T0005694985,2
T0005694986,3
T0005694987,2
T0005694988,3
T0005694990,3
T0005694991,1
T0005694994,2
T0005694995,2
T0005694996,3
T0005695003,1
T0005695005,2
T0005695010,2
T0005695011,2
T0005695012,3
T0005695013,2
T0005695014,2
T0005695015,1
T0005695019,3
T0005695021,2
T0005695022,2
T0005695028,2
T0005695031,2
T0005695032,1
T0005695033,2
T0005695037,1
T0005695040,2
T0005695041,1
T0005695042,2
T0005695045,3
T0005695048,2
T0005695055,1
T0005695056,2
T0005695059,2
T0005695061,1
T0005695062,2
T0005695065,1
T0005695068,1
T0005695076,2
T0005695078,1
T0005695080,3
T0005695081,3
T0005695084,3
T0005695085,1
T0005695086,3
T0005695088,3
T0005695093,1
T0005695096,2
T0005695099,3
T0005695101,3
T0005695104,3
T0005695113,3
T0005695114,2
T0005695118,2
T0005695123,2
T0005695130,1
T0005695131,2
T0005695133,3
T0005695135,2
T0005695136,2
T0005695141,3
T0005695142,2
T0005695146,1
T0005695148,3
T0005695152,2
T0005695155,2
T0005695156,3
T0005695157,2
T0005695160,2
T0005695167,1
T0005695168,2
T0005695170,1
T0005695173,1
T0005695179,3
T0005695180,3
T0005695181,1
T0005695183,2
T0005695190,2
T0005695197,3
T0005695198,2
T0005695203,3
T0005695204,2
T0005695205,2
T0005695206,2
T0005695207,3
T0005695210,1
T0005695211,1
T0005695216,1
T0005695224,3
T0005695227,3
T0005695229,3
T0005695230,3
T0005695233,3
T0005695234,2
T0005695236,2
T0005695237,2
T0005695238,2
T0005695239,2
T0005695242,2
T0005695243,1
T0005695244,1
T0005695245,2
T0005695246,2
T0005695247,2
T0005695250,3
T0005695253,2
T0005695258,3
T0005695260,2
T0005695261,1
T0005695263,2
T0005695264,1
T0005695267,3
T0005695269,1
T0005695270,3
T0005695272,3
T0005695275,1
T0005695278,3
T0005695279,2
T0005695284,2
T0005695285,2
T0005695287,3
T0005695288,2
T0005695289,2
T0005695290,3
T0005695291,2
T0005695292,2
T0005695294,2
T0005695297,2
T0005695298,2
T0005695300,3
T0005695301,3
T0005695303,2
T0005695307,2
T0005695310,3
T0005695319,3
T0005695320,3
T0005695327,2
T0005695330,2
T0005695333,2
T0005695334,1
T0005695339,3
T0005695340,2
T0005695346,3
T0005695350,2
T0005695353,2
T0005695356,1
T0005695362,3
T0005695363,2
T0005695364,2
T0005695370,1
T0005695372,1
T0005695375,2
T0005695376,2
T0005695377,2
T0005695383,1
T0005695384,3
T0005695385,2
T0005695386,3
T0005695388,2
T0005695389,1
T0005695390,3
T0005695391,3
T0005695392,2
T0005695397,2
T0005695398,2
T0005695400,1
T0005695401,1
T0005695402,3
T0005695403,2
T0005695404,1
T0005695405,2
T0005695407,2
T0005695408,2
T0005695411,1
T0005695413,3
T0005695414,2
T0005695416,2
T0005695418,1
T0005695419,2
T0005695422,2
T0005695423,2
T0005695425,3
T0005695426,2
T0005695428,2
T0005695429,2
T0005695435,1
T0005695436,3
T0005695440,3
T0005695442,2
T0005695443,1
T0005695445,1
T0005695446,1
T0005695449,2
T0005695452,2
T0005695457,2
T0005695462,3
T0005695463,3
T0005695468,2
T0005695469,1
T0005695472,2
T0005695474,1
T0005695475,3
T0005695476,3
T0005695477,2
T0005695478,3
T0005695480,2
T0005695481,2
T0005695484,2
T0005695490,3
T0005695493,2
T0005695496,2
T0005695497,2
T0005695501,1
T0005695506,1
T0005695507,3
T0005695508,2
T0005695509,2
T0005695511,3
T0005695515,3
T0005695516,2
T0005695523,2
T0005695524,2
T0005695526,1
T0005695530,2
T0005695531,2
T0005695533,3
T0005695535,2
T0005695536,2
T0005695539,2
T0005695540,1
T0005695542,1
T0005695546,2
T0005695547,1
T0005695548,1
T0005695550,1
T0005695551,2
T0005695554,1
T0005695555,2
T0005695556,1
T0005695558,1
T0005695559,1
T0005695560,3
T0005695566,2
T0005695568,3
T0005695570,2
T0005695572,2
T0005695573,3
T0005695576,2
T0005695579,2
T0005695580,1
T0005695582,3
T0005695592,2
T0005695593,2
T0005695594,2
T0005695595,3
T0005695596,2
T0005695599,3
T0005695603,2
T0005695606,2
T0005695608,1
T0005695609,2
T0005695612,2
T0005695613,2
T0005695616,2
T0005695617,2
T0005695622,2
T0005695623,2
T0005695625,2
T0005695626,2
T0005695629,2
T0005695636,2
T0005695638,1
T0005695639,2
T0005695643,2
T0005695645,2
T0005695648,2
T0005695649,1
T0005695651,2
T0005695652,3
T0005695655,2
T0005695656,2
T0005695658,3
T0005695659,2
T0005695660,2
T0005695661,1
T0005695668,3
T0005695671,3
T0005695673,2
T0005695680,2
T0005695691,2
T0005695697,2
T0005695699,3
T0005695700,2
T0005695703,1
T0005695705,3
T0005695709,1
T0005695711,2
T0005695712,2
T0005695716,2
T0005695720,2
T0005695724,3
T0005695728,3
T0005695729,1
T0005695732,2
T0005695735,2
T0005695740,2
T0005695742,3
T0005695745,2
T0005695748,2
T0005695749,1
T0005695750,2
T0005695751,2
T0005695754,3
T0005695757,2
T0005695759,2
T0005695760,1
T0005695762,1
T0005695765,3
T0005695767,1
T0005695768,3
T0005695770,3
T0005695772,3
T0005695773,2
T0005695775,3
T0005695776,2
T0005695779,2
T0005695783,2
T0005695787,3
T0005695789,2
T0005695794,2
T0005695797,2
T0005695798,1
T0005695802,3
T0005695808,3
T0005695815,3
T0005695816,3
T0005695817,1
T0005695819,1
T0005695820,3
T0005695823,1
T0005695824,2
T0005695829,3
T0005695830,2
T0005695831,3
T0005695837,2
T0005695840,3
T0005695841,2
T0005695844,2
T0005695851,3
T0005695853,2
T0005695855,2
T0005695858,2
T0005695859,2
T0005695863,2
T0005695866,2
T0005695868,2
T0005695869,3
T0005695871,2
T0005695877,1
T0005695878,1
T0005695879,3
T0005695881,2
T0005695883,2
T0005695884,3
T0005695886,2
T0005695888,2
T0005695889,2
T0005695890,2
T0005695892,3
T0005695897,2
T0005695898,2
T0005695899,3
T0005695900,2
T0005695902,3
T0005695903,2
T0005695908,1
T0005695909,3
T0005695911,2
T0005695912,2
T0005695914,3
T0005695917,2
T0005695919,3
T0005695921,3
T0005695924,3
T0005695926,3
T0005695935,3
T0005695937,2
T0005695938,3
T0005695939,1
T0005695940,3
T0005695941,2
T0005695943,2
T0005695947,1
T0005695949,2
T0005695951,2
T0005695955,2
T0005695956,2
T0005695957,3
T0005695960,3
T0005695969,3
T0005695970,3
T0005695971,2
T0005695979,3
T0005695982,3
T0005695987,3
T0005695990,3
T0005695993,1
T0005695995,2
T0005695996,2
T0005696000,1
T0005696001,3
T0005696002,2
T0005696003,3
T0005696007,2
T0005696014,2
T0005696019,1
T0005696026,3
T0005696027,1
T0005696029,3
T0005696033,2
T0005696037,1
T0005696039,2
T0005696040,3
T0005696043,2
T0005696045,2
T0005696047,3
T0005696048,3
T0005696051,2
T0005696054,3
T0005696055,1
T0005696056,1
T0005696058,3
T0005696059,2
T0005696060,1
T0005696061,1
T0005696063,2
T0005696064,2
T0005696068,1
T0005696070,2
T0005696071,3
T0005696076,3
T0005696079,2
T0005696084,1
T0005696091,2
T0005696092,1
T0005696094,2
T0005696095,3
T0005696097,3
T0005696098,1
T0005696099,2
T0005696101,2
T0005696102,3
T0005696103,2
T0005696105,2
T0005696106,3
T0005696110,2
T0005696113,2
T0005696116,2
T0005696117,2
T0005696121,2
T0005696122,3
T0005696123,1
T0005696124,2
T0005696126,2
T0005696127,2
T0005696129,3
T0005696130,2
T0005696131,2
T0005696132,1
T0005696133,3
T0005696136,1
T0005696137,2
T0005696140,3
T0005696141,2
T0005696147,2
T0005696149,3
T0005696151,2
T0005696152,2
T0005696153,2
T0005696163,2
T0005696165,2
T0005696166,2
T0005696168,2
T0005696170,1
T0005696173,2
T0005696174,2
T0005696182,3
T0005696184,3
T0005696188,3
T0005696190,2
T0005696191,3
T0005696192,2
T0005696197,1
T0005696199,2
T0005696200,2
T0005696208,2
T0005696211,3
T0005696212,2
T0005696213,1
T0005696215,3
T0005696217,2
T0005696218,3
T0005696225,2
T0005696227,2
T0005696231,3
T0005696232,1
T0005696240,1
T0005696243,2
T0005696251,2
T0005696258,2
T0005696259,2
T0005696264,2
T0005696265,2
T0005696268,2
T0005696272,2
T0005696273,1
T0005696274,3
T0005696276,1
T0005696277,1
T0005696278,3
T0005696279,3
T0005696280,3
T0005696281,2
T0005696282,1
T0005696283,3
T0005696288,2
T0005696292,2
T0005696293,2
T0005696297,2
T0005696299,1
T0005696301,2
T0005696302,3
T0005696304,2
T0005696310,1
T0005696314,3
T0005696315,1
T0005696316,2
T0005696319,2
T0005696320,1
T0005696322,1
T0005696323,1
T0005696324,2
T0005696326,1
T0005696330,1
T0005696334,1
T0005696336,3
T0005696338,3
T0005696339,3
T0005696341,3
T0005696343,2
T0005696344,3
T0005696349,3
T0005696350,2
T0005696352,3
T0005696366,3
T0005696367,2
T0005696372,3
T0005696373,1
T0005696375,2
T0005696381,2
T0005696382,2
T0005696383,2
T0005696388,2
T0005696396,3
T0005696397,2
T0005696398,3
T0005696399,1
T0005696400,1
T0005696402,2
T0005696406,3
T0005696407,2
T0005696413,2
T0005696415,3
T0005696419,3
T0005696422,1
T0005696423,2
T0005696429,3
T0005696432,3
T0005696439,2
T0005696441,2
T0005696442,2
T0005696443,1
T0005696448,2
T0005696456,3
T0005696457,2
T0005696459,3
T0005696461,3
T0005696466,3
T0005696467,2
T0005696468,2
T0005696472,2
T0005696480,2
T0005696482,2
T0005696486,3
T0005696487,3
T0005696489,1
T0005696490,3
T0005696491,2
T0005696493,1
T0005696494,1
T0005696499,2
T0005696502,1
T0005696503,1
T0005696504,3
T0005696507,1
T0005696510,2
T0005696511,1
T0005696515,2
T0005696517,2
T0005696519,2
T0005696525,2
T0005696526,3
T0005696530,3
T0005696532,1
T0005696535,3
T0005696536,3
T0005696539,2
T0005696540,3
T0005696541,3
T0005696543,1
T0005696544,3
T0005696546,2
T0005696548,2
T0005696553,1
T0005696555,3
T0005696557,3
T0005696558,3
T0005696562,3
T0005696563,2
T0005696565,3
T0005696566,2
T0005696568,2
T0005696572,2
T0005696574,3
T0005696576,1
T0005696578,1
T0005696588,1
T0005696589,2
T0005696591,1
T0005696593,2
T0005696596,2
T0005696597,3
T0005696598,3
T0005696601,1
T0005696604,2
T0005696605,1
T0005696606,3
T0005696607,3
T0005696610,1
T0005696611,2
T0005696618,1
T0005696620,1
T0005696626,2
T0005696627,2
T0005696629,2
T0005696630,3
T0005696631,2
T0005696632,3
T0005696633,3
T0005696638,3
T0005696640,3
T0005696641,1
T0005696644,1
T0005696655,3
T0005696657,2
T0005696660,3
T0005696661,1
T0005696664,2
T0005696667,3
T0005696669,3
T0005696672,2
T0005696674,2
T0005696675,2
T0005696677,2
T0005696678,2
T0005696680,2
T0005696682,2
T0005696683,2
T0005696684,1
T0005696685,2
T0005696688,2
T0005696689,3
T0005696690,2
T0005696697,1
T0005696698,1
T0005696700,2
T0005696702,1
T0005696704,3
T0005696705,3
T0005696707,2
T0005696708,2
T0005696713,3
T0005696714,3
T0005696715,1
T0005696718,3
T0005696720,2
T0005696721,3
T0005696722,2
T0005696727,2
T0005696728,1
T0005696729,3
T0005696732,2
T0005696737,3
T0005696738,1
T0005696742,2
T0005696744,2
T0005696745,3
T0005696750,2
T0005696754,3
T0005696757,1
T0005696760,2
T0005696763,1
T0005696764,3
T0005696765,2
T0005696770,3
T0005696771,2
T0005696776,3
T0005696788,2
T0005696789,2
T0005696793,1
T0005696797,2
T0005696802,3
T0005696806,2
T0005696808,1
T0005696817,2
T0005696821,2
T0005696823,3
T0005696824,2
T0005696830,3
T0005696831,3
T0005696836,3
T0005696839,2
T0005696841,2
T0005696844,3
T0005696847,3
T0005696849,3
T0005696859,2
T0005696861,2
T0005696874,1
T0005696875,1
T0005696876,2
T0005696877,1
T0005696878,1
T0005696879,2
T0005696880,1
T0005696886,2
T0005696888,1
T0005696890,3
T0005696892,1
T0005696895,3
T0005696898,2
T0005696899,1
T0005696908,2
T0005696909,2
T0005696910,1
T0005696911,3
T0005696915,1
T0005696917,3
T0005696923,2
T0005696925,1
T0005696927,2
T0005696928,2
T0005696933,2
T0005696935,2
T0005696936,2
T0005696937,3
T0005696938,1
T0005696940,2
T0005696941,1
T0005696949,1
T0005696951,2
T0005696958,1
T0005696961,3
T0005696963,3
T0005696964,3
T0005696966,1
T0005696967,3
T0005696969,2
T0005696973,1
T0005696974,3
T0005696976,1
T0005696978,2
T0005696979,3
T0005696981,1
T0005696987,3
T0005696988,1
T0005696991,2
T0005696992,3
T0005696993,3
T0005696994,2
T0005696996,2
T0005697001,2
T0005697003,2
T0005697004,2
T0005697006,3
T0005697007,2
T0005697008,3
T0005697009,3
T0005697010,3
T0005697018,2
T0005697019,2
T0005697020,2
T0005697024,2
T0005697025,2
T0005697027,1
T0005697029,3
T0005697037,1
T0005697039,1
T0005697040,2
T0005697043,3
T0005697044,3
T0005697045,2
T0005697053,2
T0005697054,3
T0005697055,2
T0005697056,3
T0005697059,2
T0005697063,3
T0005697068,1
T0005697069,3
T0005697070,3
T0005697072,3
T0005697073,1
T0005697074,3
T0005697078,2
T0005697082,2
T0005697083,3
T0005697085,1
T0005697086,2
T0005697087,2
T0005697090,2
T0005697091,1
T0005697092,2
T0005697102,3
T0005697104,2
T0005697105,2
T0005697109,2
T0005697114,3
T0005697117,3
T0005697121,3
T0005697122,2
T0005697125,2
T0005697128,2
T0005697133,1
T0005697142,2
T0005697143,2
T0005697149,2
T0005697150,2
T0005697151,1
T0005697158,3
T0005697160,3
T0005697161,2
T0005697164,1
T0005697168,2
T0005697171,2
T0005697172,2
T0005697175,2
T0005697181,1
T0005697186,2
T0005697189,3
T0005697190,3
T0005697193,3
T0005697195,3
T0005697197,3
T0005697200,1
T0005697202,2
T0005697204,2
T0005697206,1
T0005697207,3
T0005697209,2
T0005697210,3
T0005697211,1
T0005697214,1
T0005697215,2
T0005697219,2
T0005697222,2
T0005697228,3
T0005697232,2
T0005697235,3
T0005697238,3
T0005697239,3
T0005697242,2
T0005697243,1
T0005697244,1
T0005697245,3
T0005697246,2
T0005697247,1
T0005697251,1
T0005697254,2
T0005697256,3
T0005697258,2
T0005697259,3
T0005697263,2
T0005697265,3
T0005697267,3
T0005697272,3
T0005697273,2
T0005697276,3
T0005697278,3
T0005697279,1
T0005697282,3
T0005697286,3
T0005697288,1
T0005697291,2
T0005697292,2
T0005697294,3
T0005697297,2
T0005697299,1
T0005697300,2
T0005697301,2
T0005697304,1
T0005697305,2
T0005697311,1
T0005697313,3
T0005697315,3
T0005697316,1
T0005697318,2
T0005697321,1
T0005697322,3
T0005697323,2
T0005697324,2
T0005697327,2
T0005697328,3
T0005697329,2
T0005697331,2
T0005697335,2
T0005697340,3
T0005697341,2
T0005697343,2
T0005697344,3
T0005697347,1
T0005697349,3
T0005697350,2
T0005697355,1
T0005697356,3
T0005697360,2
T0005697361,2
T0005697365,3
T0005697367,2
T0005697368,2
T0005697369,3
T0005697370,2
T0005697373,1
T0005697374,1
T0005697376,2
T0005697377,2
T0005697385,2
T0005697389,3
T0005697390,2
T0005697391,1
T0005697393,2
T0005697395,2
T0005697399,2
T0005697400,3
T0005697403,2
T0005697404,2
T0005697406,2
T0005697410,3
T0005697411,2
T0005697418,1
T0005697419,3
T0005697421,2
T0005697431,3
T0005697432,2
T0005697435,2
T0005697439,2
T0005697441,1
T0005697447,2
T0005697448,2
T0005697449,2
T0005697455,3
T0005697456,2
T0005697457,2
T0005697458,2
T0005697461,1
T0005697465,2
T0005697469,1
T0005697475,2
T0005697479,2
T0005697480,3
T0005697490,2
T0005697493,2
T0005697494,3
T0005697495,3
T0005697499,2
T0005697500,2
T0005697506,1
T0005697510,3
T0005697511,3
T0005697512,2
T0005697513,2
T0005697514,2
T0005697517,2
T0005697520,2
T0005697521,2
T0005697523,3
T0005697524,2
T0005697526,1
T0005697529,3
T0005697534,1
T0005697535,2
T0005697536,2
T0005697537,2
T0005697538,2
T0005697541,2
T0005697548,3
T0005697549,2
T0005697558,2
T0005697562,2
T0005697564,3
T0005697566,3
T0005697567,2
T0005697568,1
T0005697571,3
T0005697575,2
T0005697577,2
T0005697582,2
T0005697583,3
T0005697585,2
T0005697588,2
T0005697589,2
T0005697591,3
T0005697592,3
T0005697593,2
T0005697598,2
T0005697599,3
T0005697605,3
T0005697606,2
T0005697612,2
T0005697613,3
T0005697619,3
T0005697620,2
T0005697621,2
T0005697622,3
T0005697625,2
T0005697626,2
T0005697629,2
T0005697632,2
T0005697636,3
T0005697638,2
T0005697640,2
T0005697641,2
T0005697645,1
T0005697648,2
T0005697649,1
T0005697650,2
T0005697651,2
T0005697652,3
T0005697653,2
T0005697654,3
T0005697655,3
T0005697657,2
T0005697658,2
T0005697664,2
T0005697666,2
T0005697667,2
T0005697671,2
T0005697674,1
T0005697678,3
T0005697679,2
T0005697681,2
T0005697683,2
T0005697687,2
T0005697690,3
T0005697694,2
T0005697695,2
T0005697696,2
T0005697697,1
T0005697703,2
T0005697705,1
T0005697707,2
T0005697708,3
T0005697712,3
T0005697713,3
T0005697714,1
T0005697717,3
T0005697718,2
T0005697719,2
T0005697722,2
T0005697723,2
T0005697724,2
T0005697727,2
T0005697728,2
T0005697729,2
T0005697730,2
T0005697731,1
T0005697733,2
T0005697735,3
T0005697736,1
T0005697737,2
T0005697738,3
T0005697740,2
T0005697743,2
T0005697745,2
T0005697747,3
T0005697749,2
T0005697752,1
T0005697755,1
T0005697760,3
T0005697761,1
T0005697765,1
T0005697767,1
T0005697768,2
T0005697770,3
T0005697771,1
T0005697772,2
T0005697773,1
T0005697774,2
T0005697776,3
T0005697777,3
T0005697783,3
T0005697784,2
T0005697788,3
T0005697789,2
T0005697790,2
T0005697792,2
T0005697794,2
T0005697795,3
T0005697796,2
T0005697799,2
T0005697800,3
T0005697801,2
T0005697804,3
T0005697807,1
T0005697808,2
T0005697810,3
T0005697812,3
T0005697813,2
T0005697814,2
T0005697815,3
T0005697816,2
T0005697817,1
T0005697822,1
T0005697824,1
T0005697833,2
T0005697838,3
T0005697840,3
T0005697841,1
T0005697844,3
T0005697845,3
T0005697847,2
T0005697848,1
T0005697849,3
T0005697850,2
T0005697853,2
T0005697854,1
T0005697856,2
T0005697860,2
T0005697861,1
T0005697871,2
T0005697872,2
T0005697873,2
T0005697874,3
T0005697876,3
T0005697884,2
T0005697887,2
T0005697888,2
T0005697890,2
T0005697891,2
T0005697892,3
T0005697896,1
T0005697903,3
T0005697904,3
T0005697906,3
T0005697907,3
T0005697908,2
T0005697910,2
T0005697912,1
T0005697913,1
T0005697920,2
T0005697922,3
T0005697928,1
T0005697930,2
T0005697931,2
T0005697939,2
T0005697940,1
T0005697943,1
T0005697944,2
T0005697950,2
T0005697951,2
T0005697952,2
T0005697956,2
T0005697957,2
T0005697961,1
T0005697965,3
T0005697967,2
T0005697968,2
T0005697970,2
T0005697971,3
T0005697974,2
T0005697975,3
T0005697979,2
T0005697985,2
T0005697988,3
T0005697989,2
T0005697993,3
T0005697994,2
T0005697996,1
T0005697999,3
T0005698001,2
T0005698003,2
T0005698005,3
T0005698007,3
T0005698008,3
T0005698010,2
T0005698016,2
T0005698017,2
T0005698019,2
T0005698027,3
T0005698029,2
T0005698032,1
T0005698033,2
T0005698037,2
T0005698038,2
T0005698041,1
T0005698042,3
T0005698044,2
T0005698045,3
T0005698046,1
T0005698049,2
T0005698050,2
T0005698051,1
T0005698054,3
T0005698055,2
T0005698057,1
T0005698061,2
T0005698063,1
T0005698065,1
T0005698066,2
T0005698067,3
T0005698069,2
T0005698071,3
T0005698073,2
T0005698074,1
T0005698080,3
T0005698089,2
T0005698091,2
T0005698092,2
T0005698093,2
T0005698096,2
T0005698097,3
T0005698099,2
T0005698100,2
T0005698101,2
T0005698107,1
T0005698112,1
T0005698114,2
T0005698119,3
T0005698123,2
T0005698126,3
T0005698129,2
T0005698132,1
T0005698138,1
T0005698143,3
T0005698145,2
T0005698146,1
T0005698149,3
T0005698152,2
T0005698155,2
T0005698156,2
T0005698157,2
T0005698159,2
T0005698160,1
T0005698162,3
T0005698163,3
T0005698167,3
T0005698170,2
T0005698171,2
T0005698172,3
T0005698174,3
T0005698175,1
T0005698176,2
T0005698180,3
T0005698184,2
T0005698186,3
T0005698187,2
T0005698188,1
T0005698190,1
T0005698191,2
T0005698195,2
T0005698199,2
T0005698200,1
T0005698201,2
T0005698203,3
T0005698207,3
T0005698208,2
T0005698212,1
T0005698215,2
T0005698222,1
T0005698223,2
T0005698228,2
T0005698229,2
T0005698231,2
T0005698233,3
T0005698235,2
T0005698237,1
T0005698238,2
T0005698243,1
T0005698245,2
T0005698247,2
T0005698249,2
T0005698250,1
T0005698252,2
T0005698256,1
T0005698257,2
T0005698259,2
T0005698260,3
T0005698263,1
T0005698264,2
T0005698265,2
T0005698267,3
T0005698274,2
T0005698275,2
T0005698276,2
T0005698277,1
T0005698279,2
T0005698281,2
T0005698282,2
T0005698284,2
T0005698287,2
T0005698290,2
T0005698291,3
T0005698292,2
T0005698294,3
T0005698296,2
T0005698297,2
T0005698298,3
T0005698302,3
T0005698305,3
T0005698309,2
T0005698310,2
T0005698311,2
T0005698313,3
T0005698314,2
T0005698318,2
T0005698320,3
T0005698321,2
T0005698323,1
T0005698325,3
T0005698326,3
T0005698327,3
T0005698330,1
T0005698332,2
T0005698333,3
T0005698334,2
T0005698336,2
T0005698338,2
T0005698341,2
T0005698342,3
T0005698343,2
T0005698345,1
T0005698348,3
T0005698352,2
T0005698362,1
T0005698363,2
T0005698364,3
T0005698367,2
T0005698374,1
T0005698377,2
T0005698378,3
T0005698383,2
T0005698386,2
T0005698387,3
T0005698389,1
T0005698393,2
T0005698395,3
T0005698399,2
T0005698401,2
T0005698402,2
T0005698404,1
T0005698405,1
T0005698407,2
T0005698408,2
T0005698410,3
T0005698413,2
T0005698417,2
T0005698422,3
T0005698423,3
T0005698425,3
T0005698430,2
T0005698432,3
T0005698434,2
T0005698435,2
T0005698438,3
T0005698440,2
T0005698441,3
T0005698443,3
T0005698445,2
T0005698450,3
T0005698452,2
T0005698453,2
T0005698455,2
T0005698460,2
T0005698463,2
T0005698466,3
T0005698467,3
T0005698470,1
T0005698471,3
T0005698473,2
T0005698475,2
T0005698477,2
T0005698478,3
T0005698479,2
T0005698484,1
T0005698485,2
T0005698488,2
T0005698490,2
T0005698491,1
T0005698496,3
T0005698500,2
T0005698504,2
T0005698508,2
T0005698509,2
T0005698514,2
T0005698515,2
T0005698516,3
T0005698517,1
T0005698522,2
T0005698525,2
T0005698526,1
T0005698528,1
T0005698531,2
T0005698534,2
T0005698536,2
T0005698539,1
T0005698540,2
T0005698541,2
T0005698543,2
T0005698544,2
T0005698548,2
T0005698549,2
T0005698550,2
T0005698554,2
T0005698556,1
T0005698561,3
T0005698563,3
T0005698564,2
T0005698566,2
T0005698572,2
T0005698574,3
T0005698579,2
T0005698582,3
T0005698587,3
T0005698588,3
T0005698589,1
T0005698593,3
T0005698599,3
T0005698600,2
T0005698602,3
T0005698604,2
T0005698606,2
T0005698608,2
T0005698609,1
T0005698615,2
T0005698616,1
T0005698619,2
T0005698621,2
T0005698622,2
T0005698623,1
T0005698630,1
T0005698632,2
T0005698634,2
T0005698635,3
T0005698636,2
T0005698637,1
T0005698638,2
T0005698641,3
T0005698642,2
T0005698646,2
T0005698657,1
T0005698659,2
T0005698661,2
T0005698666,3
T0005698667,2
T0005698668,3
T0005698672,3
T0005698676,1
T0005698679,2
T0005698682,1
T0005698685,2
T0005698686,2
T0005698687,3
T0005698692,1
T0005698695,2
T0005698697,1
T0005698699,2
T0005698701,2
T0005698702,1
T0005698705,2
T0005698710,3
T0005698712,2
T0005698713,2
T0005698718,2
T0005698720,3
T0005698727,2
T0005698733,3
T0005698735,2
T0005698736,1
T0005698737,2
T0005698738,3
T0005698741,2
T0005698742,3
T0005698744,1
T0005698746,3
T0005698748,2
T0005698749,2
T0005698750,1
T0005698751,3
T0005698754,2
T0005698763,3
T0005698765,2
T0005698767,3
T0005698768,3
T0005698769,2
T0005698770,3
T0005698774,2
T0005698777,1
T0005698778,1
T0005698781,2
T0005698782,1
T0005698783,3
T0005698788,3
T0005698789,2
T0005698792,3
T0005698793,2
T0005698795,2
T0005698796,2
T0005698797,2
T0005698798,2
T0005698805,1
T0005698807,3
T0005698811,1
T0005698812,3
T0005698815,2
T0005698818,2
T0005698819,3
T0005698821,1
T0005698823,2
T0005698825,2
T0005698826,3
T0005698827,3
T0005698828,2
T0005698836,2
T0005698843,1
T0005698844,2
T0005698847,3
T0005698848,1
T0005698853,2
T0005698855,2
T0005698869,2
T0005698870,3
T0005698871,3
T0005698874,2
T0005698875,2
T0005698876,3
T0005698878,3
T0005698884,2
T0005698890,2
T0005698893,3
T0005698898,1
T0005698899,2
T0005698901,2
T0005698903,1
T0005698913,3
T0005698917,3
T0005698918,2
T0005698919,3
T0005698922,2
T0005698923,2
T0005698924,2
T0005698929,1
T0005698930,3
T0005698931,2
T0005698933,2
T0005698934,2
T0005698935,1
T0005698936,2
T0005698939,2
T0005698942,3
T0005698943,1
T0005698948,2
T0005698952,2
T0005698954,2
T0005698957,3
T0005698958,2
T0005698962,1
T0005698964,2
T0005698965,2
T0005698967,2
T0005698969,3
T0005698971,2
T0005698972,3
T0005698973,2
T0005698975,1
T0005698978,2
T0005698986,2
T0005698988,3
T0005698990,3
T0005698992,2
T0005698993,2
T0005698999,2
T0005699002,3
T0005699003,2
T0005699004,3
T0005699005,3
T0005699006,2
T0005699015,3
T0005699016,2
T0005699022,2
T0005699023,2
T0005699027,3
T0005699032,3
T0005699035,2
T0005699040,1
T0005699042,1
T0005699043,3
T0005699048,1
T0005699049,2
T0005699050,2
T0005699055,1
T0005699057,3
T0005699061,3
T0005699068,3
T0005699069,3
T0005699070,1
T0005699071,2
T0005699072,3
T0005699079,2
T0005699081,2
T0005699082,1
T0005699086,2
T0005699088,3
T0005699089,3
T0005699090,3
T0005699092,1
T0005699099,3
T0005699100,2
T0005699102,3
T0005699107,1
T0005699108,1
T0005699114,3
T0005699116,2
T0005699118,2
T0005699119,1
T0005699121,3
T0005699130,2
T0005699131,2
T0005699133,1
T0005699134,2
T0005699136,3
T0005699138,3
T0005699141,2
T0005699142,3
T0005699143,2
T0005699144,3
T0005699145,2
T0005699146,1
T0005699147,2
T0005699148,2
T0005699154,3
T0005699157,1
T0005699160,1
T0005699161,2
T0005699164,2
T0005699166,3
T0005699167,3
T0005699170,2
T0005699171,2
T0005699173,2
T0005699176,2
T0005699177,3
T0005699178,2
T0005699179,2
T0005699180,3
T0005699181,2
T0005699182,2
T0005699183,2
T0005699188,2
T0005699194,2
T0005699197,2
T0005699199,1
T0005699200,2
T0005699201,3
T0005699202,2
T0005699204,3
T0005699207,3
T0005699214,3
T0005699215,1
T0005699217,3
T0005699218,2
T0005699219,1
T0005699220,3
T0005699222,3
T0005699224,3
T0005699225,1
T0005699226,3
T0005699231,2
T0005699232,2
T0005699233,1
T0005699235,2
T0005699239,3
T0005699244,2
T0005699246,2
T0005699252,3
T0005699253,2
T0005699255,1
T0005699266,2
T0005699270,3
T0005699274,3
T0005699275,2
T0005699277,2
T0005699278,3
T0005699279,1
T0005699280,1
T0005699284,1
T0005699288,3
T0005699290,1
T0005699297,2
T0005699302,2
T0005699304,3
T0005699305,2
T0005699312,2
T0005699318,3
T0005699322,3
T0005699323,2
T0005699326,1
T0005699330,1
T0005699331,1
T0005699332,2
T0005699333,1
T0005699334,3
T0005699335,1
T0005699337,2
T0005699348,3
T0005699349,2
T0005699355,1
T0005699359,2
T0005699360,2
T0005699361,3
T0005699364,2
T0005699365,2
T0005699368,2
T0005699369,3
T0005699370,2
T0005699373,3
T0005699376,2
T0005699379,3
T0005699381,2
T0005699382,2
T0005699386,3
T0005699387,2
T0005699389,1
T0005699390,1
T0005699392,3
T0005699394,1
T0005699395,1
T0005699396,2
T0005699399,3
T0005699403,1
T0005699404,2
T0005699405,3
T0005699406,2
T0005699412,2
T0005699413,2
T0005699414,3
T0005699416,2
T0005699419,1
T0005699422,3
T0005699423,2
T0005699426,2
T0005699428,2
T0005699430,2
T0005699432,2
T0005699434,1
T0005699437,2
T0005699438,2
T0005699440,3
T0005699442,3
T0005699445,3
T0005699446,2
T0005699451,3
T0005699454,2
T0005699455,1
T0005699457,3
T0005699458,1
T0005699461,2
T0005699463,3
T0005699466,3
T0005699467,3
T0005699468,3
T0005699470,2
T0005699471,2
T0005699473,1
T0005699474,2
T0005699475,2
T0005699480,3
T0005699482,2
T0005699483,2
T0005699485,3
T0005699490,2
T0005699492,2
T0005699493,3
T0005699495,2
T0005699497,3
T0005699503,2
T0005699504,3
T0005699505,3
T0005699506,2
T0005699508,1
T0005699510,2
T0005699511,2
T0005699513,1
T0005699515,1
T0005699517,1
T0005699518,3
T0005699519,1
T0005699520,2
T0005699525,1
T0005699526,1
T0005699527,2
T0005699530,2
T0005699532,2
T0005699536,2
T0005699539,2
T0005699540,3
T0005699541,1
T0005699542,3
T0005699544,2
T0005699546,2
T0005699548,3
T0005699549,1
T0005699550,2
T0005699554,2
T0005699556,3
T0005699557,1
T0005699558,1
T0005699559,2
T0005699560,2
T0005699565,2
T0005699566,2
T0005699570,2
T0005699573,2
T0005699575,3
T0005699576,3
T0005699580,2
T0005699581,2
T0005699582,3
T0005699584,1
T0005699585,2
T0005699586,1
T0005699588,3
T0005699589,3
T0005699592,2
T0005699597,3
T0005699604,3
T0005699608,2
T0005699610,3
T0005699616,1
T0005699618,2
T0005699619,2
T0005699621,2
T0005699624,3
T0005699628,2
T0005699629,1
T0005699633,2
T0005699636,3
T0005699637,2
T0005699640,2
T0005699641,2
T0005699642,2
T0005699643,3
T0005699648,3
T0005699650,2
T0005699652,2
T0005699653,3
T0005699654,2
T0005699656,2
T0005699657,3
T0005699658,2
T0005699659,1
T0005699661,2
T0005699662,1
T0005699663,2
T0005699665,3
T0005699667,1
T0005699668,2
T0005699670,3
T0005699672,2
T0005699675,2
T0005699676,1
T0005699677,2
T0005699679,2
T0005699681,2
T0005699688,2
T0005699689,3
T0005699692,3
T0005699698,1
T0005699700,3
T0005699704,2
T0005699705,2
T0005699706,2
T0005699711,1
T0005699712,2
T0005699713,3
T0005699715,3
T0005699717,3
T0005699718,2
T0005699720,2
T0005699721,1
T0005699722,2
T0005699724,3
T0005699727,3
T0005699731,1
T0005699732,2
T0005699739,1
T0005699742,2
T0005699744,1
T0005699746,3
T0005699747,2
T0005699749,3
T0005699753,2
T0005699758,3
T0005699759,2
T0005699760,1
T0005699761,2
T0005699763,1
T0005699765,2
T0005699767,3
T0005699768,2
T0005699770,2
T0005699773,3
T0005699777,2
T0005699782,1
T0005699783,3
T0005699785,1
T0005699788,2
T0005699789,2
T0005699790,2
T0005699793,2
T0005699794,2
T0005699795,2
T0005699796,3
T0005699800,2
T0005699801,3
T0005699803,2
T0005699804,2
T0005699806,3
T0005699807,2
T0005699809,3
T0005699820,3
T0005699821,3
T0005699823,1
T0005699824,3
T0005699826,3
T0005699833,3
T0005699835,2
T0005699840,2
T0005699841,3
T0005699842,3
T0005699848,3
T0005699849,1
T0005699851,1
T0005699853,2
T0005699854,3
T0005699857,1
T0005699858,2
T0005699860,3
T0005699861,3
T0005699863,2
T0005699869,2
T0005699870,1
T0005699874,3
T0005699877,2
T0005699878,3
T0005699880,3
T0005699881,1
T0005699882,2
T0005699886,3
T0005699887,1
T0005699888,3
T0005699890,1
T0005699892,2
T0005699899,2
T0005699903,1
T0005699905,1
T0005699907,1
T0005699908,2
T0005699911,2
T0005699923,3
T0005699924,2
T0005699927,2
T0005699929,2
T0005699930,3
T0005699931,3
T0005699932,3
T0005699934,2
T0005699935,3
T0005699940,2
T0005699945,3
T0005699947,2
T0005699948,3
T0005699949,3
T0005699952,3
T0005699958,2
T0005699959,3
T0005699960,2
T0005699961,2
T0005699965,1
T0005699967,3
T0005699971,2
T0005699975,1
T0005699979,3
T0005699980,2
T0005699982,3
T0005699985,3
T0005699989,2
T0005699990,2
T0005699991,2
T0005699994,2
T0005699995,2
T0005699996,1
T0005699999,2
T0005700001,3
T0005700004,3
T0005700006,2
T0005700009,1
T0005700012,3
T0005700013,2
T0005700016,3
T0005700018,2
T0005700021,2
T0005700024,3
T0005700026,1
T0005700027,3
T0005700028,2
T0005700029,2
T0005700032,1
T0005700036,3
T0005700037,2
T0005700038,3
T0005700039,3
T0005700044,3
T0005700046,2
T0005700047,2
T0005700049,2
T0005700057,2
T0005700061,2
T0005700066,2
T0005700067,2
T0005700069,2
T0005700071,2
T0005700073,3
T0005700076,2
T0005700079,3
T0005700081,2
T0005700082,3
T0005700083,1
T0005700086,2
T0005700090,1
T0005700091,1
T0005700092,3
T0005700096,2
T0005700097,2
T0005700103,3
T0005700105,3
T0005700106,3
T0005700109,2
T0005700115,3
T0005700116,3
T0005700120,3
T0005700121,2
T0005700128,2
T0005700130,3
T0005700133,2
T0005700134,2
T0005700135,2
T0005700140,3
T0005700141,3
T0005700142,2
T0005700143,1
T0005700145,2
T0005700146,2
T0005700148,2
T0005700149,1
T0005700150,3
T0005700151,3
T0005700152,2
T0005700154,2
T0005700156,3
T0005700158,1
T0005700159,2
T0005700161,1
T0005700163,3
T0005700167,2
T0005700169,2
T0005700170,2
T0005700173,2
T0005700177,3
T0005700180,3
T0005700181,3
T0005700182,2
T0005700191,2
T0005700192,1
T0005700193,3
T0005700196,2
T0005700201,3
T0005700205,3
T0005700212,3
T0005700214,3
T0005700217,3
T0005700218,2
T0005700225,2
T0005700226,2
T0005700229,1
T0005700235,2
T0005700237,2
T0005700239,3
T0005700240,2
T0005700243,2
T0005700246,2
T0005700247,2
T0005700249,3
T0005700250,1
T0005700252,3
T0005700253,3
T0005700256,3
T0005700258,1
T0005700259,2
T0005700260,1
T0005700261,2
T0005700262,2
T0005700264,1
T0005700265,3
T0005700266,1
T0005700268,2
T0005700270,3
T0005700275,2
T0005700277,2
T0005700279,1
T0005700280,2
T0005700283,3
T0005700284,3
T0005700285,3
T0005700286,2
T0005700288,1
T0005700290,3
T0005700295,2
T0005700297,3
T0005700298,2
T0005700306,2
T0005700307,2
T0005700308,1
T0005700310,2
T0005700314,2
T0005700315,2
T0005700321,2
T0005700326,2
T0005700331,3
T0005700333,1
T0005700334,3
T0005700335,2
T0005700337,3
T0005700338,2
T0005700341,3
T0005700346,2
T0005700352,2
T0005700356,2
T0005700358,1
T0005700361,2
T0005700367,3
T0005700369,2
T0005700370,3
T0005700374,2
T0005700378,1
T0005700379,2
T0005700381,3
T0005700382,2
T0005700387,2
T0005700389,2
T0005700393,3
T0005700394,3
T0005700395,3
T0005700396,2
T0005700398,3
T0005700399,2
T0005700403,2
T0005700405,2
T0005700407,2
T0005700411,2
T0005700413,2
T0005700417,3
T0005700421,1
T0005700422,3
T0005700426,3
T0005700435,2
T0005700439,1
T0005700441,2
T0005700443,2
T0005700449,2
T0005700451,2
T0005700454,2
T0005700455,2
T0005700457,2
T0005700458,3
T0005700460,1
T0005700462,2
T0005700464,1
T0005700467,2
T0005700469,2
T0005700470,2
T0005700471,2
T0005700478,2
T0005700479,2
T0005700481,2
T0005700482,2
T0005700486,3
T0005700488,2
T0005700489,3
T0005700490,2
T0005700491,1
T0005700493,2
T0005700497,1
T0005700500,2
T0005700501,1
T0005700502,2
T0005700507,2
T0005700508,3
T0005700509,1
T0005700510,1
T0005700513,1
T0005700514,2
T0005700517,2
T0005700519,1
T0005700520,1
T0005700522,3
T0005700523,1
T0005700525,2
T0005700528,3
T0005700529,2
T0005700531,2
T0005700533,1
T0005700536,3
T0005700542,3
T0005700545,2
T0005700548,2
T0005700554,2
T0005700561,2
T0005700564,3
T0005700566,3
T0005700570,3
T0005700574,2
T0005700576,1
T0005700578,3
T0005700579,2
T0005700585,3
T0005700586,1
T0005700592,2
T0005700594,2
T0005700595,2
T0005700598,2
T0005700601,2
T0005700602,3
T0005700603,3
T0005700604,2
T0005700609,2
T0005700617,2
T0005700618,2
T0005700619,1
T0005700620,1
T0005700622,2
T0005700628,2
T0005700629,2
T0005700632,1
T0005700634,1
T0005700636,1
T0005700638,2
T0005700640,3
T0005700641,3
T0005700642,3
T0005700646,3
T0005700650,2
T0005700652,2
T0005700654,2
T0005700660,3
T0005700661,3
T0005700665,2
T0005700668,2
T0005700671,2
T0005700672,2
T0005700677,1
T0005700678,1
T0005700682,3
T0005700683,1
T0005700685,3
T0005700689,2
T0005700693,2
T0005700695,2
T0005700699,2
T0005700701,3
T0005700702,2
T0005700710,2
T0005700712,2
T0005700719,2
T0005700720,2
T0005700728,3
T0005700729,2
T0005700731,2
T0005700733,2
T0005700734,3
T0005700735,3
T0005700744,2
T0005700745,2
T0005700748,2
T0005700753,2
T0005700754,3
T0005700756,2
T0005700757,3
T0005700758,2
T0005700759,2
T0005700760,2
T0005700762,3
T0005700763,1
T0005700766,3
T0005700767,2
T0005700770,1
T0005700771,3
T0005700772,2
T0005700774,2
T0005700775,2
T0005700780,2
T0005700781,3
T0005700783,1
T0005700785,3
T0005700789,2
T0005700790,3
T0005700792,2
T0005700794,1
T0005700800,2
T0005700801,1
T0005700802,2
T0005700804,1
T0005700805,2
T0005700806,3
T0005700809,2
T0005700810,2
T0005700811,2
T0005700813,2
T0005700818,1
T0005700821,2
T0005700827,3
T0005700838,2
T0005700843,2
T0005700847,2
T0005700848,3
T0005700852,3
T0005700854,3
T0005700855,2
T0005700856,2
T0005700857,3
T0005700859,3
T0005700860,2
T0005700861,3
T0005700863,3
T0005700866,1
T0005700870,2
T0005700874,2
T0005700875,1
T0005700876,1
T0005700878,2
T0005700879,3
T0005700881,2
T0005700882,2
T0005700884,3
T0005700885,3
T0005700888,1
T0005700889,1
T0005700892,2
T0005700893,3
T0005700895,2
T0005700896,3
T0005700897,3
T0005700899,3
T0005700900,1
T0005700902,1
T0005700904,1
T0005700905,2
T0005700906,3
T0005700909,1
T0005700911,3
T0005700912,3
T0005700913,3
T0005700920,1
T0005700921,3
T0005700922,2
T0005700923,2
T0005700926,3
T0005700927,2
T0005700929,1
T0005700930,2
T0005700933,3
T0005700936,2
T0005700940,3
T0005700941,3
T0005700944,3
T0005700945,3
T0005700949,1
T0005700952,1
T0005700958,2
T0005700959,2
T0005700961,1
T0005700962,2
T0005700965,2
T0005700966,2
T0005700967,2
T0005700969,3
T0005700971,3
T0005700972,2
T0005700975,3
T0005700984,3
T0005700985,1
T0005700986,2
T0005700987,3
T0005700990,3
T0005700992,1
T0005700996,3
T0005700998,2
T0005701002,2
T0005701005,1
T0005701007,2
T0005701010,1
T0005701011,1
T0005701013,3
T0005701017,2
T0005701025,3
T0005701028,1
T0005701035,3
T0005701037,2
T0005701038,2
T0005701039,2
T0005701043,2
T0005701045,3
T0005701047,2
T0005701048,2
T0005701050,3
T0005701057,2
T0005701058,3
T0005701059,2
T0005701060,3
T0005701061,1
T0005701062,2
T0005701063,2
T0005701066,2
T0005701068,2
T0005701071,2
T0005701074,1
T0005701075,2
T0005701077,3
T0005701078,2
T0005701080,2
T0005701081,2
T0005701082,2
T0005701083,2
T0005701084,3
T0005701086,1
T0005701087,3
T0005701088,3
T0005701090,2
T0005701096,3
T0005701098,2
T0005701101,3
T0005701103,2
T0005701106,1
T0005701110,2
T0005701117,1
T0005701124,2
T0005701129,1
T0005701130,1
T0005701132,1
T0005701137,2
T0005701140,2
T0005701146,2
T0005701158,1
T0005701159,2
T0005701162,3
T0005701163,2
T0005701169,3
T0005701170,1
T0005701171,1
T0005701176,2
T0005701178,1
T0005701180,3
T0005701183,3
T0005701185,3
T0005701187,2
T0005701191,2
T0005701194,3
T0005701195,2
T0005701200,1
T0005701207,2
T0005701213,2
T0005701227,2
T0005701232,1
T0005701233,1
T0005701234,3
T0005701236,3
T0005701237,2
T0005701239,2
T0005701240,2
T0005701242,2
T0005701243,2
T0005701244,2
T0005701247,2
T0005701248,3
T0005701259,2
T0005701261,2
T0005701262,2
T0005701268,1
T0005701269,1
T0005701276,1
T0005701277,1
T0005701278,3
T0005701281,1
T0005701283,1
T0005701284,1
T0005701287,1
T0005701291,1
T0005701295,2
T0005701296,2
T0005701297,3
T0005701299,2
T0005701308,3
T0005701309,2
T0005701310,3
T0005701311,3
T0005701313,3
T0005701316,2
T0005701318,2
T0005701319,3
T0005701320,2
T0005701321,2
T0005701322,2
T0005701323,2
T0005701325,3
T0005701327,2
T0005701329,1
T0005701331,1
T0005701333,2
T0005701337,3
T0005701339,1
T0005701342,2
T0005701345,3
T0005701350,1
T0005701353,3
T0005701354,3
T0005701355,3
T0005701357,1
T0005701358,3
T0005701361,2
T0005701369,1
T0005701370,2
T0005701372,1
T0005701376,2
T0005701386,2
T0005701387,2
T0005701389,2
T0005701394,3
T0005701396,3
T0005701407,2
T0005701411,2
T0005701413,3
T0005701415,2
T0005701416,2
T0005701417,2
T0005701418,3
T0005701420,1
T0005701421,3
T0005701423,3
T0005701427,1
T0005701428,1
T0005701429,2
T0005701430,2
T0005701431,3
T0005701433,2
T0005701438,2
T0005701440,2
T0005701441,2
T0005701444,1
T0005701448,3
T0005701449,3
T0005701451,3
T0005701454,1
T0005701456,2
T0005701457,1
T0005701463,3
T0005701466,2
T0005701467,2
T0005701468,3
T0005701469,1
T0005701470,3
T0005701472,2
T0005701473,3
T0005701475,2
T0005701479,2
T0005701482,3
T0005701485,1
T0005701488,3
T0005701491,2
T0005701492,2
T0005701495,3
T0005701496,2
T0005701497,1
T0005701498,2
T0005701501,2
T0005701505,2
T0005701509,1
T0005701512,3
T0005701515,3
T0005701516,2
T0005701517,3
T0005701518,3
T0005701519,1
T0005701523,2
T0005701524,2
T0005701525,1
T0005701529,3
T0005701531,3
T0005701532,2
T0005701533,3
T0005701536,1
T0005701538,2
T0005701542,2
T0005701547,3
T0005701548,1
T0005701549,2
T0005701554,2
T0005701559,2
T0005701561,1
T0005701562,3
T0005701563,1
T0005701564,3
T0005701567,2
T0005701568,2
T0005701569,2
T0005701576,3
T0005701578,2
T0005701581,3
T0005701584,3
T0005701587,2
T0005701589,2
T0005701590,1
T0005701591,3
T0005701592,1
T0005701593,2
T0005701594,3
T0005701595,2
T0005701597,2
T0005701604,1
T0005701606,1
T0005701609,2
T0005701611,2
T0005701612,3
T0005701624,1
T0005701632,2
T0005701635,1
T0005701638,3
T0005701640,2
T0005701641,2
T0005701643,3
T0005701645,2
T0005701646,1
T0005701650,2
T0005701652,2
T0005701656,3
T0005701661,2
T0005701664,1
T0005701669,2
T0005701673,2
T0005701679,2
T0005701680,2
T0005701683,3
T0005701687,3
T0005701689,2
T0005701690,2
T0005701692,3
T0005701700,2
T0005701701,2
T0005701703,3
T0005701704,1
T0005701707,1
T0005701708,3
T0005701712,3
T0005701714,1
T0005701715,1
T0005701716,1
T0005701719,2
T0005701720,2
T0005701722,3
T0005701725,3
T0005701731,2
T0005701736,1
T0005701737,1
T0005701738,3
T0005701740,1
T0005701744,3
T0005701748,1
T0005701749,2
T0005701750,3
T0005701751,2
T0005701754,1
T0005701759,2
T0005701761,2
T0005701765,2
T0005701766,2
T0005701770,2
T0005701773,3
T0005701778,1
T0005701781,2
T0005701782,1
T0005701785,2
T0005701787,1
T0005701788,1
T0005701790,1
T0005701794,2
T0005701799,2
T0005701800,3
T0005701803,3
T0005701804,3
T0005701806,3
T0005701807,2
T0005701809,2
T0005701811,1
T0005701814,2
T0005701815,2
T0005701817,1
T0005701821,1
T0005701822,1
T0005701824,2
T0005701827,1
T0005701830,3
T0005701831,2
T0005701834,3
T0005701836,3
T0005701841,2
T0005701843,3
T0005701849,2
T0005701857,3
T0005701859,2
T0005701861,3
T0005701866,2
T0005701868,1
T0005701871,3
T0005701872,2
T0005701874,2
T0005701875,3
T0005701877,1
T0005701880,1
T0005701881,2
T0005701883,1
T0005701885,3
T0005701890,2
T0005701891,2
T0005701894,2
T0005701897,1
T0005701900,3
T0005701904,2
T0005701905,2
T0005701906,3
T0005701907,3
T0005701908,3
T0005701909,3
T0005701910,2
T0005701911,2
T0005701912,2
T0005701913,3
T0005701917,3
T0005701921,2
T0005701926,1
T0005701927,2
T0005701930,3
T0005701935,2
T0005701937,2
T0005701940,3
T0005701947,1
T0005701956,3
T0005701957,1
T0005701958,3
T0005701961,2
T0005701969,3
T0005701972,3
T0005701973,2
T0005701978,1
T0005701979,1
T0005701982,1
T0005701984,3
T0005701985,2
T0005701987,2
T0005701989,2
T0005701995,3
T0005701996,3
T0005702000,2
T0005702008,3
T0005702010,2
T0005702012,1
T0005702014,2
T0005702017,1
T0005702021,1
T0005702022,3
T0005702026,1
T0005702033,1
T0005702037,3
T0005702038,2
T0005702041,2
T0005702046,2
T0005702057,2
T0005702059,2
T0005702061,2
T0005702062,2
T0005702066,1
T0005702067,1
T0005702069,2
T0005702074,1
T0005702075,2
T0005702078,2
T0005702079,3
T0005702081,3
T0005702086,2
T0005702088,2
T0005702089,2
T0005702092,1
T0005702093,2
T0005702097,2
T0005702099,1
T0005702101,2
T0005702102,1
T0005702106,3
T0005702108,1
T0005702109,3
T0005702110,2
T0005702112,2
T0005702113,1
T0005702116,2
T0005702117,3
T0005702123,2
T0005702125,2
T0005702126,3
T0005702127,3
T0005702129,1
T0005702136,2
T0005702142,1
T0005702143,3
T0005702144,2
T0005702146,1
T0005702147,2
T0005702148,2
T0005702151,2
T0005702158,1
T0005702160,2
T0005702164,2
T0005702165,2
T0005702167,3
T0005702169,3
T0005702170,1
T0005702172,2
T0005702173,1
T0005702174,2
T0005702178,2
T0005702180,3
T0005702185,3
T0005702188,3
T0005702194,3
T0005702195,3
T0005702199,3
T0005702200,3
T0005702203,2
T0005702204,3
T0005702206,3
T0005702207,1
T0005702209,3
T0005702211,1
T0005702212,2
T0005702215,3
T0005702221,2
T0005702223,2
T0005702224,2
T0005702228,2
T0005702230,3
T0005702231,1
T0005702233,2
T0005702236,2
T0005702238,3
T0005702243,3
T0005702250,2
T0005702255,2
T0005702257,3
T0005702262,3
T0005702265,2
T0005702266,2
T0005702267,3
T0005702268,1
T0005702269,2
T0005702273,2
T0005702276,3
T0005702278,2
T0005702279,2
T0005702280,3
T0005702284,2
T0005702292,3
T0005702294,3
T0005702295,2
T0005702296,1
T0005702298,3
T0005702301,2
T0005702305,1
T0005702306,2
T0005702312,2
T0005702314,3
T0005702317,3
T0005702320,2
T0005702322,2
T0005702325,3
T0005702328,3
T0005702331,3
T0005702332,3
T0005702334,1
T0005702337,3
T0005702339,2
T0005702341,1
T0005702342,2
T0005702343,1
T0005702344,2
T0005702346,2
T0005702352,2
T0005702355,3
T0005702360,2
T0005702362,2
T0005702364,1
T0005702366,1
T0005702367,3
T0005702370,3
T0005702375,1
T0005702380,3
T0005702381,2
T0005702384,2
T0005702385,2
T0005702386,2
T0005702387,3
T0005702388,3
T0005702390,2
T0005702391,2
T0005702393,3
T0005702395,3
T0005702397,2
T0005702399,3
T0005702405,2
T0005702410,3
T0005702414,2
T0005702416,3
T0005702418,3
T0005702420,2
T0005702425,2
T0005702430,1
T0005702433,2
T0005702439,2
T0005702442,2
T0005702443,3
T0005702446,2
T0005702447,2
T0005702449,1
T0005702451,3
T0005702454,2
T0005702455,1
T0005702456,3
T0005702457,2
T0005702458,1
T0005702460,3
T0005702461,2
T0005702462,1
T0005702463,2
T0005702465,2
T0005702466,1
T0005702469,3
T0005702470,2
T0005702472,2
T0005702474,2
T0005702484,3
T0005702485,3
T0005702494,2
T0005702496,2
T0005702497,1
T0005702498,1
T0005702504,2
T0005702506,2
T0005702509,3
T0005702512,2
T0005702513,3
T0005702516,2
T0005702518,3
T0005702520,2
T0005702522,1
T0005702525,2
T0005702527,3
T0005702528,3
T0005702531,1
T0005702532,3
T0005702535,3
T0005702538,1
T0005702539,1
T0005702540,1
T0005702541,3
T0005702544,2
T0005702551,1
T0005702555,3
T0005702556,3
T0005702566,3
T0005702567,2
T0005702568,2
T0005702572,3
T0005702573,2
T0005702575,2
T0005702576,2
T0005702578,2
T0005702580,2
T0005702585,3
T0005702586,3
T0005702590,2
T0005702592,3
T0005702594,2
T0005702597,2
T0005702599,2
T0005702602,2
T0005702605,2
T0005702608,3
T0005702609,2
T0005702611,3
T0005702613,1
T0005702614,3
T0005702618,3
T0005702619,2
T0005702620,3
T0005702621,2
T0005702626,1
T0005702628,1
T0005702629,1
T0005702631,2
T0005702632,2
T0005702633,2
T0005702634,2
T0005702635,2
T0005702640,2
T0005702641,3
T0005702642,3
T0005702643,2
T0005702644,2
T0005702648,2
T0005702650,2
T0005702651,2
T0005702653,3
T0005702659,3
T0005702662,2
T0005702663,2
T0005702665,2
T0005702670,3
T0005702671,2
T0005702672,1
T0005702673,2
T0005702675,2
T0005702676,1
T0005702677,1
T0005702688,1
T0005702689,3
T0005702691,2
T0005702692,2
T0005702693,2
T0005702695,2
T0005702698,2
T0005702699,3
T0005702701,1
T0005702704,2
T0005702712,1
T0005702714,2
T0005702715,2
T0005702716,2
T0005702719,2
T0005702720,3
T0005702721,2
T0005702723,3
T0005702724,2
T0005702726,2
T0005702728,2
T0005702732,2
T0005702734,2
T0005702736,2
T0005702738,1
T0005702739,2
T0005702755,2
T0005702756,3
T0005702757,2
T0005702761,2
T0005702762,2
T0005702763,1
T0005702766,1
T0005702767,2
T0005702768,2
T0005702773,1
T0005702774,3
T0005702776,1
T0005702782,3
T0005702784,2
T0005702785,1
T0005702789,2
T0005702792,2
T0005702794,2
T0005702795,2
T0005702797,3
T0005702800,2
T0005702801,2
T0005702807,3
T0005702811,2
T0005702815,2
T0005702821,3
T0005702822,3
T0005702825,3
T0005702835,2
T0005702845,2
T0005702847,2
T0005702851,3
T0005702854,2
T0005702855,3
T0005702857,2
T0005702860,2
T0005702862,2
T0005702866,3
T0005702867,1
T0005702868,1
T0005702869,3
T0005702872,3
T0005702878,3
T0005702880,3
T0005702885,3
T0005702889,3
T0005702890,2
T0005702891,2
T0005702893,2
T0005702895,2
T0005702898,1
T0005702903,2
T0005702905,3
T0005702906,2
T0005702909,2
T0005702910,1
T0005702913,2
T0005702914,3
T0005702922,1
T0005702928,2
T0005702929,2
T0005702930,2
T0005702931,2
T0005702933,1
T0005702939,1
T0005702941,2
T0005702942,2
T0005702944,1
T0005702946,3
T0005702947,3
T0005702950,2
T0005702951,3
T0005702953,2
T0005702954,3
T0005702956,1
T0005702957,3
T0005702958,3
T0005702959,3
T0005702962,1
T0005702964,3
T0005702967,3
T0005702968,1
T0005702974,3
T0005702976,2
T0005702978,1
T0005702980,3
T0005702981,1
T0005702982,2
T0005702983,2
T0005702985,2
T0005702987,1
T0005702990,2
T0005702992,2
T0005703004,3
T0005703006,1
T0005703007,2
T0005703011,3
T0005703012,2
T0005703013,2
T0005703014,1
T0005703015,3
T0005703016,3
T0005703017,3
T0005703020,1
T0005703023,3
T0005703024,2
T0005703031,2
T0005703034,1
T0005703035,2
T0005703036,1
T0005703040,2
T0005703041,1
T0005703042,3
T0005703048,2
T0005703049,3
T0005703051,3
T0005703055,3
T0005703063,1
T0005703066,2
T0005703070,2
T0005703071,3
T0005703076,2
T0005703077,2
T0005703080,2
T0005703084,1
T0005703087,2
T0005703088,3
T0005703089,2
T0005703090,2
T0005703093,2
T0005703094,2
T0005703099,3
T0005703100,3
T0005703101,2
T0005703103,1
T0005703104,3
T0005703106,2
T0005703107,1
T0005703108,2
T0005703109,1
T0005703110,2
T0005703111,1
T0005703113,2
T0005703115,2
T0005703116,3
T0005703118,3
T0005703119,2
T0005703122,3
T0005703124,2
T0005703128,3
T0005703130,3
T0005703132,2
T0005703140,3
T0005703144,1
T0005703145,2
T0005703148,2
T0005703150,1
T0005703153,1
T0005703157,1
T0005703158,2
T0005703161,2
T0005703162,1
T0005703163,2
T0005703164,2
T0005703166,3
T0005703173,3
T0005703177,2
T0005703181,2
T0005703183,3
T0005703184,1
T0005703186,1
T0005703188,3
T0005703190,1
T0005703191,2
T0005703192,1
T0005703194,2
T0005703195,2
T0005703197,3
T0005703202,3
T0005703204,3
T0005703213,2
T0005703216,2
T0005703220,2
T0005703222,3
T0005703223,3
T0005703224,1
T0005703226,3
T0005703232,3
T0005703234,1
T0005703236,2
T0005703237,2
T0005703238,2
T0005703239,1
T0005703242,2
T0005703245,3
T0005703246,1
T0005703252,1
T0005703253,3
T0005703259,2
T0005703260,2
T0005703263,3
T0005703265,3
T0005703268,2
T0005703269,3
T0005703270,1
T0005703271,2
T0005703272,3
T0005703274,2
T0005703276,3
T0005703279,2
T0005703282,2
T0005703290,2
T0005703294,3
T0005703295,3
T0005703296,1
T0005703297,2
T0005703298,2
T0005703300,2
T0005703301,1
T0005703305,1
T0005703310,2
T0005703315,3
T0005703316,1
T0005703318,2
T0005703328,1
T0005703329,2
T0005703331,2
T0005703335,2
T0005703338,3
T0005703339,2
T0005703341,3
T0005703342,3
T0005703345,2
T0005703351,2
T0005703355,2
T0005703359,2
T0005703360,2
T0005703363,3
T0005703365,2
T0005703366,3
T0005703368,2
T0005703372,3
T0005703373,3
T0005703378,2
T0005703380,2
T0005703381,2
T0005703383,3
T0005703385,2
T0005703387,2
T0005703389,2
T0005703391,3
T0005703395,2
T0005703398,3
T0005703399,3
T0005703402,1
T0005703403,1
T0005703404,3
T0005703405,3
T0005703407,3
T0005703408,2
T0005703409,2
T0005703412,2
T0005703413,3
T0005703414,2
T0005703415,3
T0005703417,1
T0005703418,3
T0005703421,2
T0005703422,3
T0005703424,3
T0005703429,3
T0005703430,2
T0005703432,2
T0005703433,3
T0005703436,2
T0005703443,1
T0005703448,2
T0005703449,3
T0005703453,2
T0005703456,2
T0005703457,3
T0005703458,2
T0005703459,3
T0005703460,2
T0005703464,2
T0005703467,2
T0005703473,2
T0005703477,2
T0005703482,3
T0005703485,2
T0005703488,2
T0005703491,3
T0005703492,3
T0005703496,1
T0005703500,3
T0005703501,1
T0005703505,1
T0005703512,2
T0005703513,2
T0005703517,2
T0005703519,1
T0005703520,2
T0005703522,2
T0005703524,3
T0005703526,2
T0005703528,1
T0005703530,2
T0005703536,3
T0005703539,2
T0005703540,2
T0005703545,1
T0005703549,2
T0005703550,2
T0005703551,1
T0005703553,1
T0005703555,1
T0005703557,3
T0005703558,3
T0005703559,2
T0005703561,2
T0005703562,1
T0005703563,2
T0005703564,2
T0005703566,2
T0005703567,1
T0005703568,2
T0005703570,2
T0005703571,2
T0005703574,2
T0005703575,3
T0005703581,2
T0005703583,1
T0005703585,1
T0005703588,3
T0005703589,3
T0005703591,2
T0005703592,3
T0005703594,1
T0005703596,1
T0005703607,2
T0005703610,3
T0005703616,2
T0005703619,2
T0005703624,2
T0005703626,2
T0005703628,2
T0005703630,2
T0005703633,1
T0005703636,1
T0005703642,1
T0005703643,2
T0005703652,2
T0005703653,2
T0005703654,1
T0005703656,2
T0005703657,1
T0005703659,2
T0005703660,2
T0005703662,2
T0005703663,1
T0005703668,2
T0005703671,2
T0005703673,2
T0005703674,2
T0005703684,2
T0005703685,2
T0005703687,2
T0005703689,2
T0005703693,2
T0005703694,2
T0005703696,2
T0005703697,2
T0005703698,1
T0005703699,3
T0005703700,3
T0005703701,1
T0005703706,1
T0005703711,2
T0005703712,1
T0005703713,3
T0005703714,3
T0005703716,3
T0005703718,1
T0005703722,3
T0005703723,2
T0005703725,1
T0005703727,3
T0005703729,1
T0005703730,2
T0005703731,3
T0005703733,3
T0005703734,1
T0005703735,2
T0005703738,2
T0005703744,2
T0005703745,1
T0005703754,2
T0005703755,1
T0005703756,2
T0005703759,1
T0005703766,1
T0005703771,3
T0005703774,1
T0005703780,2
T0005703784,2
T0005703798,2
T0005703799,1
T0005703803,1
T0005703804,2
T0005703807,2
T0005703812,1
T0005703814,3
T0005703820,2
T0005703822,3
T0005703824,3
T0005703826,3
T0005703829,1
T0005703830,3
T0005703833,2
T0005703835,3
T0005703837,3
T0005703838,2
T0005703840,1
T0005703842,2
T0005703844,2
T0005703848,2
T0005703849,2
T0005703851,3
T0005703852,2
T0005703853,2
T0005703855,2
T0005703858,2
T0005703861,2
T0005703862,1
T0005703865,2
T0005703866,2
T0005703867,2
T0005703868,1
T0005703869,3
T0005703870,3
T0005703875,2
T0005703879,2
T0005703882,2
T0005703883,2
T0005703886,3
T0005703890,1
T0005703892,3
T0005703893,1
T0005703895,1
T0005703898,2
T0005703899,3
T0005703901,2
T0005703902,1
T0005703903,3
T0005703905,1
T0005703908,1
T0005703914,2
T0005703919,2
T0005703920,2
T0005703923,2
T0005703925,3
T0005703927,3
T0005703929,1
T0005703930,2
T0005703933,2
T0005703935,2
T0005703936,2
T0005703943,2
T0005703944,1
T0005703945,2
T0005703946,2
T0005703947,1
T0005703948,3
T0005703949,3
T0005703951,3
T0005703953,2
T0005703961,2
T0005703962,3
T0005703964,3
T0005703966,3
T0005703968,3
T0005703970,1
T0005703973,3
T0005703974,2
T0005703979,2
T0005703981,1
T0005703983,3
T0005703988,2
T0005703991,2
T0005703993,1
T0005703994,2
T0005703996,1
T0005703997,3
T0005704001,3
T0005704003,2
T0005704005,2
T0005704006,2
T0005704007,1
T0005704008,1
T0005704012,3
T0005704014,2
T0005704018,2
T0005704019,2
T0005704021,2
T0005704026,2
T0005704027,3
T0005704035,2
T0005704037,3
T0005704039,3
T0005704040,2
T0005704044,2
T0005704047,3
T0005704059,2
T0005704060,2
T0005704063,1
T0005704064,3
T0005704065,2
T0005704067,1
T0005704069,1
T0005704070,2
T0005704075,1
T0005704080,3
T0005704084,1
T0005704085,2
T0005704086,2
T0005704087,3
T0005704088,1
T0005704092,2
T0005704095,2
T0005704098,3
T0005704099,3
T0005704101,2
T0005704106,1
T0005704107,2
T0005704108,3
T0005704113,3
T0005704114,2
T0005704119,3
T0005704120,3
T0005704123,2
T0005704125,2
T0005704128,2
T0005704130,1
T0005704132,2
T0005704133,3
T0005704135,2
T0005704137,2
T0005704139,1
T0005704141,3
T0005704143,1
T0005704144,1
T0005704145,3
T0005704148,2
T0005704150,3
T0005704151,3
T0005704154,2
T0005704157,1
T0005704161,2
T0005704165,2
T0005704170,3
T0005704171,2
T0005704179,1
T0005704190,2
T0005704201,1
T0005704202,3
T0005704203,2
T0005704205,1
T0005704206,3
T0005704208,1
T0005704210,3
T0005704212,2
T0005704214,3
T0005704216,2
T0005704217,1
T0005704220,3
T0005704225,3
T0005704227,3
T0005704231,2
T0005704233,3
T0005704235,3
T0005704236,2
T0005704239,3
T0005704242,1
T0005704244,3
T0005704245,1
T0005704247,3
T0005704251,1
T0005704253,1
T0005704254,3
T0005704257,1
T0005704263,1
T0005704264,2
T0005704266,2
T0005704267,2
T0005704268,3
T0005704273,3
T0005704275,3
T0005704277,3
T0005704281,2
T0005704283,1
T0005704286,3
T0005704289,3
T0005704293,2
T0005704299,2
T0005704300,2
T0005704302,2
T0005704304,3
T0005704306,2
T0005704307,3
T0005704313,3
T0005704314,3
T0005704322,2
T0005704325,1
T0005704327,2
T0005704329,1
T0005704330,2
T0005704333,3
T0005704335,3
T0005704336,2
T0005704337,3
T0005704343,1
T0005704351,2
T0005704354,2
T0005704357,2
T0005704359,3
T0005704362,2
T0005704364,3
T0005704365,3
T0005704367,3
T0005704372,1
T0005704374,2
T0005704380,3
T0005704383,2
T0005704385,2
T0005704386,2
T0005704387,3
T0005704390,1
T0005704392,2
T0005704396,2
T0005704397,3
T0005704398,3
T0005704401,2
T0005704403,1
T0005704404,2
T0005704409,2
T0005704411,2
T0005704412,1
T0005704419,3
T0005704420,1
T0005704421,1
T0005704423,2
T0005704426,3
T0005704428,1
T0005704431,2
T0005704440,1
T0005704441,3
T0005704442,1
T0005704445,2
T0005704450,3
T0005704453,1
T0005704454,1
T0005704455,3
T0005704456,2
T0005704457,3
T0005704460,2
T0005704462,1
T0005704465,2
T0005704468,3
T0005704469,1
T0005704475,2
T0005704481,3
T0005704484,1
T0005704494,2
T0005704495,2
T0005704496,3
T0005704498,3
T0005704499,3
T0005704501,3
T0005704503,2
T0005704506,2
T0005704508,2
T0005704510,2
T0005704511,2
T0005704514,1
T0005704516,2
T0005704519,2
T0005704521,2
T0005704523,2
T0005704525,3
T0005704527,2
T0005704530,2
T0005704532,2
T0005704539,1
T0005704542,2
T0005704543,2
T0005704546,2
T0005704547,2
T0005704551,3
T0005704552,1
T0005704554,2
T0005704557,3
T0005704560,3
T0005704562,1
T0005704569,2
T0005704576,2
T0005704577,3
T0005704578,2
T0005704579,2
T0005704580,2
T0005704583,2
T0005704584,1
T0005704586,3
T0005704593,2
T0005704601,2
T0005704604,2
T0005704607,3
T0005704611,3
T0005704618,2
T0005704619,2
T0005704620,3
T0005704622,3
T0005704623,1
T0005704626,1
T0005704631,2
T0005704632,2
T0005704634,3
T0005704635,2
T0005704637,2
T0005704641,2
T0005704646,3
T0005704648,3
T0005704652,3
T0005704654,2
T0005704655,3
T0005704657,2
T0005704661,3
T0005704667,3
T0005704670,1
T0005704675,2
T0005704677,2
T0005704679,1
T0005704681,3
T0005704682,2
T0005704683,1
T0005704684,2
T0005704686,2
T0005704687,3
T0005704688,3
T0005704693,1
T0005704694,3
T0005704696,2
T0005704698,2
T0005704699,2
T0005704700,1
T0005704702,2
T0005704706,2
T0005704710,2
T0005704711,2
T0005704712,3
T0005704714,1
T0005704720,3
T0005704727,2
T0005704729,2
T0005704730,2
T0005704733,3
T0005704734,2
T0005704735,1
T0005704741,2
T0005704742,1
T0005704743,3
T0005704747,1
T0005704749,3
T0005704750,3
T0005704753,2
T0005704754,1
T0005704760,2
T0005704761,3
T0005704762,3
T0005704765,2
T0005704766,3
T0005704768,3
T0005704770,1
T0005704772,3
T0005704776,1
T0005704778,3
T0005704779,3
T0005704781,3
T0005704782,3
T0005704785,1
T0005704788,3
T0005704791,2
T0005704796,3
T0005704797,1
T0005704798,2
T0005704802,3
T0005704804,2
T0005704807,2
T0005704809,2
T0005704810,2
T0005704811,2
T0005704813,2
T0005704814,2
T0005704815,2
T0005704819,3
T0005704822,1
T0005704823,1
T0005704825,2
T0005704828,3
T0005704830,1
T0005704831,3
T0005704833,2
T0005704836,3
T0005704838,2
T0005704839,3
T0005704841,2
T0005704844,2
T0005704845,3
T0005704850,2
T0005704852,3
T0005704854,3
T0005704856,3
T0005704857,1
T0005704860,3
T0005704863,1
T0005704864,2
T0005704868,3
T0005704871,1
T0005704872,2
T0005704878,2
T0005704879,1
T0005704882,2
T0005704884,3
T0005704885,2
T0005704888,2
T0005704889,2
T0005704890,3
T0005704891,2
T0005704893,2
T0005704896,2
T0005704899,3
T0005704900,2
T0005704904,2
T0005704906,2
T0005704908,2
T0005704910,2
T0005704916,2
T0005704919,2
T0005704921,2
T0005704922,2
T0005704925,2
T0005704926,2
T0005704927,1
T0005704928,3
T0005704933,3
T0005704934,3
T0005704936,3
T0005704941,2
T0005704943,2
T0005704947,2
T0005704949,3
T0005704950,1
T0005704951,2
T0005704952,3
T0005704956,1
T0005704957,2
T0005704958,2
T0005704962,2
T0005704964,1
T0005704967,2
T0005704968,3
T0005704969,2
T0005704972,3
T0005704973,2
T0005704974,3
T0005704975,2
T0005704981,2
T0005704982,2
T0005704986,3
T0005704990,1
T0005704991,3
T0005704995,3
T0005704996,2
T0005704998,1
T0005705002,2
T0005705006,1
T0005705007,3
T0005705009,1
T0005705010,3
T0005705022,2
T0005705025,3
T0005705026,1
T0005705027,2
T0005705028,3
T0005705031,2
T0005705032,1
T0005705033,1
T0005705037,1
T0005705039,2
T0005705043,2
T0005705048,3
T0005705050,2
T0005705051,2
T0005705052,3
T0005705053,3
T0005705059,2
T0005705060,2
T0005705062,2
T0005705064,2
T0005705066,1
T0005705068,3
T0005705073,3
T0005705075,3
T0005705077,3
T0005705079,2
T0005705083,3
T0005705085,3
T0005705087,2
T0005705088,2
T0005705089,2
T0005705092,2
T0005705094,3
T0005705097,3
T0005705099,3
T0005705103,2
T0005705111,1
T0005705112,3
T0005705114,1
T0005705116,3
T0005705123,3
T0005705125,2
T0005705130,2
T0005705133,2
T0005705134,2
T0005705141,2
T0005705144,2
T0005705146,3
T0005705149,1
T0005705150,1
T0005705154,2
T0005705156,3
T0005705157,2
T0005705162,3
T0005705164,1
T0005705165,2
T0005705168,3
T0005705170,2
T0005705173,1
T0005705174,2
T0005705175,2
T0005705178,2
T0005705180,2
T0005705181,2
T0005705183,2
T0005705184,2
T0005705188,2
T0005705190,2
T0005705191,2
T0005705192,2
T0005705193,2
T0005705194,1
T0005705198,3
T0005705201,2
T0005705202,1
T0005705205,2
T0005705211,3
T0005705212,1
T0005705214,3
T0005705215,2
T0005705216,2
T0005705218,1
T0005705221,3
T0005705222,1
T0005705223,3
T0005705224,3
T0005705225,3
T0005705227,2
T0005705229,1
T0005705230,1
T0005705231,1
T0005705232,2
T0005705235,3
T0005705238,2
T0005705240,3
T0005705246,2
T0005705247,2
T0005705248,1
T0005705249,1
T0005705253,3
T0005705256,2
T0005705258,2
T0005705260,2
T0005705261,2
T0005705262,1
T0005705266,2
T0005705267,1
T0005705273,3
T0005705275,1
T0005705278,3
T0005705280,3
T0005705281,2
T0005705282,2
T0005705283,2
T0005705288,2
T0005705289,1
T0005705292,2
T0005705293,3
T0005705295,2
T0005705299,2
T0005705300,2
T0005705302,3
T0005705303,1
T0005705304,3
T0005705306,3
T0005705310,2
T0005705313,3
T0005705319,3
T0005705323,2
T0005705325,2
T0005705330,2
T0005705332,3
T0005705335,2
T0005705339,2
T0005705344,2
T0005705346,2
T0005705350,2
T0005705352,2
T0005705368,2
T0005705369,3
T0005705370,2
T0005705373,3
T0005705374,3
T0005705376,2
T0005705379,2
T0005705382,3
T0005705383,3
T0005705384,2
T0005705385,2
T0005705387,3
T0005705389,3
T0005705391,2
T0005705393,2
T0005705398,3
T0005705405,2
T0005705406,2
T0005705408,1
T0005705410,3
T0005705412,2
T0005705416,1
T0005705417,2
T0005705420,3
T0005705426,3
T0005705437,2
T0005705439,2
T0005705441,1
T0005705443,3
T0005705447,3
T0005705457,2
T0005705459,1
T0005705463,3
T0005705464,2
T0005705466,1
T0005705469,3
T0005705470,1
T0005705475,2
T0005705477,3
T0005705480,1
T0005705482,1
T0005705483,2
T0005705486,3
T0005705500,1
T0005705501,3
T0005705505,2
T0005705507,3
T0005705511,2
T0005705514,2
T0005705515,1
T0005705516,2
T0005705517,2
T0005705518,3
T0005705519,2
T0005705522,2
T0005705523,3
T0005705525,2
T0005705527,1
T0005705529,2
T0005705530,2
T0005705532,2
T0005705535,2
T0005705536,1
T0005705537,1
T0005705538,3
T0005705539,1
T0005705541,3
T0005705545,2
T0005705550,3
T0005705551,2
T0005705558,2
T0005705559,1
T0005705560,2
T0005705562,3
T0005705564,2
T0005705569,1
T0005705571,2
T0005705573,1
T0005705574,1
T0005705575,3
T0005705577,3
T0005705579,2
T0005705580,2
T0005705581,2
T0005705585,3
T0005705586,2
T0005705587,3
T0005705589,2
T0005705594,1
T0005705595,2
T0005705596,1
T0005705600,1
T0005705602,2
T0005705604,2
T0005705607,1
T0005705608,2
T0005705609,2
T0005705611,1
T0005705615,3
T0005705616,2
T0005705619,2
T0005705621,2
T0005705622,3
T0005705626,2
T0005705629,3
T0005705631,3
T0005705639,3
T0005705640,2
T0005705641,2
T0005705642,2
T0005705643,2
T0005705645,2
T0005705646,2
T0005705648,3
T0005705650,3
T0005705655,1
T0005705656,3
T0005705657,2
T0005705658,3
T0005705660,2
T0005705661,3
T0005705662,2
T0005705665,3
T0005705666,2
T0005705668,2
T0005705671,3
T0005705673,3
T0005705682,1
T0005705686,2
T0005705693,2
T0005705697,2
T0005705703,2
T0005705705,1
T0005705706,2
T0005705708,3
T0005705710,2
T0005705711,2
T0005705712,1
T0005705714,3
T0005705715,2
T0005705716,2
T0005705719,3
T0005705720,2
T0005705721,3
T0005705724,3
T0005705725,2
T0005705726,3
T0005705729,1
T0005705730,2
T0005705734,1
T0005705736,1
T0005705737,2
T0005705740,1
T0005705742,1
T0005705753,1
T0005705754,2
T0005705757,3
T0005705761,2
T0005705762,2
T0005705765,3
T0005705769,2
T0005705771,1
T0005705774,2
T0005705777,3
T0005705778,1
T0005705782,3
T0005705784,2
T0005705785,3
T0005705787,2
T0005705788,1
T0005705790,2
T0005705792,2
T0005705795,2
T0005705797,1
T0005705801,2
T0005705802,3
T0005705807,2
T0005705808,2
T0005705810,3
T0005705811,3
T0005705813,2
T0005705814,2
T0005705815,3
T0005705819,3
T0005705821,2
T0005705824,2
T0005705825,3
T0005705826,3
T0005705829,2
T0005705830,1
T0005705831,2
T0005705832,3
T0005705834,2
T0005705838,3
T0005705839,2
T0005705840,2
T0005705844,1
T0005705845,2
T0005705847,3
T0005705850,2
T0005705852,2
T0005705853,2
T0005705855,3
T0005705858,2
T0005705861,1
T0005705865,1
T0005705867,1
T0005705868,3
T0005705870,2
T0005705876,1
T0005705878,1
T0005705880,2
T0005705881,3
T0005705886,3
T0005705888,2
T0005705889,3
T0005705891,3
T0005705893,2
T0005705894,3
T0005705895,3
T0005705897,1
T0005705898,2
T0005705900,1
T0005705902,3
T0005705904,1
T0005705905,3
T0005705913,2
T0005705914,1
T0005705915,3
T0005705918,2
T0005705928,2
T0005705931,1
T0005705932,2
T0005705934,3
T0005705940,2
T0005705943,3
T0005705944,2
T0005705945,2
T0005705946,3
T0005705950,2
T0005705951,2
T0005705953,1
T0005705954,1
T0005705957,1
T0005705958,3
T0005705959,2
T0005705962,3
T0005705965,2
T0005705968,2
T0005705969,3
T0005705971,1
T0005705972,2
T0005705975,2
T0005705976,3
T0005705978,2
T0005705979,1
T0005705980,3
T0005705986,3
T0005705987,2
T0005705988,3
T0005705993,1
T0005705994,2
T0005705995,1
T0005705996,2
T0005705997,1
T0005706003,3
T0005706005,1
T0005706007,2
T0005706008,2
T0005706010,2
T0005706011,2
T0005706013,2
T0005706017,2
T0005706019,3
T0005706026,3
T0005706027,2
T0005706029,2
T0005706031,3
T0005706032,2
T0005706033,2
T0005706038,1
T0005706041,2
T0005706043,2
T0005706045,2
T0005706057,2
T0005706058,2
T0005706059,2
T0005706062,3
T0005706063,3
T0005706064,1
T0005706065,2
T0005706066,2
T0005706073,1
T0005706076,1
T0005706077,1
T0005706082,2
T0005706083,1
T0005706085,2
T0005706086,1
T0005706089,1
T0005706094,3
T0005706095,2
T0005706096,3
T0005706104,1
T0005706106,3
T0005706108,3
T0005706110,3
T0005706111,2
T0005706112,3
T0005706115,1
T0005706118,2
T0005706120,3
T0005706121,3
T0005706123,2
T0005706128,2
T0005706129,3
T0005706130,2
T0005706133,1
T0005706135,3
T0005706142,3
T0005706146,2
T0005706149,3
T0005706154,2
T0005706155,2
T0005706156,3
T0005706157,2
T0005706158,1
T0005706161,3
T0005706162,2
T0005706163,2
T0005706170,1
T0005706177,2
T0005706179,3
T0005706180,3
T0005706187,1
T0005706189,2
T0005706190,2
T0005706191,3
T0005706196,1
T0005706197,3
T0005706200,3
T0005706202,1
T0005706204,2
T0005706207,1
T0005706208,1
T0005706209,2
T0005706211,3
T0005706215,2
T0005706216,3
T0005706222,2
T0005706224,2
T0005706225,3
T0005706226,2
T0005706228,2
T0005706229,2
T0005706231,2
T0005706233,2
T0005706235,1
T0005706238,3
T0005706240,2
T0005706243,2
T0005706250,2
T0005706252,3
T0005706253,3
T0005706257,3
T0005706258,3
T0005706259,3
T0005706260,2
T0005706262,2
T0005706263,3
T0005706268,2
T0005706274,3
T0005706277,1
T0005706281,3
T0005706282,2
T0005706284,2
T0005706285,2
T0005706286,2
T0005706287,2
T0005706289,3
T0005706292,3
T0005706295,3
T0005706297,2
T0005706299,1
T0005706300,2
T0005706304,1
T0005706305,3
T0005706306,2
T0005706307,3
T0005706309,2
T0005706312,2
T0005706313,3
T0005706320,2
T0005706321,1
T0005706323,3
T0005706324,3
T0005706327,3
T0005706331,3
T0005706338,2
T0005706339,2
T0005706341,1
T0005706342,2
T0005706343,3
T0005706345,1
T0005706347,2
T0005706352,2
T0005706355,2
T0005706358,1
T0005706360,3
T0005706361,3
T0005706362,3
T0005706365,2
T0005706367,1
T0005706368,2
T0005706369,2
T0005706372,2
T0005706384,2
T0005706385,2
T0005706394,3
T0005706395,3
T0005706397,1
T0005706398,2
T0005706403,2
T0005706409,2
T0005706410,2
T0005706412,2
T0005706425,3
T0005706426,3
T0005706428,1
T0005706433,2
T0005706435,2
T0005706436,2
T0005706438,2
T0005706439,2
T0005706441,1
T0005706445,2
T0005706454,3
T0005706455,2
T0005706456,1
T0005706460,1
T0005706462,3
T0005706466,3
T0005706470,1
T0005706474,2
T0005706477,2
T0005706480,3
T0005706482,2
T0005706483,3
T0005706485,3
T0005706486,1
T0005706487,3
T0005706491,2
T0005706494,1
T0005706501,2
T0005706503,2
T0005706505,2
T0005706508,2
T0005706511,2
T0005706512,2
T0005706514,3
T0005706517,3
T0005706522,3
T0005706523,3
T0005706525,1
T0005706527,1
T0005706529,3
T0005706532,2
T0005706533,2
T0005706534,2
T0005706539,1
T0005706541,3
T0005706545,2
T0005706548,2
T0005706550,1
T0005706552,3
T0005706553,2
T0005706554,2
T0005706555,3
T0005706556,1
T0005706559,1
T0005706561,3
T0005706563,3
T0005706564,3
T0005706567,3
T0005706569,3
T0005706571,2
T0005706573,2
T0005706575,2
T0005706576,1
T0005706578,3
T0005706579,2
T0005706581,3
T0005706586,3
T0005706589,3
T0005706590,2
T0005706591,1
T0005706593,1
T0005706596,1
T0005706597,2
T0005706598,3
T0005706599,2
T0005706604,2
T0005706612,3
T0005706616,1
T0005706617,3
T0005706619,3
T0005706620,2
T0005706623,1
T0005706625,2
T0005706626,2
T0005706627,2
T0005706629,3
T0005706630,2
T0005706640,2
T0005706641,2
T0005706642,2
T0005706644,3
T0005706647,2
T0005706656,2
T0005706658,2
T0005706660,2
T0005706661,1
T0005706663,3
T0005706664,2
T0005706666,2
T0005706669,2
T0005706670,2
T0005706675,3
T0005706677,3
T0005706679,2
T0005706685,3
T0005706686,1
T0005706689,2
T0005706691,3
T0005706698,1
T0005706702,1
T0005706705,2
T0005706711,2
T0005706712,1
T0005706716,2
T0005706720,1
T0005706722,1
T0005706726,2
T0005706729,2
T0005706730,1
T0005706732,3
T0005706735,3
T0005706736,2
T0005706741,2
T0005706743,2
T0005706745,1
T0005706746,2
T0005706747,3
T0005706748,3
T0005706749,1
T0005706750,3
T0005706752,2
T0005706757,2
T0005706759,2
T0005706760,1
T0005706762,2
T0005706763,2
T0005706768,2
T0005706770,2
T0005706772,2
T0005706774,2
T0005706777,1
T0005706778,2
T0005706781,2
T0005706782,2
T0005706788,2
T0005706791,1
T0005706796,3
T0005706799,3
T0005706804,2
T0005706805,3
T0005706806,3
T0005706811,2
T0005706812,3
T0005706813,2
T0005706814,2
T0005706817,2
T0005706819,2
T0005706821,1
T0005706822,1
T0005706825,3
T0005706828,3
T0005706831,1
T0005706834,2
T0005706839,2
T0005706845,3
T0005706847,3
T0005706848,3
T0005706849,2
T0005706853,2
T0005706855,3
T0005706857,2
T0005706859,3
T0005706860,3
T0005706863,3
T0005706869,2
T0005706871,2
T0005706873,2
T0005706874,3
T0005706875,3
T0005706876,2
T0005706882,3
T0005706883,2
T0005706888,3
T0005706891,2
T0005706893,2
T0005706895,2
T0005706896,2
T0005706897,3
T0005706899,2
T0005706900,2
T0005706903,2
T0005706907,3
T0005706908,2
T0005706912,2
T0005706917,2
T0005706921,3
T0005706922,3
T0005706925,1
T0005706926,3
T0005706927,2
T0005706935,1
T0005706937,2
T0005706942,1
T0005706946,1
T0005706948,2
T0005706950,2
T0005706952,1
T0005706953,2
T0005706954,2
T0005706958,2
T0005706959,2
T0005706961,2
T0005706962,2
T0005706963,2
T0005706968,2
T0005706970,3
T0005706972,2
T0005706974,3
T0005706975,1
T0005706976,2
T0005706978,2
T0005706983,3
T0005706984,3
T0005706985,3
T0005706988,1
T0005706989,2
T0005706990,2
T0005706991,2
T0005706992,2
T0005706994,1
T0005706999,2
T0005707001,2
T0005707007,1
T0005707011,2
T0005707013,3
T0005707014,2
T0005707015,3
T0005707016,3
T0005707017,2
T0005707018,2
T0005707019,1
T0005707021,2
T0005707022,1
T0005707028,2
T0005707031,1
T0005707035,1
T0005707040,1
T0005707041,3
T0005707046,3
T0005707047,2
T0005707049,1
T0005707054,2
T0005707057,1
T0005707058,2
T0005707064,3
T0005707065,2
T0005707070,2
T0005707073,2
T0005707079,1
T0005707080,2
T0005707081,3
T0005707083,2
T0005707084,3
T0005707086,1
T0005707090,1
T0005707094,1
T0005707102,1
T0005707104,2
T0005707116,2
T0005707119,2
T0005707124,1
T0005707126,2
T0005707127,3
T0005707132,3
T0005707133,3
T0005707136,1
T0005707141,3
T0005707142,2
T0005707145,1
T0005707148,1
T0005707151,2
T0005707152,2
T0005707155,3
T0005707156,2
T0005707158,3
T0005707166,3
T0005707167,3
T0005707171,2
T0005707172,2
T0005707173,1
T0005707174,2
T0005707179,3
T0005707184,2
T0005707187,2
T0005707188,3
T0005707189,1
T0005707190,3
T0005707191,2
T0005707192,3
T0005707198,2
T0005707199,2
T0005707204,2
T0005707206,1
T0005707207,2
T0005707209,2
T0005707212,1
T0005707214,2
T0005707223,2
T0005707224,1
T0005707228,3
T0005707229,3
T0005707230,2
T0005707231,2
T0005707232,1
T0005707237,1
T0005707244,2
T0005707246,2
T0005707247,1
T0005707253,2
T0005707254,1
T0005707255,2
T0005707259,3
T0005707261,1
T0005707263,3
T0005707267,3
T0005707270,3
T0005707273,2
T0005707276,2
T0005707277,1
T0005707280,3
T0005707281,3
T0005707283,3
T0005707285,2
T0005707288,1
T0005707292,3
T0005707293,3
T0005707296,3
T0005707302,2
T0005707304,2
T0005707306,2
T0005707307,3
T0005707311,3
T0005707312,2
T0005707314,3
T0005707316,2
T0005707318,3
T0005707324,2
T0005707326,2
T0005707327,3
T0005707333,2
T0005707336,1
T0005707337,2
T0005707338,2
T0005707340,3
T0005707341,3
T0005707346,2
T0005707347,3
T0005707349,2
T0005707350,3
T0005707356,1
T0005707360,3
T0005707361,1
T0005707363,3
T0005707365,3
T0005707367,2
T0005707368,1
T0005707371,1
T0005707376,2
T0005707380,2
T0005707382,1
T0005707383,2
T0005707384,2
T0005707385,3
T0005707387,2
T0005707388,2
T0005707391,2
T0005707394,1
T0005707396,2
T0005707397,1
T0005707398,1
T0005707399,1
T0005707400,1
T0005707401,2
T0005707403,3
T0005707404,2
T0005707408,3
T0005707409,3
T0005707410,1
T0005707411,2
T0005707421,3
T0005707422,2
T0005707424,2
T0005707430,2
T0005707432,3
T0005707433,2
T0005707438,3
T0005707442,3
T0005707444,2
T0005707447,3
T0005707449,3
T0005707453,2
T0005707456,2
T0005707457,1
T0005707458,1
T0005707461,1
T0005707462,1
T0005707463,3
T0005707464,2
T0005707467,3
T0005707471,2
T0005707477,3
T0005707478,2
T0005707487,1
T0005707488,2
T0005707494,2
T0005707498,2
T0005707500,2
T0005707502,2
T0005707503,3
T0005707509,2
T0005707511,1
T0005707512,1
T0005707513,2
T0005707514,2
T0005707515,3
T0005707517,3
T0005707520,2
T0005707521,2
T0005707527,1
T0005707528,2
T0005707533,2
T0005707535,2
T0005707536,3
T0005707540,3
T0005707544,3
T0005707545,2
T0005707546,3
T0005707547,3
T0005707548,1
T0005707549,2
T0005707550,2
T0005707554,2
T0005707555,3
T0005707557,3
T0005707561,2
T0005707562,2
T0005707566,2
T0005707567,3
T0005707568,3
T0005707570,2
T0005707571,2
T0005707574,1
T0005707575,2
T0005707577,2
T0005707578,2
T0005707583,3
T0005707590,3
T0005707591,1
T0005707596,2
T0005707599,2
T0005707604,1
T0005707606,2
T0005707607,3
T0005707609,1
T0005707610,2
T0005707612,3
T0005707615,1
T0005707616,2
T0005707618,3
T0005707619,2
T0005707621,2
T0005707624,2
T0005707626,3
T0005707627,2
T0005707628,2
T0005707632,2
T0005707634,2
T0005707640,2
T0005707641,2
T0005707643,2
T0005707644,2
T0005707651,2
T0005707653,1
T0005707657,2
T0005707658,1
T0005707659,3
T0005707661,2
T0005707662,3
T0005707665,3
T0005707667,3
T0005707669,2
T0005707670,1
T0005707672,2
T0005707678,3
T0005707683,2
T0005707685,3
T0005707689,2
T0005707692,2
T0005707693,1
T0005707697,2
T0005707698,3
T0005707699,3
T0005707700,2
T0005707702,2
T0005707703,2
T0005707705,2
T0005707706,2
T0005707707,2
T0005707708,3
T0005707711,2
T0005707713,2
T0005707716,2
T0005707720,2
T0005707723,2
T0005707726,2
T0005707727,3
T0005707728,3
T0005707730,1
T0005707731,1
T0005707737,3
T0005707739,3
T0005707742,1
T0005707746,1
T0005707747,3
T0005707748,3
T0005707749,3
T0005707750,1
T0005707753,2
T0005707757,2
T0005707760,3
T0005707764,2
T0005707767,2
T0005707768,2
T0005707770,3
T0005707774,3
T0005707778,1
T0005707781,2
T0005707784,2
T0005707785,3
T0005707787,3
T0005707788,2
T0005707789,2
T0005707791,3
T0005707794,3
T0005707799,2
T0005707801,2
T0005707805,2
T0005707807,3
T0005707808,2
T0005707814,1
T0005707816,2
T0005707817,2
T0005707820,2
T0005707822,2
T0005707824,3
T0005707826,1
T0005707829,3
T0005707832,2
T0005707833,1
T0005707836,3
T0005707837,2
T0005707839,3
T0005707841,3
T0005707842,1
T0005707846,2
T0005707847,3
T0005707849,1
T0005707850,1
T0005707851,2
T0005707852,2
T0005707854,2
T0005707855,1
T0005707856,2
T0005707858,3
T0005707859,1
T0005707860,2
T0005707861,2
T0005707867,3
T0005707869,1
T0005707870,2
T0005707876,2
T0005707877,2
T0005707878,2
T0005707880,2
T0005707882,2
T0005707883,3
T0005707887,1
T0005707894,2
T0005707895,3
T0005707900,2
T0005707908,3
T0005707909,2
T0005707914,2
T0005707915,2
T0005707921,2
T0005707922,2
T0005707924,2
T0005707925,3
T0005707927,2
T0005707929,3
T0005707936,2
T0005707940,1
T0005707941,3
T0005707942,2
T0005707943,3
T0005707944,2
T0005707945,2
T0005707946,2
T0005707949,2
T0005707951,2
T0005707956,3
T0005707957,2
T0005707965,3
T0005707967,2
T0005707968,1
T0005707969,2
T0005707974,1
T0005707976,2
T0005707977,2
T0005707980,2
T0005707981,3
T0005707983,1
T0005707985,1
T0005707987,1
T0005707988,2
T0005707989,2
T0005707990,3
T0005707992,1
T0005707994,1
T0005708000,2
T0005708006,3
T0005708007,2
T0005708008,1
T0005708012,2
T0005708018,3
T0005708019,2
T0005708025,2
T0005708029,2
T0005708034,3
T0005708036,2
T0005708037,3
T0005708039,2
T0005708042,2
T0005708043,2
T0005708050,2
T0005708051,3
T0005708052,3
T0005708054,2
T0005708056,2
T0005708057,1
T0005708059,2
T0005708065,2
T0005708068,3
T0005708070,2
T0005708073,3
T0005708075,2
T0005708077,2
T0005708078,3
T0005708086,3
T0005708088,3
T0005708090,1
T0005708094,2
T0005708097,2
T0005708098,2
T0005708100,2
T0005708102,1
T0005708107,2
T0005708110,2
T0005708111,1
T0005708113,3
T0005708118,2
T0005708119,1
T0005708120,3
T0005708128,3
T0005708129,3
T0005708130,1
T0005708131,3
T0005708132,2
T0005708133,2
T0005708137,3
T0005708138,3
T0005708142,2
T0005708143,2
T0005708147,2
T0005708148,1
T0005708149,1
T0005708155,3
T0005708160,1
T0005708165,2
T0005708168,3
T0005708170,3
T0005708171,3
T0005708172,1
T0005708173,3
T0005708174,2
T0005708175,2
T0005708178,1
T0005708180,2
T0005708181,1
T0005708184,2
T0005708190,3
T0005708192,3
T0005708196,2
T0005708197,2
T0005708198,3
T0005708203,1
T0005708204,2
T0005708206,2
T0005708207,3
T0005708211,1
T0005708215,3
T0005708217,3
T0005708218,3
T0005708221,3
T0005708225,3
T0005708226,2
T0005708228,1
T0005708230,2
T0005708233,2
T0005708234,3
T0005708237,2
T0005708238,3
T0005708240,2
T0005708241,3
T0005708242,2
T0005708243,2
T0005708244,2
T0005708246,3
T0005708247,2
T0005708253,2
T0005708256,3
T0005708258,2
T0005708259,3
T0005708264,1
T0005708279,3
T0005708284,2
T0005708289,2
T0005708290,1
T0005708292,2
T0005708296,2
T0005708298,3
T0005708299,2
T0005708301,1
T0005708305,2
T0005708307,2
T0005708309,2
T0005708310,2
T0005708311,2
T0005708312,2
T0005708313,2
T0005708314,1
T0005708316,2
T0005708320,2
T0005708325,2
T0005708327,2
T0005708333,3
T0005708334,1
T0005708337,1
T0005708338,2
T0005708343,3
T0005708351,3
T0005708352,2
T0005708355,3
T0005708357,2
T0005708360,3
T0005708366,1
T0005708367,2
T0005708370,2
T0005708376,1
T0005708377,1
T0005708380,2
T0005708382,2
T0005708383,2
T0005708385,3
T0005708386,2
T0005708387,2
T0005708390,2
T0005708392,2
T0005708394,2
T0005708395,1
T0005708396,2
T0005708403,1
T0005708408,2
T0005708410,3
T0005708416,2
T0005708417,2
T0005708418,1
T0005708420,3
T0005708421,2
T0005708422,3
T0005708423,3
T0005708426,2
T0005708429,2
T0005708430,2
T0005708433,1
T0005708434,2
T0005708435,2
T0005708438,1
T0005708439,1
T0005708440,1
T0005708442,2
T0005708444,1
T0005708446,1
T0005708447,2
T0005708448,2
T0005708449,2
T0005708450,2
T0005708451,2
T0005708453,1
T0005708457,2
T0005708458,3
T0005708459,3
T0005708460,2
T0005708461,1
T0005708462,1
T0005708464,2
T0005708467,3
T0005708471,3
T0005708472,3
T0005708473,2
T0005708476,1
T0005708479,3
T0005708481,3
T0005708482,2
T0005708483,1
T0005708485,2
T0005708488,3
T0005708489,3
T0005708491,2
T0005708493,3
T0005708498,2
T0005708500,1
T0005708505,1
T0005708506,2
T0005708508,2
T0005708509,3
T0005708511,3
T0005708512,1
T0005708513,2
T0005708515,3
T0005708521,1
T0005708526,2
T0005708527,1
T0005708528,2
T0005708532,2
T0005708534,1
T0005708535,1
T0005708536,1
T0005708538,3
T0005708542,2
T0005708547,2
T0005708548,2
T0005708550,2
T0005708551,2
T0005708553,2
T0005708554,3
T0005708556,2
T0005708558,2
T0005708559,1
T0005708562,2
T0005708568,3
T0005708572,2
T0005708574,2
T0005708577,3
T0005708578,2
T0005708579,2
T0005708582,1
T0005708585,2
T0005708586,3
T0005708588,2
T0005708590,2
T0005708591,2
T0005708592,2
T0005708594,3
T0005708603,3
T0005708612,3
T0005708621,2
T0005708626,1
T0005708627,2
T0005708628,3
T0005708629,1
T0005708630,2
T0005708631,2
T0005708632,1
T0005708633,1
T0005708635,3
T0005708637,2
T0005708639,3
T0005708643,2
T0005708645,2
T0005708647,2
T0005708649,2
T0005708655,2
T0005708656,1
T0005708657,2
T0005708658,2
T0005708660,1
T0005708663,2
T0005708668,3
T0005708674,2
T0005708675,2
T0005708678,3
T0005708679,2
T0005708680,1
T0005708681,3
T0005708683,2
T0005708685,3
T0005708686,2
T0005708689,1
T0005708691,1
T0005708692,1
T0005708696,1
T0005708697,2
T0005708699,1
T0005708702,3
T0005708703,1
T0005708707,3
T0005708713,2
T0005708714,2
T0005708715,1
T0005708716,2
T0005708717,2
T0005708720,2
T0005708722,3
T0005708724,2
T0005708726,1
T0005708727,2
T0005708729,2
T0005708730,2
T0005708733,3
T0005708735,2
T0005708742,2
T0005708744,2
T0005708745,2
T0005708752,1
T0005708758,1
T0005708760,2
T0005708765,2
T0005708766,3
T0005708768,1
T0005708774,2
T0005708775,2
T0005708778,3
T0005708779,1
T0005708780,1
T0005708781,1
T0005708782,3
T0005708783,2
T0005708785,1
T0005708786,2
T0005708793,3
T0005708794,2
T0005708795,2
T0005708799,2
T0005708802,2
T0005708803,1
T0005708804,2
T0005708810,1
T0005708814,2
T0005708815,2
T0005708816,1
T0005708818,2
T0005708821,3
T0005708824,2
T0005708825,3
T0005708827,1
T0005708828,3
T0005708829,3
T0005708830,3
T0005708832,2
T0005708833,3
T0005708836,3
T0005708837,2
T0005708841,2
T0005708843,1
T0005708848,3
T0005708849,2
T0005708854,2
T0005708856,3
T0005708858,1
T0005708866,2
T0005708870,3
T0005708874,2
T0005708875,2
T0005708878,2
T0005708883,3
T0005708884,2
T0005708886,2
T0005708887,2
T0005708890,1
T0005708891,2
T0005708894,3
T0005708896,3
T0005708898,2
T0005708899,3
T0005708902,3
T0005708906,2
T0005708908,3
T0005708910,1
T0005708912,3
T0005708919,3
T0005708924,2
T0005708927,3
T0005708928,1
T0005708929,3
T0005708936,2
T0005708940,3
T0005708945,3
T0005708952,3
T0005708953,2
T0005708956,2
T0005708957,1
T0005708960,1
T0005708961,3
T0005708962,2
T0005708967,2
T0005708969,2
T0005708971,3
T0005708975,2
T0005708978,2
T0005708980,2
T0005708983,1
T0005708987,2
T0005708991,2
T0005708992,2
T0005708993,3
T0005708994,3
T0005708998,3
T0005709000,2
T0005709003,2
T0005709010,2
T0005709011,1
T0005709012,2
T0005709015,1
T0005709019,2
T0005709020,2
T0005709031,2
T0005709033,2
T0005709038,2
T0005709039,2
T0005709044,1
T0005709045,2
T0005709047,3
T0005709048,1
T0005709049,3
T0005709053,1
T0005709055,3
T0005709059,1
T0005709062,2
T0005709068,1
T0005709069,2
T0005709072,2
T0005709075,2
T0005709077,3
T0005709078,2
T0005709085,2
T0005709086,1
T0005709090,1
T0005709091,3
T0005709094,2
T0005709098,3
T0005709099,2
T0005709101,2
T0005709104,3
T0005709105,3
T0005709107,1
T0005709108,2
T0005709109,2
T0005709110,1
T0005709114,2
T0005709116,3
T0005709117,2
T0005709119,3
T0005709120,3
T0005709122,2
T0005709123,2
T0005709125,2
T0005709134,2
T0005709135,2
T0005709136,3
T0005709139,3
T0005709140,2
T0005709141,2
T0005709145,1
T0005709146,2
T0005709148,3
T0005709149,2
T0005709151,1
T0005709152,2
T0005709156,3
T0005709158,2
T0005709159,3
T0005709160,2
T0005709163,2
T0005709166,2
T0005709175,3
T0005709176,2
T0005709180,3
T0005709182,2
T0005709183,3
T0005709185,3
T0005709186,2
T0005709190,3
T0005709191,1
T0005709194,2
T0005709195,3
T0005709197,2
T0005709198,1
T0005709204,2
T0005709205,1
T0005709208,2
T0005709209,3
T0005709211,3
T0005709213,3
T0005709218,3
T0005709229,3
T0005709232,2
T0005709237,1
T0005709238,2
T0005709239,1
T0005709240,1
T0005709242,1
T0005709243,2
T0005709248,2
T0005709249,1
T0005709250,2
T0005709255,2
T0005709257,2
T0005709262,2
T0005709264,2
T0005709265,2
T0005709270,3
T0005709276,2
T0005709285,2
T0005709286,3
T0005709287,3
T0005709289,2
T0005709291,1
T0005709294,2
T0005709295,1
T0005709296,2
T0005709300,2
T0005709301,3
T0005709305,2
T0005709307,2
T0005709308,3
T0005709311,1
T0005709315,1
T0005709318,2
T0005709320,3
T0005709327,1
T0005709328,3
T0005709329,2
T0005709330,2
T0005709333,2
T0005709338,2
T0005709343,2
T0005709345,3
T0005709350,3
T0005709352,2
T0005709355,1
T0005709358,2
T0005709359,2
T0005709361,2
T0005709362,2
T0005709364,3
T0005709367,2
T0005709368,2
T0005709370,3
T0005709374,1
T0005709375,3
T0005709378,2
T0005709379,2
T0005709382,3
T0005709384,1
T0005709390,3
T0005709391,3
T0005709400,2
T0005709414,2
T0005709416,3
T0005709418,3
T0005709422,2
T0005709424,1
T0005709425,2
T0005709431,1
T0005709433,2
T0005709436,3
T0005709437,2
T0005709438,2
T0005709439,3
T0005709441,2
T0005709442,1
T0005709445,2
T0005709448,2
T0005709452,1
T0005709455,2
T0005709456,2
T0005709459,2
T0005709460,2
T0005709462,3
T0005709463,2
T0005709465,1
T0005709466,2
T0005709468,2
T0005709469,1
T0005709472,2
T0005709473,2
T0005709474,2
T0005709475,1
T0005709476,3
T0005709477,2
T0005709478,2
T0005709483,2
T0005709486,1
T0005709487,2
T0005709488,1
T0005709489,1
T0005709490,2
T0005709494,2
T0005709497,2
T0005709498,2
T0005709499,1
T0005709500,3
T0005709501,2
T0005709503,3
T0005709504,3
T0005709505,2
T0005709506,2
T0005709507,3
T0005709509,2
T0005709510,2
T0005709512,2
T0005709518,1
T0005709519,1
T0005709520,3
T0005709528,3
T0005709529,1
T0005709531,2
T0005709532,2
T0005709533,3
T0005709535,1
T0005709540,2
T0005709542,2
T0005709551,2
T0005709557,2
T0005709561,1
T0005709562,3
T0005709567,2
T0005709568,2
T0005709570,3
T0005709575,1
T0005709578,3
T0005709581,3
T0005709582,3
T0005709583,1
T0005709585,2
T0005709586,2
T0005709589,3
T0005709590,3
T0005709591,3
T0005709592,2
T0005709593,2
T0005709594,3
T0005709599,3
T0005709603,2
T0005709605,2
T0005709607,2
T0005709608,3
T0005709609,3
T0005709616,3
T0005709619,2
T0005709623,1
T0005709626,3
T0005709627,3
T0005709629,3
T0005709633,1
T0005709634,2
T0005709640,2
T0005709641,2
T0005709643,1
T0005709645,2
T0005709648,2
T0005709649,2
T0005709651,1
T0005709652,2
T0005709653,3
T0005709654,2
T0005709659,2
T0005709664,2
T0005709668,3
T0005709671,1
T0005709676,2
T0005709677,2
T0005709682,2
T0005709684,3
T0005709685,2
T0005709689,3
T0005709690,3
T0005709692,3
T0005709696,2
T0005709699,2
T0005709701,2
T0005709702,3
T0005709705,2
T0005709708,3
T0005709710,2
T0005709711,2
T0005709713,3
T0005709714,2
T0005709719,2
T0005709723,1
T0005709725,3
T0005709728,2
T0005709730,3
T0005709731,1
T0005709736,2
T0005709738,2
T0005709741,2
T0005709743,3
T0005709744,2
T0005709745,2
T0005709749,2
T0005709754,2
T0005709760,2
T0005709764,1
T0005709766,2
T0005709767,2
T0005709768,2
T0005709771,3
T0005709774,3
T0005709777,3
T0005709780,1
T0005709781,2
T0005709784,2
T0005709791,2
T0005709800,3
T0005709803,3
T0005709804,3
T0005709808,2
T0005709810,2
T0005709814,2
T0005709816,2
T0005709817,3
T0005709818,2
T0005709821,2
T0005709822,1
T0005709823,3
T0005709824,2
T0005709825,3
T0005709826,2
T0005709833,2
T0005709840,2
T0005709842,3
T0005709846,2
T0005709850,2
T0005709852,2
T0005709853,3
T0005709858,1
T0005709859,2
T0005709863,2
T0005709869,3
T0005709870,3
T0005709875,3
T0005709876,2
T0005709881,3
T0005709882,2
T0005709883,1
T0005709885,3
T0005709895,2
T0005709899,2
T0005709900,2
T0005709901,2
T0005709904,1
T0005709906,3
T0005709911,1
T0005709915,2
T0005709917,1
T0005709924,2
T0005709926,2
T0005709928,2
T0005709929,2
T0005709932,2
T0005709934,2
T0005709935,2
T0005709942,2
T0005709945,3
T0005709946,2
T0005709948,2
T0005709949,3
T0005709952,3
T0005709955,3
T0005709957,3
T0005709958,2
T0005709962,1
T0005709965,3
T0005709966,3
T0005709968,3
T0005709971,3
T0005709974,3
T0005709981,3
T0005709986,2
T0005709987,2
T0005709988,2
T0005709990,2
T0005709992,2
T0005709994,1
T0005709995,1
T0005709997,2
T0005709998,3
T0005710000,1
T0005710004,3
T0005710009,2
T0005710010,2
T0005710012,2
T0005710013,2
T0005710018,1
T0005710019,2
T0005710024,1
T0005710027,2
T0005710028,2
T0005710030,3
T0005710033,2
T0005710034,3
T0005710041,2
T0005710043,2
T0005710050,2
T0005710055,3
T0005710056,2
T0005710058,2
T0005710061,1
T0005710064,3
T0005710065,3
T0005710068,2
T0005710071,2
T0005710077,3
T0005710081,3
T0005710082,3
T0005710083,2
T0005710086,3
T0005710097,2
T0005710098,2
T0005710100,3
T0005710105,2
T0005710107,2
T0005710108,2
T0005710111,1
T0005710113,3
T0005710114,1
T0005710118,2
T0005710122,3
T0005710123,3
T0005710125,3
T0005710131,2
T0005710132,2
T0005710133,2
T0005710136,3
T0005710138,1
T0005710143,3
T0005710144,2
T0005710146,2
T0005710149,2
T0005710150,2
T0005710152,3
T0005710153,3
T0005710155,2
T0005710159,2
T0005710161,3
T0005710162,3
T0005710163,1
T0005710165,3
T0005710168,3
T0005710175,2
T0005710176,3
T0005710178,2
T0005710181,2
T0005710185,3
T0005710187,2
T0005710190,3
T0005710192,2
T0005710193,1
T0005710196,2
T0005710199,2
T0005710200,3
T0005710201,2
T0005710206,1
T0005710207,3
T0005710210,2
T0005710214,2
T0005710215,2
T0005710217,3
T0005710223,1
T0005710224,3
T0005710226,2
T0005710227,2
T0005710228,3
T0005710233,2
T0005710234,2
T0005710238,2
T0005710239,2
T0005710245,2
T0005710250,3
T0005710254,2
T0005710262,3
T0005710264,3
T0005710266,3
T0005710268,2
T0005710274,2
T0005710275,2
T0005710276,1
T0005710277,2
T0005710281,1
T0005710282,2
T0005710285,1
T0005710287,3
T0005710288,3
T0005710290,2
T0005710295,3
T0005710297,3
T0005710302,2
T0005710303,1
T0005710305,3
T0005710308,3
T0005710310,2
T0005710311,1
T0005710315,3
T0005710316,3
T0005710317,2
T0005710320,2
T0005710322,3
T0005710325,2
T0005710326,2
T0005710331,3
T0005710337,1
T0005710338,2
T0005710341,3
T0005710342,2
T0005710344,3
T0005710345,2
T0005710352,2
T0005710355,2
T0005710356,1
T0005710361,3
T0005710364,1
T0005710369,2
T0005710371,2
T0005710372,1
T0005710374,2
T0005710378,3
T0005710380,1
T0005710381,2
T0005710385,2
T0005710387,3
T0005710391,1
T0005710393,1
T0005710398,3
T0005710401,2
T0005710402,3
T0005710411,3
T0005710413,1
T0005710416,3
T0005710418,1
T0005710420,3
T0005710421,3
T0005710422,3
T0005710425,1
T0005710426,3
T0005710427,3
T0005710429,2
T0005710431,3
T0005710433,2
T0005710434,1
T0005710438,2
T0005710442,3
T0005710445,2
T0005710446,2
T0005710449,2
T0005710450,2
T0005710451,1
T0005710455,2
T0005710456,2
T0005710461,2
T0005710463,2
T0005710464,3
T0005710474,2
T0005710475,2
T0005710477,2
T0005710479,2
T0005710482,3
T0005710483,1
T0005710484,3
T0005710495,1
T0005710496,2
T0005710497,2
T0005710500,2
T0005710507,3
T0005710511,1
T0005710512,1
T0005710515,1
T0005710516,1
T0005710519,3
T0005710523,2
T0005710527,3
T0005710535,2
T0005710536,2
T0005710538,2
T0005710540,3
T0005710546,2
T0005710547,2
T0005710548,3
T0005710551,1
T0005710552,2
T0005710557,3
T0005710558,2
T0005710559,1
T0005710561,3
T0005710562,1
T0005710563,2
T0005710564,2
T0005710567,2
T0005710568,2
T0005710569,2
T0005710572,2
T0005710573,2
T0005710574,2
T0005710575,3
T0005710576,2
T0005710577,2
T0005710578,2
T0005710579,3
T0005710590,3
T0005710593,1
T0005710595,2
T0005710596,2
T0005710598,3
T0005710599,2
T0005710604,2
T0005710607,1
T0005710610,2
T0005710611,1
T0005710612,2
T0005710617,1
T0005710619,2
T0005710622,3
T0005710625,2
T0005710626,2
T0005710630,3
T0005710632,3
T0005710635,3
T0005710636,1
T0005710637,2
T0005710639,2
T0005710641,3
T0005710644,3
T0005710645,1
T0005710646,2
T0005710649,2
T0005710650,2
T0005710655,1
T0005710656,3
T0005710659,3
T0005710670,2
T0005710672,2
T0005710676,2
T0005710677,3
T0005710681,3
T0005710685,2
T0005710686,2
T0005710689,2
T0005710693,3
T0005710694,2
T0005710695,1
T0005710697,2
T0005710698,2
T0005710700,3
T0005710702,2
T0005710704,2
T0005710707,2
T0005710709,3
T0005710714,3
T0005710717,2
T0005710718,3
T0005710719,1
T0005710722,3
T0005710731,3
T0005710732,2
T0005710733,2
T0005710742,1
T0005710743,3
T0005710746,3
T0005710747,1
T0005710748,2
T0005710749,2
T0005710750,3
T0005710751,2
T0005710755,1
T0005710757,1
T0005710761,2
T0005710764,1
T0005710768,2
T0005710769,3
T0005710770,3
T0005710773,2
T0005710778,3
T0005710780,3
T0005710782,1
T0005710783,3
T0005710784,3
T0005710786,3
T0005710787,3
T0005710790,3
T0005710792,1
T0005710794,2
T0005710795,2
T0005710797,1
T0005710798,2
T0005710800,3
T0005710803,1
T0005710804,2
T0005710811,2
T0005710812,2
T0005710814,3
T0005710816,3
T0005710818,3
T0005710826,2
T0005710829,3
T0005710830,1
T0005710836,3
T0005710837,2
T0005710839,1
T0005710842,3
T0005710843,2
T0005710844,3
T0005710847,1
T0005710849,2
T0005710850,3
T0005710853,2
T0005710857,3
T0005710859,2
T0005710860,2
T0005710861,2
T0005710866,2
T0005710868,1
T0005710869,2
T0005710870,1
T0005710871,3
T0005710878,3
T0005710879,3
T0005710881,2
T0005710897,2
T0005710898,2
T0005710900,3
T0005710901,2
T0005710903,3
T0005710904,3
T0005710906,1
T0005710909,3
T0005710910,1
T0005710911,2
T0005710913,2
T0005710914,2
T0005710915,2
T0005710918,2
T0005710920,3
T0005710921,2
T0005710922,2
T0005710924,2
T0005710925,2
T0005710926,1
T0005710928,2
T0005710931,2
T0005710932,1
T0005710934,2
T0005710935,2
T0005710939,2
T0005710942,2
T0005710953,2
T0005710955,1
T0005710956,2
T0005710957,3
T0005710960,1
T0005710963,1
T0005710964,2
T0005710967,1
T0005710968,2
T0005710970,2
T0005710971,2
T0005710976,3
T0005710981,1
T0005710982,1
T0005710985,2
T0005710986,3
T0005710988,2
T0005710991,3
T0005710992,1
T0005710993,2
T0005710994,2
T0005710995,1
T0005710996,2
T0005711002,3
T0005711003,3
T0005711006,2
T0005711011,2
T0005711015,3
T0005711019,2
T0005711020,3
T0005711024,1
T0005711029,3
T0005711031,2
T0005711036,1
T0005711039,3
T0005711040,2
T0005711041,2
T0005711042,3
T0005711045,2
T0005711046,2
T0005711050,2
T0005711052,3
T0005711053,2
T0005711056,2
T0005711057,1
T0005711059,3
T0005711061,1
T0005711062,2
T0005711064,2
T0005711067,2
T0005711068,2
T0005711069,2
T0005711070,1
T0005711073,2
T0005711075,1
T0005711077,2
T0005711079,3
T0005711080,2
T0005711083,3
T0005711085,1
T0005711087,3
T0005711091,2
T0005711092,3
T0005711096,2
T0005711097,3
T0005711101,2
T0005711103,2
T0005711105,2
T0005711106,1
T0005711108,2
T0005711112,2
T0005711116,2
T0005711119,3
T0005711120,1
T0005711123,2
T0005711129,2
T0005711130,3
T0005711135,3
T0005711137,2
T0005711138,2
T0005711139,3
T0005711140,2
T0005711141,2
T0005711144,1
T0005711145,3
T0005711146,2
T0005711147,2
T0005711151,3
T0005711159,3
T0005711165,2
T0005711170,2
T0005711171,2
T0005711175,3
T0005711176,3
T0005711178,1
T0005711179,1
T0005711183,3
T0005711192,3
T0005711193,3
T0005711194,1
T0005711197,2
T0005711198,1
T0005711202,1
T0005711205,2
T0005711208,3
T0005711212,2
T0005711213,2
T0005711220,3
T0005711223,2
T0005711225,2
T0005711232,1
T0005711234,2
T0005711238,3
T0005711244,2
T0005711249,1
T0005711252,2
T0005711253,2
T0005711256,2
T0005711258,3
T0005711260,3
T0005711262,3
T0005711264,1
T0005711265,3
T0005711274,3
T0005711275,3
T0005711283,2
T0005711285,3
T0005711287,3
T0005711289,2
T0005711297,2
T0005711298,2
T0005711309,3
T0005711310,3
T0005711311,3
T0005711312,3
T0005711314,1
T0005711315,3
T0005711317,1
T0005711318,3
T0005711323,2
T0005711324,3
T0005711328,2
T0005711329,2
T0005711330,2
T0005711333,2
T0005711334,2
T0005711335,3
T0005711336,2
T0005711341,3
T0005711342,1
T0005711343,1
T0005711352,2
T0005711356,3
T0005711360,2
T0005711363,2
T0005711365,2
T0005711367,2
T0005711368,2
T0005711370,2
T0005711371,3
T0005711373,3
T0005711374,2
T0005711381,2
T0005711386,2
T0005711389,1
T0005711390,3
T0005711391,2
T0005711396,1
T0005711401,1
T0005711402,2
T0005711407,1
T0005711413,1
T0005711414,3
T0005711417,3
T0005711423,2
T0005711424,3
T0005711426,2
T0005711431,3
T0005711438,2
T0005711439,2
T0005711442,3
T0005711443,1
T0005711444,2
T0005711447,2
T0005711454,2
T0005711462,2
T0005711463,2
T0005711464,2
T0005711465,2
T0005711467,1
T0005711471,2
T0005711472,3
T0005711479,2
T0005711481,2
T0005711484,3
T0005711487,2
T0005711490,1
T0005711492,2
T0005711497,2
T0005711499,3
T0005711500,3
T0005711501,2
T0005711517,2
T0005711518,1
T0005711523,2
T0005711524,3
T0005711525,2
T0005711527,3
T0005711528,1
T0005711530,1
T0005711532,3
T0005711535,3
T0005711536,2
T0005711537,2
T0005711543,2
T0005711545,3
T0005711546,2
T0005711548,3
T0005711549,2
T0005711550,2
T0005711551,1
T0005711552,3
T0005711554,2
T0005711557,2
T0005711562,2
T0005711564,2
T0005711565,3
T0005711567,2
T0005711571,1
T0005711572,1
T0005711573,2
T0005711575,3
T0005711580,3
T0005711584,3
T0005711586,3
T0005711587,2
T0005711593,2
T0005711594,2
T0005711595,2
T0005711597,3
T0005711598,2
T0005711602,2
T0005711606,3
T0005711610,1
T0005711611,2
T0005711612,1
T0005711616,2
T0005711619,2
T0005711623,1
T0005711624,1
T0005711625,2
T0005711627,2
T0005711628,2
T0005711633,3
T0005711638,3
T0005711639,2
T0005711642,3
T0005711643,3
T0005711653,2
T0005711654,3
T0005711655,2
T0005711663,2
T0005711664,1
T0005711668,3
T0005711669,1
T0005711671,2
T0005711674,2
T0005711677,2
T0005711679,1
T0005711682,1
T0005711683,2
T0005711688,2
T0005711692,1
T0005711693,2
T0005711694,3
T0005711696,3
T0005711700,1
T0005711701,2
T0005711702,2
T0005711703,3
T0005711707,3
T0005711709,3
T0005711710,3
T0005711712,3
T0005711715,2
T0005711717,2
T0005711721,2
T0005711724,2
T0005711726,2
T0005711729,2
T0005711730,2
T0005711731,2
T0005711732,2
T0005711734,1
T0005711736,2
T0005711739,1
T0005711740,2
T0005711742,3
T0005711744,2
T0005711752,1
T0005711753,1
T0005711759,3
T0005711760,1
T0005711768,2
T0005711769,3
T0005711770,2
T0005711773,1
T0005711775,2
T0005711777,3
T0005711782,2
T0005711784,1
T0005711789,2
T0005711791,2
T0005711792,2
T0005711799,3
T0005711800,2
T0005711801,2
T0005711803,3
T0005711804,2
T0005711805,3
T0005711809,3
T0005711811,2
T0005711812,1
T0005711813,2
T0005711815,3
T0005711817,3
T0005711819,1
T0005711824,2
T0005711830,3
T0005711832,2
T0005711838,1
T0005711839,2
T0005711843,2
T0005711844,2
T0005711845,2
T0005711849,2
T0005711850,1
T0005711858,1
T0005711859,3
T0005711861,3
T0005711863,1
T0005711868,3
T0005711880,3
T0005711881,3
T0005711885,2
T0005711886,3
T0005711887,2
T0005711888,2
T0005711890,3
T0005711896,1
T0005711899,3
T0005711900,2
T0005711901,3
T0005711904,2
T0005711908,2
T0005711917,3
T0005711919,2
T0005711922,2
T0005711924,2
T0005711925,1
T0005711926,2
T0005711927,3
T0005711928,3
T0005711934,1
T0005711937,1
T0005711939,2
T0005711942,2
T0005711945,2
T0005711946,2
T0005711948,2
T0005711951,2
T0005711952,2
T0005711953,3
T0005711956,2
T0005711957,3
T0005711961,2
T0005711967,3
T0005711970,2
T0005711976,3
T0005711977,1
T0005711980,2
T0005711981,3
T0005711982,2
T0005711984,2
T0005711985,2
T0005711989,2
T0005711990,2
T0005711992,2
T0005711993,1
T0005711994,2
T0005711997,2
T0005712001,2
T0005712002,3
T0005712004,3
T0005712005,2
T0005712007,2
T0005712017,1
T0005712020,3
T0005712022,1
T0005712023,2
T0005712034,3
T0005712036,2
T0005712043,3
T0005712044,2
T0005712050,2
T0005712053,2
T0005712057,2
T0005712059,1
T0005712061,2
T0005712062,2
T0005712064,3
T0005712065,2
T0005712071,3
T0005712073,1
T0005712074,1
T0005712075,2
T0005712080,1
T0005712082,3
T0005712083,1
T0005712086,2
T0005712089,3
T0005712095,3
T0005712096,2
T0005712099,2
T0005712101,3
T0005712102,1
T0005712104,2
T0005712105,2
T0005712108,3
T0005712109,3
T0005712110,3
T0005712112,3
T0005712113,2
T0005712115,3
T0005712117,3
T0005712121,3
T0005712122,2
T0005712124,3
T0005712125,2
T0005712128,1
T0005712133,2
T0005712141,3
T0005712142,2
T0005712145,3
T0005712147,2
T0005712148,2
T0005712149,2
T0005712151,2
T0005712152,2
T0005712156,2
T0005712157,2
T0005712161,2
T0005712164,3
T0005712174,3
T0005712175,2
T0005712178,3
T0005712184,1
T0005712185,3
T0005712189,2
T0005712192,2
T0005712194,2
T0005712197,1
T0005712198,1
T0005712199,3
T0005712201,2
T0005712203,2
T0005712204,2
T0005712205,1
T0005712207,3
T0005712210,1
T0005712211,2
T0005712212,2
T0005712213,2
T0005712215,1
T0005712217,3
T0005712219,2
T0005712220,2
T0005712221,2
T0005712224,1
T0005712225,3
T0005712231,3
T0005712233,1
T0005712236,1
T0005712238,2
T0005712239,3
T0005712240,3
T0005712242,1
T0005712248,3
T0005712254,3
T0005712256,2
T0005712258,3
T0005712259,2
T0005712264,1
T0005712265,2
T0005712270,1
T0005712271,3
T0005712277,2
T0005712278,2
T0005712280,3
T0005712282,3
T0005712284,3
T0005712285,1
T0005712286,2
T0005712287,1
T0005712288,2
T0005712289,1
T0005712292,2
T0005712293,3
T0005712295,2
T0005712299,3
T0005712303,3
T0005712304,3
T0005712305,3
T0005712308,3
T0005712310,2
T0005712312,2
T0005712313,2
T0005712314,3
T0005712315,3
T0005712316,1
T0005712317,2
T0005712325,3
T0005712327,2
T0005712328,2
T0005712331,3
T0005712334,1
T0005712335,1
T0005712337,1
T0005712338,2
T0005712340,3
T0005712344,2
T0005712346,1
T0005712350,3
T0005712351,3
T0005712353,2
T0005712356,3
T0005712358,1
T0005712360,2
T0005712363,1
T0005712364,3
T0005712367,1
T0005712369,3
T0005712370,2
T0005712373,3
T0005712374,2
T0005712375,1
T0005712378,2
T0005712379,2
T0005712381,2
T0005712384,3
T0005712385,3
T0005712387,2
T0005712388,2
T0005712389,1
T0005712390,1
T0005712392,2
T0005712396,2
T0005712397,1
T0005712399,2
T0005712403,2
T0005712407,3
T0005712408,2
T0005712409,1
T0005712412,2
T0005712417,2
T0005712420,2
T0005712421,3
T0005712428,2
T0005712430,2
T0005712433,3
T0005712435,1
T0005712437,2
T0005712441,3
T0005712444,3
T0005712446,3
T0005712449,1
T0005712450,2
T0005712453,3
T0005712455,3
T0005712456,2
T0005712457,2
T0005712459,3
T0005712462,2
T0005712463,2
T0005712464,1
T0005712467,1
T0005712468,2
T0005712469,1
T0005712471,2
T0005712472,2
T0005712473,2
T0005712476,2
T0005712478,2
T0005712480,1
T0005712485,3
T0005712486,1
T0005712488,2
T0005712490,3
T0005712493,2
T0005712496,2
T0005712501,3
T0005712502,3
T0005712503,2
T0005712507,2
T0005712508,2
T0005712511,1
T0005712513,2
T0005712520,1
T0005712523,3
T0005712524,2
T0005712531,3
T0005712533,2
T0005712536,2
T0005712540,2
T0005712541,3
T0005712542,2
T0005712544,3
T0005712547,2
T0005712552,2
T0005712553,3
T0005712554,2
T0005712556,3
T0005712563,2
T0005712564,2
T0005712565,3
T0005712566,2
T0005712567,2
T0005712573,3
T0005712575,2
T0005712588,2
T0005712590,2
T0005712591,1
T0005712595,1
T0005712598,2
T0005712599,1
T0005712601,2
T0005712602,2
T0005712603,3
T0005712604,2
T0005712605,2
T0005712606,2
T0005712608,2
T0005712611,2
T0005712613,2
T0005712614,2
T0005712615,1
T0005712616,1
T0005712625,3
T0005712629,2
T0005712630,1
T0005712632,2
T0005712633,2
T0005712636,2
T0005712637,1
T0005712638,2
T0005712641,1
T0005712643,3
T0005712645,3
T0005712646,2
T0005712647,2
T0005712651,2
T0005712652,1
T0005712653,2
T0005712654,2
T0005712657,3
T0005712661,2
T0005712664,2
T0005712665,2
T0005712669,2
T0005712672,2
T0005712673,3
T0005712674,2
T0005712676,1
T0005712677,2
T0005712678,2
T0005712681,1
T0005712683,3
T0005712687,3
T0005712688,2
T0005712689,2
T0005712691,2
T0005712692,2
T0005712694,3
T0005712698,1
T0005712700,1
T0005712702,1
T0005712705,2
T0005712712,1
T0005712714,2
T0005712717,1
T0005712718,2
T0005712720,3
T0005712722,3
T0005712724,3
T0005712726,3
T0005712729,3
T0005712730,2
T0005712734,1
T0005712736,3
T0005712738,2
T0005712740,3
T0005712742,2
T0005712743,1
T0005712745,2
T0005712746,1
T0005712749,1
T0005712750,2
T0005712759,1
T0005712761,2
T0005712763,2
T0005712770,2
T0005712771,2
T0005712775,2
T0005712776,3
T0005712777,2
T0005712779,3
T0005712782,2
T0005712783,3
T0005712784,2
T0005712785,2
T0005712789,3
T0005712791,2
T0005712797,2
T0005712799,2
T0005712803,3
T0005712807,1
T0005712809,2
T0005712812,1
T0005712815,2
T0005712818,1
T0005712823,2
T0005712829,2
T0005712831,2
T0005712838,1
T0005712840,3
T0005712844,3
T0005712845,2
T0005712846,2
T0005712848,2
T0005712851,3
T0005712853,3
T0005712855,2
T0005712856,2
T0005712858,2
T0005712863,3
T0005712865,3
T0005712868,1
T0005712869,2
T0005712871,3
T0005712875,2
T0005712880,1
T0005712881,1
T0005712889,3
T0005712890,1
T0005712891,3
T0005712899,2
T0005712900,2
T0005712902,2
T0005712910,2
T0005712913,2
T0005712914,2
T0005712915,2
T0005712918,2
T0005712920,2
T0005712923,1
T0005712924,2
T0005712925,3
T0005712931,3
T0005712933,3
T0005712934,2
T0005712938,1
T0005712939,1
T0005712943,2
T0005712944,2
T0005712945,1
T0005712946,3
T0005712948,2
T0005712950,3
T0005712953,2
T0005712955,3
T0005712957,2
T0005712958,2
T0005712961,3
T0005712967,3
T0005712969,3
T0005712971,2
T0005712975,2
T0005712978,2
T0005712979,2
T0005712981,1
T0005712983,2
T0005712987,2
T0005712989,2
T0005712990,3
T0005712992,3
T0005712995,3
T0005712996,3
T0005712997,2
T0005712998,2
T0005713003,2
T0005713008,2
T0005713009,2
T0005713013,3
T0005713015,3
T0005713016,3
T0005713019,1
T0005713022,2
T0005713026,2
T0005713027,2
T0005713028,2
T0005713033,2
T0005713034,2
T0005713037,1
T0005713040,2
T0005713044,3
T0005713045,3
T0005713047,2
T0005713048,3
T0005713051,2
T0005713052,2
T0005713053,1
T0005713055,2
T0005713056,2
T0005713062,1
T0005713064,2
T0005713065,3
T0005713066,2
T0005713068,2
T0005713070,1
T0005713074,2
T0005713080,1
T0005713082,2
T0005713083,2
T0005713087,2
T0005713092,2
T0005713094,2
T0005713095,1
T0005713096,2
T0005713097,2
T0005713098,2
T0005713102,3
T0005713104,2
T0005713106,1
T0005713108,3
T0005713111,2
T0005713116,3
T0005713117,1
T0005713119,2
T0005713120,1
T0005713122,3
T0005713123,2
T0005713124,1
T0005713126,2
T0005713127,3
T0005713128,3
T0005713133,2
T0005713135,2
T0005713136,1
T0005713140,2
T0005713141,2
T0005713142,1
T0005713145,1
T0005713149,2
T0005713152,2
T0005713155,1
T0005713159,1
T0005713162,2
T0005713167,3
T0005713171,3
T0005713173,2
T0005713175,3
T0005713176,2
T0005713179,2
T0005713182,1
T0005713186,1
T0005713189,2
T0005713191,1
T0005713194,3
T0005713197,1
T0005713198,2
T0005713199,1
T0005713200,2
T0005713203,3
T0005713205,3
T0005713206,2
T0005713207,2
T0005713208,2
T0005713209,3
T0005713210,1
T0005713213,3
T0005713214,2
T0005713229,2
T0005713231,2
T0005713233,3
T0005713235,2
T0005713242,1
T0005713243,2
T0005713244,2
T0005713245,2
T0005713246,3
T0005713248,3
T0005713257,2
T0005713259,1
T0005713260,2
T0005713263,3
T0005713265,1
T0005713267,3
T0005713274,2
T0005713276,2
T0005713277,1
T0005713284,2
T0005713286,2
T0005713291,2
T0005713296,3
T0005713297,2
T0005713299,3
T0005713301,3
T0005713302,2
T0005713304,2
T0005713311,3
T0005713312,2
T0005713313,3
T0005713317,2
T0005713319,1
T0005713320,3
T0005713321,1
T0005713324,3
T0005713325,2
T0005713327,2
T0005713329,3
T0005713330,1
T0005713332,2
T0005713333,2
T0005713335,2
T0005713340,2
T0005713341,3
T0005713342,2
T0005713343,2
T0005713344,2
T0005713345,2
T0005713346,3
T0005713347,2
T0005713350,3
T0005713352,1
T0005713360,2
T0005713364,3
T0005713365,2
T0005713368,2
T0005713374,3
T0005713375,2
T0005713376,2
T0005713377,3
T0005713381,1
T0005713385,3
T0005713389,2
T0005713390,2
T0005713391,3
T0005713398,2
T0005713401,2
T0005713403,3
T0005713404,2
T0005713405,3
T0005713407,1
T0005713409,2
T0005713413,3
T0005713414,2
T0005713416,3
T0005713417,2
T0005713418,3
T0005713419,3
T0005713421,1
T0005713426,3
T0005713427,2
T0005713429,2
T0005713435,2
T0005713436,2
T0005713437,3
T0005713438,2
T0005713441,3
T0005713443,3
T0005713450,2
T0005713455,1
T0005713459,2
T0005713460,3
T0005713465,2
T0005713467,2
T0005713468,2
T0005713469,2
T0005713479,2
T0005713480,3
T0005713484,2
T0005713485,1
T0005713486,1
T0005713489,3
T0005713492,2
T0005713493,2
T0005713494,3
T0005713497,2
T0005713498,3
T0005713499,2
T0005713500,2
T0005713502,1
T0005713504,2
T0005713505,1
T0005713509,3
T0005713510,3
T0005713512,2
T0005713514,3
T0005713516,3
T0005713521,3
T0005713522,2
T0005713525,2
T0005713526,3
T0005713531,1
T0005713533,3
T0005713537,1
T0005713539,2
T0005713541,3
T0005713542,3
T0005713549,3
T0005713552,1
T0005713553,3
T0005713561,2
T0005713563,1
T0005713564,3
T0005713565,3
T0005713566,2
T0005713567,1
T0005713572,1
T0005713573,3
T0005713578,1
T0005713579,1
T0005713582,3
T0005713584,2
T0005713586,2
T0005713589,3
T0005713591,3
T0005713592,1
T0005713600,2
T0005713605,2
T0005713609,3
T0005713610,3
T0005713613,1
T0005713614,3
T0005713620,2
T0005713623,3
T0005713627,2
T0005713629,2
T0005713631,3
T0005713632,2
T0005713639,2
T0005713641,3
T0005713643,3
T0005713645,2
T0005713650,3
T0005713651,2
T0005713652,3
T0005713653,2
T0005713654,2
T0005713657,2
T0005713660,2
T0005713661,3
T0005713664,2
T0005713666,3
T0005713667,3
T0005713668,2
T0005713672,2
T0005713675,3
T0005713679,1
T0005713681,3
T0005713683,2
T0005713684,3
T0005713685,1
T0005713690,3
T0005713691,2
T0005713696,2
T0005713697,3
T0005713700,3
T0005713704,2
T0005713708,3
T0005713709,2
T0005713712,2
T0005713713,2
T0005713715,3
T0005713718,2
T0005713720,2
T0005713724,2
T0005713726,2
T0005713727,2
T0005713728,1
T0005713729,3
T0005713732,3
T0005713735,2
T0005713737,3
T0005713739,3
T0005713741,3
T0005713745,3
T0005713748,3
T0005713750,3
T0005713752,1
T0005713753,2
T0005713758,3
T0005713760,2
T0005713763,2
T0005713765,3
T0005713766,1
T0005713767,2
T0005713768,3
T0005713769,2
T0005713770,2
T0005713776,2
T0005713778,3
T0005713781,1
T0005713783,2
T0005713784,3
T0005713796,3
T0005713798,2
T0005713800,2
T0005713801,2
T0005713806,3
T0005713808,2
T0005713814,2
T0005713815,2
T0005713819,2
T0005713821,2
T0005713822,2
T0005713825,2
T0005713826,2
T0005713827,3
T0005713828,1
T0005713829,3
T0005713831,2
T0005713833,1
T0005713836,3
T0005713838,1
T0005713840,1
T0005713841,2
T0005713843,3
T0005713845,3
T0005713850,3
T0005713851,2
T0005713853,3
T0005713857,2
T0005713863,3
T0005713867,2
T0005713868,3
T0005713869,3
T0005713870,2
T0005713873,2
T0005713881,3
T0005713882,2
T0005713883,2
T0005713884,3
T0005713885,3
T0005713887,3
T0005713888,3
T0005713889,3
T0005713891,3
T0005713892,2
T0005713893,2
T0005713895,1
T0005713897,2
T0005713898,1
T0005713901,3
T0005713902,3
T0005713903,2
T0005713916,3
T0005713918,1
T0005713919,2
T0005713920,3
T0005713926,2
T0005713927,2
T0005713932,1
T0005713933,1
T0005713937,3
T0005713938,3
T0005713940,2
T0005713943,2
T0005713946,1
T0005713948,2
T0005713949,2
T0005713951,1
T0005713953,1
T0005713954,2
T0005713961,3
T0005713962,2
T0005713966,2
T0005713967,3
T0005713969,3
T0005713971,3
T0005713972,2
T0005713974,2
T0005713975,2
T0005713977,3
T0005713978,3
T0005713981,2
T0005713982,3
T0005713984,2
T0005713985,3
T0005713986,3
T0005713987,2
T0005713995,2
T0005713999,3
T0005714002,3
T0005714003,1
T0005714006,3
T0005714009,3
T0005714010,1
T0005714011,2
T0005714015,3
T0005714017,2
T0005714018,2
T0005714019,3
T0005714021,1
T0005714025,3
T0005714027,2
T0005714030,2
T0005714032,3
T0005714033,1
T0005714034,2
T0005714036,2
T0005714040,1
T0005714041,2
T0005714043,2
T0005714045,3
T0005714046,2
T0005714048,2
T0005714050,3
T0005714054,3
T0005714055,3
T0005714056,2
T0005714057,2
T0005714061,1
T0005714065,2
T0005714071,2
T0005714073,2
T0005714079,2
T0005714081,2
T0005714082,1
T0005714086,2
T0005714087,2
T0005714091,3
T0005714094,3
T0005714097,2
T0005714098,3
T0005714099,3
T0005714103,3
T0005714104,2
T0005714107,2
T0005714110,2
T0005714112,3
T0005714115,2
T0005714117,1
T0005714118,1
T0005714120,1
T0005714122,2
T0005714124,3
T0005714125,2
T0005714126,2
T0005714128,2
T0005714130,2
T0005714131,3
T0005714134,1
T0005714136,2
T0005714137,1
T0005714138,2
T0005714142,2
T0005714145,2
T0005714148,3
T0005714149,1
T0005714150,2
T0005714152,2
T0005714153,2
T0005714163,3
T0005714168,1
T0005714169,3
T0005714171,2
T0005714173,1
T0005714177,2
T0005714179,3
T0005714180,3
T0005714181,1
T0005714183,2
T0005714187,2
T0005714190,2
T0005714196,1
T0005714199,3
T0005714201,3
T0005714203,2
T0005714207,1
T0005714208,2
T0005714210,1
T0005714212,2
T0005714214,1
T0005714216,3
T0005714221,2
T0005714222,2
T0005714227,2
T0005714228,2
T0005714235,3
T0005714236,2
T0005714237,2
T0005714238,1
T0005714240,1
T0005714241,2
T0005714245,2
T0005714246,2
T0005714249,1
T0005714250,1
T0005714251,1
T0005714256,1
T0005714257,1
T0005714258,3
T0005714259,1
T0005714262,1
T0005714264,1
T0005714265,1
T0005714266,3
T0005714268,2
T0005714269,1
T0005714276,2
T0005714278,2
T0005714279,2
T0005714281,3
T0005714282,2
T0005714287,1
T0005714288,1
T0005714292,1
T0005714297,3
T0005714300,3
T0005714301,2
T0005714304,3
T0005714309,2
T0005714312,2
T0005714314,1
T0005714316,2
T0005714317,2
T0005714330,3
T0005714331,1
T0005714332,2
T0005714335,3
T0005714336,1
T0005714338,2
T0005714346,2
T0005714348,2
T0005714350,3
T0005714351,2
T0005714356,2
T0005714357,1
T0005714359,1
T0005714366,1
T0005714367,3
T0005714372,2
T0005714373,2
T0005714379,2
T0005714380,2
T0005714381,1
T0005714385,3
T0005714389,1
T0005714397,2
T0005714401,2
T0005714404,3
T0005714405,2
T0005714408,2
T0005714409,2
T0005714411,3
T0005714415,3
T0005714416,2
T0005714417,3
T0005714420,2
T0005714421,3
T0005714422,3
T0005714423,1
T0005714426,2
T0005714427,3
T0005714432,2
T0005714435,2
T0005714436,2
T0005714437,2
T0005714440,3
T0005714441,3
T0005714447,2
T0005714448,3
T0005714449,2
T0005714450,1
T0005714452,2
T0005714453,2
T0005714458,3
T0005714459,2
T0005714460,2
T0005714462,1
T0005714469,2
T0005714473,3
T0005714475,3
T0005714483,2
T0005714488,1
T0005714492,2
T0005714497,2
T0005714498,2
T0005714499,1
T0005714503,3
T0005714507,1
T0005714508,1
T0005714512,2
T0005714514,2
T0005714518,2
T0005714523,2
T0005714524,3
T0005714527,3
T0005714529,2
T0005714530,2
T0005714534,3
T0005714536,2
T0005714540,2
T0005714544,1
T0005714546,3
T0005714548,3
T0005714551,2
T0005714552,3
T0005714553,3
T0005714555,2
T0005714558,2
T0005714560,2
T0005714563,3
T0005714564,1
T0005714565,1
T0005714567,2
T0005714570,3
T0005714576,2
T0005714577,2
T0005714579,2
T0005714582,2
T0005714583,1
T0005714584,1
T0005714588,3
T0005714591,2
T0005714592,3
T0005714593,3
T0005714595,3
T0005714596,3
T0005714597,1
T0005714599,2
T0005714600,3
T0005714601,2
T0005714602,2
T0005714604,1
T0005714605,3
T0005714607,3
T0005714609,2
T0005714619,2
T0005714620,2
T0005714622,3
T0005714628,2
T0005714633,1
T0005714634,2
T0005714635,2
T0005714639,3
T0005714644,1
T0005714645,3
T0005714652,2
T0005714656,2
T0005714658,2
T0005714668,1
T0005714669,2
T0005714671,2
T0005714673,3
T0005714674,3
T0005714679,3
T0005714683,1
T0005714688,2
T0005714691,2
T0005714694,2
T0005714695,3
T0005714696,1
T0005714697,3
T0005714701,3
T0005714702,2
T0005714703,2
T0005714706,3
T0005714707,2
T0005714710,3
T0005714713,1
T0005714716,2
T0005714723,3
T0005714724,1
T0005714726,1
T0005714727,2
T0005714729,2
T0005714731,3
T0005714734,3
T0005714742,2
T0005714743,3
T0005714747,1
T0005714752,2
T0005714760,1
T0005714771,3
T0005714773,2
T0005714774,1
T0005714780,2
T0005714784,3
T0005714786,2
T0005714787,2
T0005714790,3
T0005714793,2
T0005714795,1
T0005714796,2
T0005714801,3
T0005714802,2
T0005714804,1
T0005714805,3
T0005714806,3
T0005714809,2
T0005714810,3
T0005714813,1
T0005714815,3
T0005714818,1
T0005714819,3
T0005714826,2
T0005714827,3
T0005714828,3
T0005714829,1
T0005714830,1
T0005714831,3
T0005714839,2
T0005714840,2
T0005714841,2
T0005714842,3
T0005714844,2
T0005714846,3
T0005714847,3
T0005714848,3
T0005714850,3
T0005714852,3
T0005714854,2
T0005714856,2
T0005714858,1
T0005714861,1
T0005714862,3
T0005714866,1
T0005714869,3
T0005714874,3
T0005714876,2
T0005714877,2
T0005714880,2
T0005714882,3
T0005714883,2
T0005714884,2
T0005714885,3
T0005714886,2
T0005714887,3
T0005714888,1
T0005714890,2
T0005714893,2
T0005714895,1
T0005714901,2
T0005714903,3
T0005714906,2
T0005714913,3
T0005714914,3
T0005714916,2
T0005714917,3
T0005714921,2
T0005714923,2
T0005714924,3
T0005714926,3
T0005714927,2
T0005714929,2
T0005714930,2
T0005714931,3
T0005714935,3
T0005714937,3
T0005714942,2
T0005714946,1
T0005714948,1
T0005714949,2
T0005714954,3
T0005714955,2
T0005714956,3
T0005714958,2
T0005714959,2
T0005714962,3
T0005714963,2
T0005714965,2
T0005714967,2
T0005714970,2
T0005714971,2
T0005714972,3
T0005714973,3
T0005714974,2
T0005714977,2
T0005714981,3
T0005714982,2
T0005714983,2
T0005714984,3
T0005714985,3
T0005714988,1
T0005714995,1
T0005714997,2
T0005714998,1
T0005715006,1
T0005715007,2
T0005715008,1
T0005715009,3
T0005715010,3
T0005715011,1
T0005715016,3
T0005715017,1
T0005715029,3
T0005715031,1
T0005715034,3
T0005715037,3
T0005715038,3
T0005715040,2
T0005715041,2
T0005715044,2
T0005715045,3
T0005715048,1
T0005715051,3
T0005715053,2
T0005715055,3
T0005715056,3
T0005715058,1
T0005715065,3
T0005715067,1
T0005715070,2
T0005715072,2
T0005715075,3
T0005715076,2
T0005715079,2
T0005715080,1
T0005715082,1
T0005715086,2
T0005715089,2
T0005715090,2
T0005715093,2
T0005715095,3
T0005715097,1
T0005715101,2
T0005715105,2
T0005715116,2
T0005715119,2
T0005715120,3
T0005715123,2
T0005715124,1
T0005715127,2
T0005715129,2
T0005715133,2
T0005715134,2
T0005715135,2
T0005715138,2
T0005715139,2
T0005715140,2
T0005715144,2
T0005715145,2
T0005715146,3
T0005715147,3
T0005715148,1
T0005715157,1
T0005715162,1
T0005715165,3
T0005715166,1
T0005715168,2
T0005715171,1
T0005715177,3
T0005715178,3
T0005715181,2
T0005715184,2
T0005715185,3
T0005715191,3
T0005715197,2
T0005715201,2
T0005715202,2
T0005715203,2
T0005715205,3
T0005715206,3
T0005715207,3
T0005715208,3
T0005715209,3
T0005715213,3
T0005715215,3
T0005715218,2
T0005715225,2
T0005715226,3
T0005715227,2
T0005715228,3
T0005715229,2
T0005715233,1
T0005715237,3
T0005715238,2
T0005715245,2
T0005715250,2
T0005715251,1
T0005715254,3
T0005715255,1
T0005715257,2
T0005715265,2
T0005715269,2
T0005715279,2
T0005715281,2
T0005715286,2
T0005715288,3
T0005715292,2
T0005715295,2
T0005715299,1
T0005715302,2
T0005715307,2
T0005715309,3
T0005715310,2
T0005715311,2
T0005715315,2
T0005715316,1
T0005715319,2
T0005715323,3
T0005715324,2
T0005715325,1
T0005715330,3
T0005715332,2
T0005715333,1
T0005715336,3
T0005715338,2
T0005715345,2
T0005715347,1
T0005715351,2
T0005715352,2
T0005715353,2
T0005715355,2
T0005715360,1
T0005715363,2
T0005715365,2
T0005715366,2
T0005715372,3
T0005715374,3
T0005715375,3
T0005715379,3
T0005715381,3
T0005715382,1
T0005715383,2
T0005715384,1
T0005715385,2
T0005715387,3
T0005715388,3
T0005715389,1
T0005715390,3
T0005715391,2
T0005715392,2
T0005715393,1
T0005715394,2
T0005715395,3
T0005715397,2
T0005715406,3
T0005715407,2
T0005715408,3
T0005715409,2
T0005715411,1
T0005715413,2
T0005715420,2
T0005715423,2
T0005715424,1
T0005715425,2
T0005715426,2
T0005715432,2
T0005715437,1
T0005715438,2
T0005715439,2
T0005715440,1
T0005715442,3
T0005715443,1
T0005715444,3
T0005715445,1
T0005715446,1
T0005715449,1
T0005715451,3
T0005715454,1
T0005715456,2
T0005715458,1
T0005715462,2
T0005715464,3
T0005715466,2
T0005715468,2
T0005715469,1
T0005715470,1
T0005715472,2
T0005715477,3
T0005715479,1
T0005715481,3
T0005715482,2
T0005715483,2
T0005715484,2
T0005715485,2
T0005715486,3
T0005715489,1
T0005715490,1
T0005715492,2
T0005715493,2
T0005715498,1
T0005715499,3
T0005715505,1
T0005715506,2
T0005715507,2
T0005715508,1
T0005715512,2
T0005715513,3
T0005715514,3
T0005715515,2
T0005715519,1
T0005715520,3
T0005715523,3
T0005715524,2
T0005715527,2
T0005715530,2
T0005715531,1
T0005715532,2
T0005715534,1
T0005715535,1
T0005715539,2
T0005715540,2
T0005715542,2
T0005715545,3
T0005715548,3
T0005715550,3
T0005715552,2
T0005715553,3
T0005715555,1
T0005715556,3
T0005715557,3
T0005715558,1
T0005715559,2
T0005715560,3
T0005715561,2
T0005715562,2
T0005715568,2
T0005715571,1
T0005715577,2
T0005715578,1
T0005715580,3
T0005715583,2
T0005715584,3
T0005715586,2
T0005715587,3
T0005715589,2
T0005715590,1
T0005715592,2
T0005715596,2
T0005715600,3
T0005715601,2
T0005715602,2
T0005715608,2
T0005715609,2
T0005715615,3
T0005715617,1
T0005715619,2
T0005715622,1
T0005715623,2
T0005715624,1
T0005715626,2
T0005715627,3
T0005715628,3
T0005715629,2
T0005715630,2
T0005715633,3
T0005715635,1
T0005715640,1
T0005715642,3
T0005715643,3
T0005715644,2
T0005715646,1
T0005715647,3
T0005715648,2
T0005715650,3
T0005715651,2
T0005715658,3
T0005715663,2
T0005715664,1
T0005715665,2
T0005715666,1
T0005715671,3
T0005715674,3
T0005715676,2
T0005715681,1
T0005715685,2
T0005715689,2
T0005715694,2
T0005715698,2
T0005715700,3
T0005715706,2
T0005715707,2
T0005715713,2
T0005715715,1
T0005715717,1
T0005715720,2
T0005715721,1
T0005715723,1
T0005715724,2
T0005715729,3
T0005715730,1
T0005715731,3
T0005715735,3
T0005715739,1
T0005715742,2
T0005715747,1
T0005715750,1
T0005715755,1
T0005715758,1
T0005715762,2
T0005715765,3
T0005715766,2
T0005715767,3
T0005715768,3
T0005715772,2
T0005715773,1
T0005715776,2
T0005715777,2
T0005715781,3
T0005715783,2
T0005715787,3
T0005715788,2
T0005715790,3
T0005715792,2
T0005715796,2
T0005715797,2
T0005715798,3
T0005715799,3
T0005715804,2
T0005715806,2
T0005715810,2
T0005715811,3
T0005715814,3
T0005715817,2
T0005715818,2
T0005715820,2
T0005715821,1
T0005715823,1
T0005715825,3
T0005715828,2
T0005715834,1
T0005715839,3
T0005715840,2
T0005715843,2
T0005715844,1
T0005715846,3
T0005715847,2
T0005715851,3
T0005715852,2
T0005715854,2
T0005715855,3
T0005715859,2
T0005715861,2
T0005715865,2
T0005715869,3
T0005715870,1
T0005715873,2
T0005715876,1
T0005715881,2
T0005715882,2
T0005715883,3
T0005715887,3
T0005715888,2
T0005715889,2
T0005715890,1
T0005715895,2
T0005715896,2
T0005715900,2
T0005715904,3
T0005715906,3
T0005715909,3
T0005715910,3
T0005715916,2
T0005715917,2
T0005715918,3
T0005715920,1
T0005715921,3
T0005715923,2
T0005715924,1
T0005715925,3
T0005715927,2
T0005715928,2
T0005715935,2
T0005715936,2
T0005715942,3
T0005715943,2
T0005715946,2
T0005715947,3
T0005715948,2
T0005715949,2
T0005715951,3
T0005715953,2
T0005715954,3
T0005715956,1
T0005715957,2
T0005715958,2
T0005715959,3
T0005715964,3
T0005715966,1
T0005715968,2
T0005715970,2
T0005715975,3
T0005715976,1
T0005715977,2
T0005715981,2
T0005715983,1
T0005715984,3
T0005715985,1
T0005715986,2
T0005715989,2
T0005715991,2
T0005715993,2
T0005715994,3
T0005715996,2
T0005715998,3
T0005716001,3
T0005716003,2
T0005716004,2
T0005716005,1
T0005716006,3
T0005716010,2
T0005716012,2
T0005716013,1
T0005716020,1
T0005716023,3
T0005716024,3
T0005716025,3
T0005716029,1
T0005716030,2
T0005716033,2
T0005716035,2
T0005716037,2
T0005716041,1
T0005716047,2
T0005716050,1
T0005716051,1
T0005716053,3
T0005716056,1
T0005716057,2
T0005716059,2
T0005716065,1
T0005716067,2
T0005716068,1
T0005716069,1
T0005716070,2
T0005716071,3
T0005716072,2
T0005716073,2
T0005716074,2
T0005716076,2
T0005716077,2
T0005716078,1
T0005716080,3
T0005716082,2
T0005716085,3
T0005716087,3
T0005716091,2
T0005716092,2
T0005716095,2
T0005716096,2
T0005716098,1
T0005716101,2
T0005716102,2
T0005716103,2
T0005716108,1
T0005716109,1
T0005716110,3
T0005716111,1
T0005716112,1
T0005716115,2
T0005716116,1
T0005716119,2
T0005716124,1
T0005716127,2
T0005716133,3
T0005716134,2
T0005716135,3
T0005716137,2
T0005716138,3
T0005716140,3
T0005716143,3
T0005716147,3
T0005716148,2
T0005716149,2
T0005716158,1
T0005716159,1
T0005716162,1
T0005716164,2
T0005716166,3
T0005716167,2
T0005716168,2
T0005716180,2
T0005716182,2
T0005716183,2
T0005716187,3
T0005716188,2
T0005716194,2
T0005716196,1
T0005716198,3
T0005716199,2
T0005716201,2
T0005716204,3
T0005716205,2
T0005716206,1
T0005716207,2
T0005716210,3
T0005716211,1
T0005716215,1
T0005716217,2
T0005716219,2
T0005716223,1
T0005716224,1
T0005716226,2
T0005716227,2
T0005716230,3
T0005716232,2
T0005716233,1
T0005716234,2
T0005716237,2
T0005716243,1
T0005716246,3
T0005716247,3
T0005716248,2
T0005716249,3
T0005716250,2
T0005716253,3
T0005716254,1
T0005716258,2
T0005716261,2
T0005716262,2
T0005716263,2
T0005716265,3
T0005716266,2
T0005716271,2
T0005716273,1
T0005716275,1
T0005716276,2
T0005716277,1
T0005716278,3
T0005716279,2
T0005716283,2
T0005716285,2
T0005716286,2
T0005716287,2
T0005716290,2
T0005716291,3
T0005716293,2
T0005716294,3
T0005716295,2
T0005716300,2
T0005716301,3
T0005716305,2
T0005716306,3
T0005716310,3
T0005716312,3
T0005716314,1
T0005716315,2
T0005716317,3
T0005716323,2
T0005716325,2
T0005716333,3
T0005716334,2
T0005716336,3
T0005716337,2
T0005716339,3
T0005716344,3
T0005716346,1
T0005716352,3
T0005716353,2
T0005716354,2
T0005716360,1
T0005716365,2
T0005716367,3
T0005716371,3
T0005716372,2
T0005716375,2
T0005716379,3
T0005716380,1
T0005716381,3
T0005716386,2
T0005716387,3
T0005716389,2
T0005716390,2
T0005716391,2
T0005716393,3
T0005716395,1
T0005716398,3
T0005716399,3
T0005716400,2
T0005716401,1
T0005716402,3
T0005716403,1
T0005716405,2
T0005716413,3
T0005716416,2
T0005716417,3
T0005716418,1
T0005716420,2
T0005716423,2
T0005716426,1
T0005716427,2
T0005716430,2
T0005716433,2
T0005716439,1
T0005716440,3
T0005716441,1
T0005716442,3
T0005716443,2
T0005716448,2
T0005716450,3
T0005716452,1
T0005716453,1
T0005716454,2
T0005716457,3
T0005716459,2
T0005716460,3
T0005716465,3
T0005716466,2
T0005716469,1
T0005716471,2
T0005716475,3
T0005716476,3
T0005716477,3
T0005716480,3
T0005716484,2
T0005716488,2
T0005716489,2
T0005716495,2
T0005716496,3
T0005716497,2
T0005716499,2
T0005716501,1
T0005716503,3
T0005716505,2
T0005716507,3
T0005716508,1
T0005716509,1
T0005716512,3
T0005716514,2
T0005716515,3
T0005716517,1
T0005716518,2
T0005716519,2
T0005716521,3
T0005716525,3
T0005716526,2
T0005716537,3
T0005716539,3
T0005716547,1
T0005716549,3
T0005716550,2
T0005716556,2
T0005716561,3
T0005716564,3
T0005716567,3
T0005716568,2
T0005716569,2
T0005716571,2
T0005716572,3
T0005716573,2
T0005716575,3
T0005716577,2
T0005716581,2
T0005716586,2
T0005716588,2
T0005716590,3
T0005716591,2
T0005716593,2
T0005716595,2
T0005716598,2
T0005716600,3
T0005716601,2
T0005716605,3
T0005716607,1
T0005716608,2
T0005716609,2
T0005716610,3
T0005716612,2
T0005716613,3
T0005716614,2
T0005716620,2
T0005716621,1
T0005716623,3
T0005716624,1
T0005716625,2
T0005716626,3
T0005716628,2
T0005716630,2
T0005716631,2
T0005716633,3
T0005716635,2
T0005716640,3
T0005716641,2
T0005716643,3
T0005716644,1
T0005716647,1
T0005716651,1
T0005716653,2
T0005716654,3
T0005716656,2
T0005716657,3
T0005716660,2
T0005716662,2
T0005716663,1
T0005716666,1
T0005716669,3
T0005716670,3
T0005716688,2
T0005716689,2
T0005716694,2
T0005716696,1
T0005716697,2
T0005716699,2
T0005716700,2
T0005716701,2
T0005716703,2
T0005716704,3
T0005716711,1
T0005716715,1
T0005716716,3
T0005716717,3
T0005716722,3
T0005716724,2
T0005716728,2
T0005716734,2
T0005716735,2
T0005716736,1
T0005716737,1
T0005716738,2
T0005716739,2
T0005716741,3
T0005716743,1
T0005716748,2
T0005716753,1
T0005716757,2
T0005716760,3
T0005716765,1
T0005716770,3
T0005716780,2
T0005716782,1
T0005716784,3
T0005716786,2
T0005716787,3
T0005716788,2
T0005716789,3
T0005716792,3
T0005716794,2
T0005716795,2
T0005716798,2
T0005716800,3
T0005716804,1
T0005716807,2
T0005716811,3
T0005716812,2
T0005716813,2
T0005716814,2
T0005716815,3
T0005716817,2
T0005716825,3
T0005716826,2
T0005716829,2
T0005716833,2
T0005716836,3
T0005716838,2
T0005716843,2
T0005716844,1
T0005716846,3
T0005716848,2
T0005716849,1
T0005716856,1
T0005716857,2
T0005716859,3
T0005716860,3
T0005716861,1
T0005716863,3
T0005716866,2
T0005716867,3
T0005716870,2
T0005716871,3
T0005716874,2
T0005716876,1
T0005716877,2
T0005716878,2
T0005716881,1
T0005716885,2
T0005716887,3
T0005716888,2
T0005716892,2
T0005716895,2
T0005716896,1
T0005716899,3
T0005716900,2
T0005716902,2
T0005716907,1
T0005716910,2
T0005716911,2
T0005716914,2
T0005716917,2
T0005716918,3
T0005716923,3
T0005716924,1
T0005716925,3
T0005716928,2
T0005716933,3
T0005716935,3
T0005716936,3
T0005716938,1
T0005716939,2
T0005716940,3
T0005716946,3
T0005716949,3
T0005716955,2
T0005716958,3
T0005716961,2
T0005716964,3
T0005716965,1
T0005716969,2
T0005716973,2
T0005716974,3
T0005716977,3
T0005716978,2
T0005716979,3
T0005716985,3
T0005716986,3
T0005716987,3
T0005716988,3
T0005716990,2
T0005716991,3
T0005716994,1
T0005716996,2
T0005716999,1
T0005717003,2
T0005717004,2
T0005717007,1
T0005717011,2
T0005717015,2
T0005717018,2
T0005717019,2
T0005717024,2
T0005717026,2
T0005717032,1
T0005717034,2
T0005717037,2
T0005717043,3
T0005717045,2
T0005717049,1
T0005717054,2
T0005717060,3
T0005717062,1
T0005717064,3
T0005717066,1
T0005717069,3
T0005717071,3
T0005717074,3
T0005717075,3
T0005717079,3
T0005717080,2
T0005717081,1
T0005717084,2
T0005717086,1
T0005717089,2
T0005717090,2
T0005717091,2
T0005717095,2
T0005717099,3
T0005717100,3
T0005717103,1
T0005717105,2
T0005717107,1
T0005717108,2
T0005717109,3
T0005717110,2
T0005717111,2
T0005717113,1
T0005717114,1
T0005717115,1
T0005717118,2
T0005717119,2
T0005717121,3
T0005717122,1
T0005717124,1
T0005717127,1
T0005717130,2
T0005717132,1
T0005717133,3
T0005717135,1
T0005717138,3
T0005717151,2
T0005717152,1
T0005717153,2
T0005717156,3
T0005717157,2
T0005717158,3
T0005717159,3
T0005717161,3
T0005717162,3
T0005717163,3
T0005717164,2
T0005717165,2
T0005717167,2
T0005717168,2
T0005717169,1
T0005717170,1
T0005717171,2
T0005717172,3
T0005717173,2
T0005717175,3
T0005717176,2
T0005717180,3
T0005717182,1
T0005717184,1
T0005717188,2
T0005717191,1
T0005717192,1
T0005717194,1
T0005717197,2
T0005717198,3
T0005717201,1
T0005717204,2
T0005717206,2
T0005717209,3
T0005717211,1
T0005717215,2
T0005717218,2
T0005717220,3
T0005717221,2
T0005717226,2
T0005717227,2
T0005717228,2
T0005717233,1
T0005717239,2
T0005717241,2
T0005717242,2
T0005717243,1
T0005717244,3
T0005717253,2
T0005717254,3
T0005717257,2
T0005717259,3
T0005717262,3
T0005717263,2
T0005717266,2
T0005717268,2
T0005717272,2
T0005717273,1
T0005717279,3
T0005717280,2
T0005717284,2
T0005717287,3
T0005717289,2
T0005717290,2
T0005717291,2
T0005717295,3
T0005717298,2
T0005717299,1
T0005717303,2
T0005717304,1
T0005717306,2
T0005717309,3
T0005717317,2
T0005717319,2
T0005717322,3
T0005717323,3
T0005717324,1
T0005717327,3
T0005717328,3
T0005717331,1
T0005717333,1
T0005717337,2
T0005717339,2
T0005717345,2
T0005717347,3
T0005717350,2
T0005717351,2
T0005717355,3
T0005717358,2
T0005717359,3
T0005717362,2
T0005717366,1
T0005717369,2
T0005717371,2
T0005717377,3
T0005717378,2
T0005717385,1
T0005717387,2
T0005717390,1
T0005717396,2
T0005717398,2
T0005717399,3
T0005717400,1
T0005717401,2
T0005717405,2
T0005717408,2
T0005717411,3
T0005717412,2
T0005717418,2
T0005717420,3
T0005717423,2
T0005717424,1
T0005717431,2
T0005717432,3
T0005717436,3
T0005717440,1
T0005717441,1
T0005717446,2
T0005717447,2
T0005717456,3
T0005717457,2
T0005717462,1
T0005717464,1
T0005717465,2
T0005717469,2
T0005717470,2
T0005717471,1
T0005717476,3
T0005717478,3
T0005717484,2
T0005717487,2
T0005717488,2
T0005717489,2
T0005717492,2
T0005717493,3
T0005717494,3
T0005717496,2
T0005717497,3
T0005717498,2
T0005717499,2
T0005717500,2
T0005717504,2
T0005717506,1
T0005717509,2
T0005717512,3
T0005717513,2
T0005717514,3
T0005717516,3
T0005717517,2
T0005717518,2
T0005717519,1
T0005717526,2
T0005717528,1
T0005717531,3
T0005717534,2
T0005717537,2
T0005717542,2
T0005717543,1
T0005717545,2
T0005717547,1
T0005717548,3
T0005717550,2
T0005717551,2
T0005717553,2
T0005717554,3
T0005717555,2
T0005717558,2
T0005717562,3
T0005717564,2
T0005717565,2
T0005717566,1
T0005717570,3
T0005717573,3
T0005717576,2
T0005717578,2
T0005717580,2
T0005717582,3
T0005717584,3
T0005717588,1
T0005717590,2
T0005717592,1
T0005717596,2
T0005717598,2
T0005717599,3
T0005717603,2
T0005717604,1
T0005717605,2
T0005717610,2
T0005717614,2
T0005717616,2
T0005717618,2
T0005717625,3
T0005717626,3
T0005717627,3
T0005717628,3
T0005717631,1
T0005717632,1
T0005717634,2
T0005717636,2
T0005717638,2
T0005717640,3
T0005717641,3
T0005717642,3
T0005717643,2
T0005717644,3
T0005717645,3
T0005717647,2
T0005717649,1
T0005717654,2
T0005717656,3
T0005717658,2
T0005717659,2
T0005717660,3
T0005717661,2
T0005717662,2
T0005717670,2
T0005717673,3
T0005717674,1
T0005717681,3
T0005717682,3
T0005717687,2
T0005717688,2
T0005717691,1
T0005717692,1
T0005717694,3
T0005717695,2
T0005717696,1
T0005717697,2
T0005717698,2
T0005717700,1
T0005717704,3
T0005717705,3
T0005717706,2
T0005717708,3
T0005717709,2
T0005717710,2
T0005717714,3
T0005717715,3
T0005717717,2
T0005717721,3
T0005717724,2
T0005717726,2
T0005717727,2
T0005717729,1
T0005717732,3
T0005717737,2
T0005717738,3
T0005717739,2
T0005717740,3
T0005717741,1
T0005717743,2
T0005717749,2
T0005717751,2
T0005717752,2
T0005717757,2
T0005717758,2
T0005717759,3
T0005717761,2
T0005717764,3
T0005717768,2
T0005717776,2
T0005717777,2
T0005717778,3
T0005717779,3
T0005717781,1
T0005717784,2
T0005717787,2
T0005717789,3
T0005717796,1
T0005717799,1
T0005717800,3
T0005717806,3
T0005717807,3
T0005717812,2
T0005717820,2
T0005717822,3
T0005717824,3
T0005717826,2
T0005717827,3
T0005717828,2
T0005717830,2
T0005717837,2
T0005717840,1
T0005717843,2
T0005717845,3
T0005717846,2
T0005717852,3
T0005717854,1
T0005717860,1
T0005717862,3
T0005717863,1
T0005717864,2
T0005717870,3
T0005717872,2
T0005717875,1
T0005717876,2
T0005717881,3
T0005717882,1
T0005717883,2
T0005717884,2
T0005717885,1
T0005717890,2
T0005717891,2
T0005717892,2
T0005717893,2
T0005717896,2
T0005717898,2
T0005717900,2
T0005717901,1
T0005717902,1
T0005717905,3
T0005717913,3
T0005717915,2
T0005717916,2
T0005717917,3
T0005717920,3
T0005717921,2
T0005717923,2
T0005717924,2
T0005717925,3
T0005717928,1
T0005717930,2
T0005717933,3
T0005717934,3
T0005717939,3
T0005717940,1
T0005717943,1
T0005717944,2
T0005717945,2
T0005717946,1
T0005717947,2
T0005717948,3
T0005717951,2
T0005717954,3
T0005717957,3
T0005717959,3
T0005717961,3
T0005717963,3
T0005717965,3
T0005717967,2
T0005717968,2
T0005717969,1
T0005717970,2
T0005717972,3
T0005717974,2
T0005717978,3
T0005717984,1
T0005717986,3
T0005717988,2
T0005717993,1
T0005717995,2
T0005717998,2
T0005718000,1
T0005718003,2
T0005718004,1
T0005718006,3
T0005718010,3
T0005718012,2
T0005718021,1
T0005718022,2
T0005718023,2
T0005718025,2
T0005718026,2
T0005718027,1
T0005718029,2
T0005718030,2
T0005718034,2
T0005718036,2
T0005718037,3
T0005718039,3
T0005718043,2
T0005718046,2
T0005718047,1
T0005718051,3
T0005718055,3
T0005718056,1
T0005718058,2
T0005718060,2
T0005718063,2
T0005718064,1
T0005718065,2
T0005718067,2
T0005718068,1
T0005718070,2
T0005718072,2
T0005718077,3
T0005718078,2
T0005718080,3
T0005718081,2
T0005718083,3
T0005718086,2
T0005718088,3
T0005718089,2
T0005718091,2
T0005718094,2
T0005718097,3
T0005718103,2
T0005718105,3
T0005718108,2
T0005718111,3
T0005718116,1
T0005718117,2
T0005718125,1
T0005718127,1
T0005718129,3
T0005718130,3
T0005718131,2
T0005718135,2
T0005718136,2
T0005718138,2
T0005718139,2
T0005718142,2
T0005718143,2
T0005718144,2
T0005718147,2
T0005718150,3
T0005718158,1
T0005718159,3
T0005718161,2
T0005718162,3
T0005718165,1
T0005718168,2
T0005718169,1
T0005718176,2
T0005718178,3
T0005718180,2
T0005718182,3
T0005718186,2
T0005718190,2
T0005718193,3
T0005718198,3
T0005718199,2
T0005718200,2
T0005718201,3
T0005718202,1
T0005718204,3
T0005718206,3
T0005718209,1
T0005718210,2
T0005718211,2
T0005718212,2
T0005718213,3
T0005718214,3
T0005718218,3
T0005718219,3
T0005718220,1
T0005718221,3
T0005718229,2
T0005718231,2
T0005718234,3
T0005718238,2
T0005718242,2
T0005718244,2
T0005718245,3
T0005718253,1
T0005718256,3
T0005718257,3
T0005718259,2
T0005718261,1
T0005718262,2
T0005718264,2
T0005718267,3
T0005718269,2
T0005718272,2
T0005718273,3
T0005718275,3
T0005718276,2
T0005718289,2
T0005718292,3
T0005718298,2
T0005718299,1
T0005718302,1
T0005718304,3
T0005718305,2
T0005718307,2
T0005718308,2
T0005718309,3
T0005718315,2
T0005718318,2
T0005718320,3
T0005718324,2
T0005718325,2
T0005718326,2
T0005718329,1
T0005718331,3
T0005718335,2
T0005718336,2
T0005718337,1
T0005718338,3
T0005718341,3
T0005718343,2
T0005718344,1
T0005718345,2
T0005718347,2
T0005718354,3
T0005718356,3
T0005718357,3
T0005718360,2
T0005718363,1
T0005718364,3
T0005718367,1
T0005718369,3
T0005718370,3
T0005718371,1
T0005718374,1
T0005718377,3
T0005718380,1
T0005718384,3
T0005718387,2
T0005718391,1
T0005718392,2
T0005718395,3
T0005718396,2
T0005718400,2
T0005718402,3
T0005718403,3
T0005718408,2
T0005718410,1
T0005718415,2
T0005718416,2
T0005718418,2
T0005718419,3
T0005718426,2
T0005718428,2
T0005718431,2
T0005718438,1
T0005718439,3
T0005718441,1
T0005718442,2
T0005718451,3
T0005718452,2
T0005718460,3
T0005718461,3
T0005718462,3
T0005718463,2
T0005718473,2
T0005718479,3
T0005718486,2
T0005718487,2
T0005718497,1
T0005718498,1
T0005718499,3
T0005718501,2
T0005718502,2
T0005718514,3
T0005718516,2
T0005718517,2
T0005718518,2
T0005718519,2
T0005718523,2
T0005718526,2
T0005718527,1
T0005718529,3
T0005718531,2
T0005718536,2
T0005718538,1
T0005718541,2
T0005718542,2
T0005718543,1
T0005718548,2
T0005718550,3
T0005718554,2
T0005718556,2
T0005718557,3
T0005718559,2
T0005718560,2
T0005718561,2
T0005718563,2
T0005718564,2
T0005718565,1
T0005718568,2
T0005718569,2
T0005718574,1
T0005718576,2
T0005718578,2
T0005718579,3
T0005718580,2
T0005718582,2
T0005718584,2
T0005718589,3
T0005718590,2
T0005718594,2
T0005718596,1
T0005718597,1
T0005718603,1
T0005718607,2
T0005718609,2
T0005718610,2
T0005718613,3
T0005718614,3
T0005718616,2
T0005718617,2
T0005718619,3
T0005718621,2
T0005718628,2
T0005718629,3
T0005718630,2
T0005718631,1
T0005718632,2
T0005718634,2
T0005718635,3
T0005718641,1
T0005718644,2
T0005718648,3
T0005718649,2
T0005718651,2
T0005718655,2
T0005718656,2
T0005718660,1
T0005718661,2
T0005718666,1
T0005718667,3
T0005718669,2
T0005718672,1
T0005718675,3
T0005718682,3
T0005718683,1
T0005718689,2
T0005718690,2
T0005718691,3
T0005718693,2
T0005718694,3
T0005718702,3
T0005718705,2
T0005718711,2
T0005718712,2
T0005718713,3
T0005718715,3
T0005718720,1
T0005718722,2
T0005718724,2
T0005718725,3
T0005718726,2
T0005718727,2
T0005718730,1
T0005718733,1
T0005718738,2
T0005718740,2
T0005718741,2
T0005718742,2
T0005718748,2
T0005718749,3
T0005718752,3
T0005718753,1
T0005718754,2
T0005718755,2
T0005718758,3
T0005718762,2
T0005718763,1
T0005718764,1
T0005718768,2
T0005718769,2
T0005718771,1
T0005718774,3
T0005718780,1
T0005718781,3
T0005718782,2
T0005718783,3
T0005718784,2
T0005718788,2
T0005718789,2
T0005718797,2
T0005718798,2
T0005718800,3
T0005718806,1
T0005718808,2
T0005718813,2
T0005718817,1
T0005718818,3
T0005718819,3
T0005718821,2
T0005718828,2
T0005718832,2
T0005718833,3
T0005718834,3
T0005718836,3
T0005718838,3
T0005718841,3
T0005718842,2
T0005718843,2
T0005718844,1
T0005718845,2
T0005718848,2
T0005718850,2
T0005718852,2
T0005718854,3
T0005718858,2
T0005718861,2
T0005718864,2
T0005718868,3
T0005718869,2
T0005718871,2
T0005718873,3
T0005718874,3
T0005718877,2
T0005718880,3
T0005718881,1
T0005718885,1
T0005718887,2
T0005718888,2
T0005718894,1
T0005718901,2
T0005718902,1
T0005718909,2
T0005718913,1
T0005718914,3
T0005718915,2
T0005718924,2
T0005718926,2
T0005718927,2
T0005718929,1
T0005718931,2
T0005718932,2
T0005718934,3
T0005718936,3
T0005718939,3
T0005718941,3
T0005718950,2
T0005718951,2
T0005718953,1
T0005718955,1
T0005718962,3
T0005718963,2
T0005718964,3
T0005718965,1
T0005718967,3
T0005718968,1
T0005718969,3
T0005718973,2
T0005718974,2
T0005718975,1
T0005718976,3
T0005718979,3
T0005718980,2
T0005718984,3
T0005718988,1
T0005718989,1
T0005718990,2
T0005718992,2
T0005718998,1
T0005719000,2
T0005719007,2
T0005719014,3
T0005719017,1
T0005719020,3
T0005719023,1
T0005719027,2
T0005719028,2
T0005719030,2
T0005719031,3
T0005719032,3
T0005719033,1
T0005719035,1
T0005719036,3
T0005719037,3
T0005719038,2
T0005719039,2
T0005719040,2
T0005719041,1
T0005719042,3
T0005719049,2
T0005719050,2
T0005719057,2
T0005719058,2
T0005719060,3
T0005719063,2
T0005719067,1
T0005719070,3
T0005719072,3
T0005719074,1
T0005719076,2
T0005719079,2
T0005719083,3
T0005719085,1
T0005719086,3
T0005719091,2
T0005719092,3
T0005719095,3
T0005719096,3
T0005719101,2
T0005719102,2
T0005719103,2
T0005719105,3
T0005719106,3
T0005719108,2
T0005719109,2
T0005719112,2
T0005719113,2
T0005719116,1
T0005719117,3
T0005719123,1
T0005719125,2
T0005719127,2
T0005719131,3
T0005719132,2
T0005719133,2
T0005719134,2
T0005719140,3
T0005719141,3
T0005719142,3
T0005719143,3
T0005719144,2
T0005719145,2
T0005719146,3
T0005719153,2
T0005719160,2
T0005719161,1
T0005719163,3
T0005719164,3
T0005719166,2
T0005719167,3
T0005719170,3
T0005719176,3
T0005719180,3
T0005719181,3
T0005719184,3
T0005719195,2
T0005719198,3
T0005719199,2
T0005719200,2
T0005719203,2
T0005719204,1
T0005719205,2
T0005719206,1
T0005719207,2
T0005719208,1
T0005719211,1
T0005719212,2
T0005719217,2
T0005719219,1
T0005719224,2
T0005719225,2
T0005719226,3
T0005719227,2
T0005719228,2
T0005719229,3
T0005719230,2
T0005719232,3
T0005719235,2
T0005719237,3
T0005719239,1
T0005719243,2
T0005719248,2
T0005719249,3
T0005719251,1
T0005719253,2
T0005719254,1
T0005719257,2
T0005719259,3
T0005719260,1
T0005719262,2
T0005719263,3
T0005719264,2
T0005719265,2
T0005719267,2
T0005719270,2
T0005719274,2
T0005719275,2
T0005719276,2
T0005719279,2
T0005719280,2
T0005719285,1
T0005719286,3
T0005719290,2
T0005719294,3
T0005719299,2
T0005719300,3
T0005719306,3
T0005719307,3
T0005719308,3
T0005719309,2
T0005719315,1
T0005719317,1
T0005719319,2
T0005719324,3
T0005719328,1
T0005719331,3
T0005719334,3
T0005719335,2
T0005719342,1
T0005719344,3
T0005719349,2
T0005719352,2
T0005719354,3
T0005719356,2
T0005719359,3
T0005719362,3
T0005719366,2
T0005719371,3
T0005719376,3
T0005719380,2
T0005719385,1
T0005719386,3
T0005719389,3
T0005719393,3
T0005719395,2
T0005719396,2
T0005719402,1
T0005719403,2
T0005719404,2
T0005719405,3
T0005719409,2
T0005719410,2
T0005719413,2
T0005719414,2
T0005719417,2
T0005719418,3
T0005719420,2
T0005719422,1
T0005719424,2
T0005719425,3
T0005719426,2
T0005719429,2
T0005719430,2
T0005719435,3
T0005719437,2
T0005719441,3
T0005719442,2
T0005719445,1
T0005719446,2
T0005719447,2
T0005719448,2
T0005719450,2
T0005719457,3
T0005719458,1
T0005719461,2
T0005719463,3
T0005719464,3
T0005719466,1
T0005719469,2
T0005719470,2
T0005719472,2
T0005719475,2
T0005719479,2
T0005719484,1
T0005719485,3
T0005719486,1
T0005719491,2
T0005719492,2
T0005719496,1
T0005719499,2
T0005719500,2
T0005719501,2
T0005719504,1
T0005719505,1
T0005719508,2
T0005719510,2
T0005719513,2
T0005719514,3
T0005719515,2
T0005719518,2
T0005719522,3
T0005719525,1
T0005719531,2
T0005719535,1
T0005719541,3
T0005719545,3
T0005719546,2
T0005719548,3
T0005719549,2
T0005719550,2
T0005719556,1
T0005719559,1
T0005719560,1
T0005719561,3
T0005719563,2
T0005719564,2
T0005719567,3
T0005719569,1
T0005719570,2
T0005719573,2
T0005719574,3
T0005719577,2
T0005719581,3
T0005719586,2
T0005719590,3
T0005719591,1
T0005719594,3
T0005719597,2
T0005719599,3
T0005719600,2
T0005719606,2
T0005719607,2
T0005719608,2
T0005719612,3
T0005719616,2
T0005719618,1
T0005719622,1
T0005719623,2
T0005719626,1
T0005719627,3
T0005719630,1
T0005719632,2
T0005719633,3
T0005719635,2
T0005719637,2
T0005719640,2
T0005719641,1
T0005719644,3
T0005719648,1
T0005719650,3
T0005719658,3
T0005719663,2
T0005719664,2
T0005719667,3
T0005719670,2
T0005719673,2
T0005719675,2
T0005719679,2
T0005719681,2
T0005719683,1
T0005719684,2
T0005719686,1
T0005719688,2
T0005719690,3
T0005719691,2
T0005719692,3
T0005719695,2
T0005719700,2
T0005719703,2
T0005719704,3
T0005719706,1
T0005719707,1
T0005719708,2
T0005719709,2
T0005719710,1
T0005719723,3
T0005719726,1
T0005719729,2
T0005719737,3
T0005719738,2
T0005719740,2
T0005719741,2
T0005719744,2
T0005719745,3
T0005719748,1
T0005719749,3
T0005719752,2
T0005719758,2
T0005719760,2
T0005719761,2
T0005719762,1
T0005719763,1
T0005719767,1
T0005719768,2
T0005719771,2
T0005719772,1
T0005719773,2
T0005719774,1
T0005719775,2
T0005719779,3
T0005719787,3
T0005719795,1
T0005719796,3
T0005719797,1
T0005719798,2
T0005719801,3
T0005719803,3
T0005719804,3
T0005719806,3
T0005719809,2
T0005719810,3
T0005719812,2
T0005719813,3
T0005719819,3
T0005719822,2
T0005719826,2
T0005719827,1
T0005719829,2
T0005719830,3
T0005719833,2
T0005719837,2
T0005719838,3
T0005719841,2
T0005719847,1
T0005719851,1
T0005719852,1
T0005719854,2
T0005719858,1
T0005719863,2
T0005719865,1
T0005719870,2
T0005719872,3
T0005719873,2
T0005719877,1
T0005719878,1
T0005719881,1
T0005719882,2
T0005719885,3
T0005719890,2
T0005719891,2
T0005719901,3
T0005719903,3
T0005719905,2
T0005719906,2
T0005719907,2
T0005719909,3
T0005719910,3
T0005719911,1
T0005719921,3
T0005719929,2
T0005719934,2
T0005719937,2
T0005719939,1
T0005719940,2
T0005719942,1
T0005719943,2
T0005719944,3
T0005719946,1
T0005719948,1
T0005719949,2
T0005719950,3
T0005719952,2
T0005719956,1
T0005719957,3
T0005719958,2
T0005719960,1
T0005719962,2
T0005719967,2
T0005719970,2
T0005719972,2
T0005719973,2
T0005719974,3
T0005719975,2
T0005719976,1
T0005719977,1
T0005719978,2
T0005719980,2
T0005719984,2
T0005719986,1
T0005719987,2
T0005719988,2
T0005719991,2
T0005719992,2
T0005719993,1
T0005719994,3
T0005719995,1
T0005719998,3
T0005720003,3
T0005720007,2
T0005720011,2
T0005720014,2
T0005720016,2
T0005720017,1
T0005720019,1
T0005720020,2
T0005720021,3
T0005720026,3
T0005720028,3
T0005720031,3
T0005720033,3
T0005720037,2
T0005720038,2
T0005720043,1
T0005720049,3
T0005720050,1
T0005720051,2
T0005720052,3
T0005720057,3
T0005720058,2
T0005720059,1
T0005720060,2
T0005720063,2
T0005720064,2
T0005720065,3
T0005720069,1
T0005720073,2
T0005720075,1
T0005720078,1
T0005720079,2
T0005720082,1
T0005720087,2
T0005720092,1
T0005720096,3
T0005720100,2
T0005720104,3
T0005720107,1
T0005720108,3
T0005720119,2
T0005720120,1
T0005720122,2
T0005720125,3
T0005720127,3
T0005720129,2
T0005720134,1
T0005720136,2
T0005720141,3
T0005720148,1
T0005720150,1
T0005720156,3
T0005720158,3
T0005720162,2
T0005720168,3
T0005720170,1
T0005720173,2
T0005720177,3
T0005720178,2
T0005720179,1
T0005720180,2
T0005720185,2
T0005720187,3
T0005720189,3
T0005720193,2
T0005720195,3
T0005720197,3
T0005720199,2
T0005720200,3
T0005720201,2
T0005720205,3
T0005720206,2
T0005720210,2
T0005720211,3
T0005720212,1
T0005720215,2
T0005720216,3
T0005720220,2
T0005720221,2
T0005720224,1
T0005720228,2
T0005720229,3
T0005720235,2
T0005720236,1
T0005720237,2
T0005720239,2
T0005720240,2
T0005720243,3
T0005720244,2
T0005720248,1
T0005720251,2
T0005720254,2
T0005720256,3
T0005720257,1
T0005720263,2
T0005720264,3
T0005720265,3
T0005720267,2
T0005720270,2
T0005720272,2
T0005720273,2
T0005720274,2
T0005720276,3
T0005720278,3
T0005720281,3
T0005720283,2
T0005720287,3
T0005720289,1
T0005720291,3
T0005720294,2
T0005720295,3
T0005720299,1
T0005720303,3
T0005720305,1
T0005720306,2
T0005720307,2
T0005720308,3
T0005720309,3
T0005720312,2
T0005720316,2
T0005720318,3
T0005720327,2
T0005720332,2
T0005720334,3
T0005720338,2
T0005720342,2
T0005720351,3
T0005720354,3
T0005720355,1
T0005720357,2
T0005720358,3
T0005720363,1
T0005720372,2
T0005720373,3
T0005720376,3
T0005720380,3
T0005720383,1
T0005720385,1
T0005720386,1
T0005720388,1
T0005720390,1
T0005720396,2
T0005720401,2
T0005720402,3
T0005720403,2
T0005720404,2
T0005720407,2
T0005720411,3
T0005720417,2
T0005720419,2
T0005720423,2
T0005720426,3
T0005720427,1
T0005720431,2
T0005720432,2
T0005720435,1
T0005720443,3
T0005720445,3
T0005720448,3
T0005720449,2
T0005720451,1
T0005720452,1
T0005720453,3
T0005720458,3
T0005720459,3
T0005720461,1
T0005720462,1
T0005720464,2
T0005720465,2
T0005720466,3
T0005720468,2
T0005720470,2
T0005720471,3
T0005720472,1
T0005720473,3
T0005720480,2
T0005720484,2
T0005720486,3
T0005720487,1
T0005720488,2
T0005720491,3
T0005720492,1
T0005720493,3
T0005720495,2
T0005720496,2
T0005720497,3
T0005720498,3
T0005720500,3
T0005720503,2
T0005720504,2
T0005720507,1
T0005720512,1
T0005720516,2
T0005720517,3
T0005720518,2
T0005720519,1
T0005720520,1
T0005720521,2
T0005720523,2
T0005720525,1
T0005720527,3
T0005720528,3
T0005720529,3
T0005720531,1
T0005720533,1
T0005720536,3
T0005720538,3
T0005720543,3
T0005720546,2
T0005720552,2
T0005720554,3
T0005720560,1
T0005720561,2
T0005720562,2
T0005720564,2
T0005720568,1
T0005720569,2
T0005720571,2
T0005720572,2
T0005720577,1
T0005720578,1
T0005720583,3
T0005720586,3
T0005720592,3
T0005720596,1
T0005720597,2
T0005720601,3
T0005720602,2
T0005720607,3
T0005720609,3
T0005720616,3
T0005720617,3
T0005720621,3
T0005720622,1
T0005720623,2
T0005720627,2
T0005720628,3
T0005720633,3
T0005720634,2
T0005720639,3
T0005720642,2
T0005720643,1
T0005720644,2
T0005720649,2
T0005720650,3
T0005720651,2
T0005720653,2
T0005720656,1
T0005720659,2
T0005720660,3
T0005720662,1
T0005720663,1
T0005720665,2
T0005720666,2
T0005720667,3
T0005720669,1
T0005720673,3
T0005720674,3
T0005720681,2
T0005720689,2
T0005720692,2
T0005720694,2
T0005720696,2
T0005720702,1
T0005720704,3
T0005720712,2
T0005720715,3
T0005720716,2
T0005720719,3
T0005720720,2
T0005720722,2
T0005720723,3
T0005720729,3
T0005720730,2
T0005720732,2
T0005720733,3
T0005720734,2
T0005720737,3
T0005720738,2
T0005720742,2
T0005720743,2
T0005720744,2
T0005720747,2
T0005720748,1
T0005720749,2
T0005720755,1
T0005720760,2
T0005720761,2
T0005720766,3
T0005720771,2
T0005720773,3
T0005720775,2
T0005720777,2
T0005720784,3
T0005720789,2
T0005720790,2
T0005720796,2
T0005720797,2
T0005720798,2
T0005720800,1
T0005720804,3
T0005720807,3
T0005720808,1
T0005720813,2
T0005720819,1
T0005720820,2
T0005720821,1
T0005720822,2
T0005720823,2
T0005720827,1
T0005720828,2
T0005720833,3
T0005720834,2
T0005720838,3
T0005720841,1
T0005720844,2
T0005720847,2
T0005720848,2
T0005720852,3
T0005720854,1
T0005720855,3
T0005720857,2
T0005720860,2
T0005720861,2
T0005720862,2
T0005720865,1
T0005720868,2
T0005720869,3
T0005720873,1
T0005720874,3
T0005720879,3
T0005720884,3
T0005720886,3
T0005720887,1
T0005720889,2
T0005720892,1
T0005720899,2
T0005720900,3
T0005720901,3
T0005720907,3
T0005720908,3
T0005720910,3
T0005720912,3
T0005720913,3
T0005720914,2
T0005720916,3
T0005720917,2
T0005720922,2
T0005720926,3
T0005720927,1
T0005720932,3
T0005720935,2
T0005720938,3
T0005720941,3
T0005720947,2
T0005720948,2
T0005720952,1
T0005720954,3
T0005720956,3
T0005720957,3
T0005720959,2
T0005720960,3
T0005720962,2
T0005720963,3
T0005720965,2
T0005720967,2
T0005720968,2
T0005720969,1
T0005720970,2
T0005720971,3
T0005720972,1
T0005720974,2
T0005720976,1
T0005720977,2
T0005720978,3
T0005720979,1
T0005720981,2
T0005720982,2
T0005720983,3
T0005720990,2
T0005720992,2
T0005720993,2
T0005720995,2
T0005721001,2
T0005721002,3
T0005721003,1
T0005721004,3
T0005721017,2
T0005721018,2
T0005721019,2
T0005721022,1
T0005721023,2
T0005721025,1
T0005721026,1
T0005721027,3
T0005721028,2
T0005721033,1
T0005721035,3
T0005721037,3
T0005721040,2
T0005721042,2
T0005721046,2
T0005721048,1
T0005721050,1
T0005721051,2
T0005721052,1
T0005721053,2
T0005721054,1
T0005721056,2
T0005721057,1
T0005721058,2
T0005721059,2
T0005721061,1
T0005721066,2
T0005721067,3
T0005721068,2
T0005721069,2
T0005721070,2
T0005721073,2
T0005721074,2
T0005721075,3
T0005721076,2
T0005721078,3
T0005721081,3
T0005721082,3
T0005721083,3
T0005721090,3
T0005721091,3
T0005721092,2
T0005721093,2
T0005721094,2
T0005721095,2
T0005721099,3
T0005721103,3
T0005721105,2
T0005721109,2
T0005721112,2
T0005721117,1
T0005721120,2
T0005721122,2
T0005721126,3
T0005721132,2
T0005721134,2
T0005721141,3
T0005721143,2
T0005721144,2
T0005721147,2
T0005721150,3
T0005721151,2
T0005721156,2
T0005721157,2
T0005721159,3
T0005721162,2
T0005721163,2
T0005721164,3
T0005721166,2
T0005721168,2
T0005721172,2
T0005721179,3
T0005721181,1
T0005721182,3
T0005721187,2
T0005721188,1
T0005721192,1
T0005721193,2
T0005721194,2
T0005721195,2
T0005721198,2
T0005721199,3
T0005721201,1
T0005721203,1
T0005721207,2
T0005721219,3
T0005721220,3
T0005721223,2
T0005721224,2
T0005721225,3
T0005721226,2
T0005721228,1
T0005721233,2
T0005721234,3
T0005721235,1
T0005721237,3
T0005721238,2
T0005721239,1
T0005721247,2
T0005721250,3
T0005721251,3
T0005721253,1
T0005721257,3
T0005721258,2
T0005721260,2
T0005721262,2
T0005721264,2
T0005721265,2
T0005721266,2
T0005721267,1
T0005721268,2
T0005721269,1
T0005721272,3
T0005721275,3
T0005721280,2
T0005721281,1
T0005721282,3
T0005721283,3
T0005721287,3
T0005721288,2
T0005721291,2
T0005721294,3
T0005721295,3
T0005721300,3
T0005721301,2
T0005721302,2
T0005721304,1
T0005721306,1
T0005721308,2
T0005721313,3
T0005721316,2
T0005721317,2
T0005721319,3
T0005721321,2
T0005721322,2
T0005721323,3
T0005721326,3
T0005721327,2
T0005721330,3
T0005721332,3
T0005721333,2
T0005721339,2
T0005721342,2
T0005721344,3
T0005721348,1
T0005721349,1
T0005721351,2
T0005721355,1
T0005721356,2
T0005721357,3
T0005721358,1
T0005721360,2
T0005721361,3
T0005721362,3
T0005721367,3
T0005721370,2
T0005721371,2
T0005721378,2
T0005721380,3
T0005721381,2
T0005721383,1
T0005721384,2
T0005721387,3
T0005721388,2
T0005721390,2
T0005721393,2
T0005721395,2
T0005721397,2
T0005721399,2
T0005721400,2
T0005721408,2
T0005721411,2
T0005721413,3
T0005721415,1
T0005721416,3
T0005721417,2
T0005721423,3
T0005721428,2
T0005721429,2
T0005721430,3
T0005721431,3
T0005721433,3
T0005721438,2
T0005721440,2
T0005721441,1
T0005721452,2
T0005721454,2
T0005721456,2
T0005721457,3
T0005721460,2
T0005721466,2
T0005721467,3
T0005721474,2
T0005721476,2
T0005721477,3
T0005721479,1
T0005721483,2
T0005721486,3
T0005721487,2
T0005721491,1
T0005721492,2
T0005721493,2
T0005721495,1
T0005721496,2
T0005721497,3
T0005721498,2
T0005721499,1
T0005721501,2
T0005721502,2
T0005721503,3
T0005721504,2
T0005721505,2
T0005721510,2
T0005721511,3
T0005721513,2
T0005721514,2
T0005721515,2
T0005721520,3
T0005721521,3
T0005721522,1
T0005721525,3
T0005721528,1
T0005721530,3
T0005721531,2
T0005721535,3
T0005721539,2
T0005721540,2
T0005721541,1
T0005721552,2
T0005721555,1
T0005721557,1
T0005721563,3
T0005721564,2
T0005721565,1
T0005721574,3
T0005721575,3
T0005721576,2
T0005721577,2
T0005721578,2
T0005721579,2
T0005721581,2
T0005721583,3
T0005721584,1
T0005721585,2
T0005721587,3
T0005721591,3
T0005721592,3
T0005721594,2
T0005721596,1
T0005721604,2
T0005721606,1
T0005721607,3
T0005721614,3
T0005721617,2
T0005721620,1
T0005721621,2
T0005721623,2
T0005721625,3
T0005721626,1
T0005721628,2
T0005721632,2
T0005721637,3
T0005721640,3
T0005721641,2
T0005721643,2
T0005721644,2
T0005721645,2
T0005721648,2
T0005721649,2
T0005721650,1
T0005721652,2
T0005721659,2
T0005721662,3
T0005721663,2
T0005721665,3
T0005721666,3
T0005721667,1
T0005721669,1
T0005721670,3
T0005721671,2
T0005721673,2
T0005721679,2
T0005721680,3
T0005721681,1
T0005721683,2
T0005721688,1
T0005721692,3
T0005721694,2
T0005721695,2
T0005721701,2
T0005721704,2
T0005721707,2
T0005721709,1
T0005721711,2
T0005721720,1
T0005721724,1
T0005721725,3
T0005721728,3
T0005721733,2
T0005721740,1
T0005721742,3
T0005721745,1
T0005721749,3
T0005721755,1
T0005721756,2
T0005721757,3
T0005721759,2
T0005721761,2
T0005721764,1
T0005721765,1
T0005721771,1
T0005721772,1
T0005721776,1
T0005721777,3
T0005721779,2
T0005721784,2
T0005721785,2
T0005721786,2
T0005721787,1
T0005721788,2
T0005721789,2
T0005721790,2
T0005721792,3
T0005721793,2
T0005721794,2
T0005721797,3
T0005721799,1
T0005721805,1
T0005721807,3
T0005721810,2
T0005721811,1
T0005721812,3
T0005721816,3
T0005721822,1
T0005721824,2
T0005721826,2
T0005721828,2
T0005721830,1
T0005721831,1
T0005721833,2
T0005721836,1
T0005721837,2
T0005721838,3
T0005721840,2
T0005721841,1
T0005721842,2
T0005721843,2
T0005721844,3
T0005721848,3
T0005721849,2
T0005721850,2
T0005721851,2
T0005721853,1
T0005721855,3
T0005721856,2
T0005721859,3
T0005721862,3
T0005721864,2
T0005721865,2
T0005721866,3
T0005721871,2
T0005721874,3
T0005721881,1
T0005721883,2
T0005721884,2
T0005721886,1
T0005721887,3
T0005721892,1
T0005721893,3
T0005721894,3
T0005721898,2
T0005721904,3
T0005721912,3
T0005721913,1
T0005721917,2
T0005721920,2
T0005721923,2
T0005721928,2
T0005721929,2
T0005721930,2
T0005721932,2
T0005721935,3
T0005721936,2
T0005721939,2
T0005721940,2
T0005721941,1
T0005721951,2
T0005721963,1
T0005721964,3
T0005721965,2
T0005721966,3
T0005721968,2
T0005721970,1
T0005721971,2
T0005721972,2
T0005721982,3
T0005721986,2
T0005721992,1
T0005721993,2
T0005721994,2
T0005721997,2
T0005721998,3
T0005722001,2
T0005722009,1
T0005722011,1
T0005722013,2
T0005722014,3
T0005722018,2
T0005722019,1
T0005722025,3
T0005722030,2
T0005722032,2
T0005722035,1
T0005722041,1
T0005722042,2
T0005722046,1
T0005722047,1
T0005722048,1
T0005722052,2
T0005722053,2
T0005722054,2
T0005722057,2
T0005722059,2
T0005722060,3
T0005722061,3
T0005722062,2
T0005722063,3
T0005722064,1
T0005722066,1
T0005722067,3
T0005722068,2
T0005722069,3
T0005722073,3
T0005722074,1
T0005722076,3
T0005722082,2
T0005722083,2
T0005722084,2
T0005722086,1
T0005722090,1
T0005722098,2
T0005722099,3
T0005722101,1
T0005722102,2
T0005722103,3
T0005722104,3
T0005722109,3
T0005722113,3
T0005722115,2
T0005722119,2
T0005722120,3
T0005722123,1
T0005722128,2
T0005722129,3
T0005722131,2
T0005722132,2
T0005722134,3
T0005722135,3
T0005722136,3
T0005722140,3
T0005722143,1
T0005722149,2
T0005722153,3
T0005722155,3
T0005722157,3
T0005722159,2
T0005722162,3
T0005722166,1
T0005722169,2
T0005722170,2
T0005722177,1
T0005722178,1
T0005722181,3
T0005722183,3
T0005722184,3
T0005722186,2
T0005722187,1
T0005722189,3
T0005722196,2
T0005722197,2
T0005722199,2
T0005722201,1
T0005722202,3
T0005722204,2
T0005722208,1
T0005722209,2
T0005722210,2
T0005722211,3
T0005722212,1
T0005722215,3
T0005722216,3
T0005722217,3
T0005722219,3
T0005722221,3
T0005722222,2
T0005722223,3
T0005722225,3
T0005722226,2
T0005722227,1
T0005722231,3
T0005722233,1
T0005722234,2
T0005722238,2
T0005722248,2
T0005722250,2
T0005722252,2
T0005722253,3
T0005722254,3
T0005722255,1
T0005722260,3
T0005722261,3
T0005722262,2
T0005722265,3
T0005722267,3
T0005722268,2
T0005722270,1
T0005722274,2
T0005722276,2
T0005722279,2
T0005722281,2
T0005722282,2
T0005722283,2
T0005722284,1
T0005722287,1
T0005722289,2
T0005722290,1
T0005722291,1
T0005722292,2
T0005722300,2
T0005722302,1
T0005722306,2
T0005722309,1
T0005722310,1
T0005722311,2
T0005722313,2
T0005722315,2
T0005722317,3
T0005722319,3
T0005722323,2
T0005722324,1
T0005722325,2
T0005722326,2
T0005722327,1
T0005722341,2
T0005722345,2
T0005722348,3
T0005722357,2
T0005722359,2
T0005722362,2
T0005722364,1
T0005722365,2
T0005722367,1
T0005722368,2
T0005722369,2
T0005722370,3
T0005722371,2
T0005722376,1
T0005722380,2
T0005722381,2
T0005722382,3
T0005722383,3
T0005722384,2
T0005722386,3
T0005722387,3
T0005722389,1
T0005722390,2
T0005722391,3
T0005722393,3
T0005722395,2
T0005722396,3
T0005722397,2
T0005722399,2
T0005722401,3
T0005722402,3
T0005722405,3
T0005722406,2
T0005722407,2
T0005722410,1
T0005722411,2
T0005722416,3
T0005722417,1
T0005722421,3
T0005722423,3
T0005722427,2
T0005722428,2
T0005722429,2
T0005722431,3
T0005722434,2
T0005722439,3
T0005722440,2
T0005722443,3
T0005722445,2
T0005722446,1
T0005722449,3
T0005722450,2
T0005722458,1
T0005722463,2
T0005722464,1
T0005722466,3
T0005722468,3
T0005722470,1
T0005722476,2
T0005722483,3
T0005722484,2
T0005722488,2
T0005722489,2
T0005722492,2
T0005722493,3
T0005722494,2
T0005722497,3
T0005722498,2
T0005722504,3
T0005722506,3
T0005722507,2
T0005722509,2
T0005722514,1
T0005722515,3
T0005722517,1
T0005722518,2
T0005722522,2
T0005722523,3
T0005722525,1
T0005722526,2
T0005722527,2
T0005722530,2
T0005722531,3
T0005722535,1
T0005722539,2
T0005722540,1
T0005722544,2
T0005722546,2
T0005722547,3
T0005722553,1
T0005722554,2
T0005722556,3
T0005722558,1
T0005722561,2
T0005722562,3
T0005722566,2
T0005722570,3
T0005722571,1
T0005722572,2
T0005722575,2
T0005722576,3
T0005722578,1
T0005722581,1
T0005722584,1
T0005722586,2
T0005722588,3
T0005722592,1
T0005722598,1
T0005722601,1
T0005722602,1
T0005722611,2
T0005722615,2
T0005722618,3
T0005722620,2
T0005722624,2
T0005722625,2
T0005722629,2
T0005722636,3
T0005722638,3
T0005722643,1
T0005722648,2
T0005722650,3
T0005722656,2
T0005722658,1
T0005722662,3
T0005722664,1
T0005722666,1
T0005722667,2
T0005722669,3
T0005722672,2
T0005722673,3
T0005722676,2
T0005722678,2
T0005722679,2
T0005722680,2
T0005722681,2
T0005722682,1
T0005722686,2
T0005722690,2
T0005722691,2
T0005722694,2
T0005722696,2
T0005722697,2
T0005722698,1
T0005722700,1
T0005722701,2
T0005722702,3
T0005722704,1
T0005722706,2
T0005722711,3
T0005722713,2
T0005722715,3
T0005722718,2
T0005722721,2
T0005722722,2
T0005722725,2
T0005722733,3
T0005722734,2
T0005722739,2
T0005722740,2
T0005722741,2
T0005722743,3
T0005722744,2
T0005722746,1
T0005722749,3
T0005722750,2
T0005722751,2
T0005722754,1
T0005722755,3
T0005722756,2
T0005722757,1
T0005722764,3
T0005722765,1
T0005722769,2
T0005722770,2
T0005722774,1
T0005722779,1
T0005722781,3
T0005722784,1
T0005722785,2
T0005722786,2
T0005722791,2
T0005722794,2
T0005722796,3
T0005722797,2
T0005722801,2
T0005722807,2
T0005722808,2
T0005722809,3
T0005722813,2
T0005722814,3
T0005722815,1
T0005722821,1
T0005722828,2
T0005722831,1
T0005722832,3
T0005722833,2
T0005722839,2
T0005722842,2
T0005722843,1
T0005722844,2
T0005722852,2
T0005722854,2
T0005722859,2
T0005722860,2
T0005722865,2
T0005722866,2
T0005722867,2
T0005722868,2
T0005722871,1
T0005722873,2
T0005722877,3
T0005722878,3
T0005722884,2
T0005722888,1
T0005722890,2
T0005722892,2
T0005722893,2
T0005722898,2
T0005722899,2
T0005722905,3
T0005722909,3
T0005722910,2
T0005722915,1
T0005722916,3
T0005722921,1
T0005722925,3
T0005722926,2
T0005722928,3
T0005722929,2
T0005722931,1
T0005722936,1
T0005722938,3
T0005722940,1
T0005722942,3
T0005722944,2
T0005722945,2
T0005722946,2
T0005722947,3
T0005722950,3
T0005722951,2
T0005722952,3
T0005722960,3
T0005722963,2
T0005722964,3
T0005722965,2
T0005722967,2
T0005722968,2
T0005722969,2
T0005722970,1
T0005722972,2
T0005722973,3
T0005722974,3
T0005722975,2
T0005722976,2
T0005722977,3
T0005722979,2
T0005722981,2
T0005722983,2
T0005722985,3
T0005722986,1
T0005722987,3
T0005722989,3
T0005722992,3
T0005722995,3
T0005722996,2
T0005722998,2
T0005722999,2
T0005723000,2
T0005723001,3
T0005723005,3
T0005723006,1
T0005723007,2
T0005723011,2
T0005723012,1
T0005723016,1
T0005723017,2
T0005723018,2
T0005723021,3
T0005723026,2
T0005723028,2
T0005723029,2
T0005723030,2
T0005723031,2
T0005723033,2
T0005723034,3
T0005723035,3
T0005723036,2
T0005723039,1
T0005723042,3
T0005723049,3
T0005723050,2
T0005723051,1
T0005723054,3
T0005723057,1
T0005723058,3
T0005723061,3
T0005723062,2
T0005723063,2
T0005723065,3
T0005723066,1
T0005723070,2
T0005723072,2
T0005723074,3
T0005723075,2
T0005723079,1
T0005723082,3
T0005723086,1
T0005723087,2
T0005723089,3
T0005723091,3
T0005723092,1
T0005723096,2
T0005723097,3
T0005723098,2
T0005723101,2
T0005723102,2
T0005723105,3
T0005723107,3
T0005723108,2
T0005723110,1
T0005723112,1
T0005723117,3
T0005723121,3
T0005723126,2
T0005723131,2
T0005723132,1
T0005723137,1
T0005723138,1
T0005723139,3
T0005723143,3
T0005723151,2
T0005723152,3
T0005723157,2
T0005723159,2
T0005723161,3
T0005723162,3
T0005723163,1
T0005723164,3
T0005723166,2
T0005723168,2
T0005723169,2
T0005723175,1
T0005723178,2
T0005723181,2
T0005723186,1
T0005723188,1
T0005723190,2
T0005723197,2
T0005723204,3
T0005723207,2
T0005723209,1
T0005723210,2
T0005723211,3
T0005723212,2
T0005723214,2
T0005723215,1
T0005723219,2
T0005723221,3
T0005723223,2
T0005723224,2
T0005723235,3
T0005723236,3
T0005723240,2
T0005723241,2
T0005723242,2
T0005723250,3
T0005723251,3
T0005723252,2
T0005723254,1
T0005723257,2
T0005723260,1
T0005723262,2
T0005723263,2
T0005723265,3
T0005723266,3
T0005723270,2
T0005723272,3
T0005723273,3
T0005723275,2
T0005723276,2
T0005723278,2
T0005723281,2
T0005723284,3
T0005723287,3
T0005723290,3
T0005723291,1
T0005723293,2
T0005723294,1
T0005723295,2
T0005723296,3
T0005723303,3
T0005723304,2
T0005723305,3
T0005723306,3
T0005723309,3
T0005723313,3
T0005723314,2
T0005723316,2
T0005723317,3
T0005723320,1
T0005723322,3
T0005723323,1
T0005723326,3
T0005723330,3
T0005723331,1
T0005723332,3
T0005723333,3
T0005723334,3
T0005723339,2
T0005723341,3
T0005723342,2
T0005723343,2
T0005723344,1
T0005723347,3
T0005723348,1
T0005723349,2
T0005723353,2
T0005723354,3
T0005723355,3
T0005723359,3
T0005723365,1
T0005723367,1
T0005723368,3
T0005723369,2
T0005723375,3
T0005723380,3
T0005723382,2
T0005723385,3
T0005723386,2
T0005723387,3
T0005723388,2
T0005723390,3
T0005723393,1
T0005723397,2
T0005723398,2
T0005723400,3
T0005723401,3
T0005723402,2
T0005723403,1
T0005723405,1
T0005723406,3
T0005723407,3
T0005723408,2
T0005723411,2
T0005723412,2
T0005723414,1
T0005723415,3
T0005723417,2
T0005723418,2
T0005723427,3
T0005723435,1
T0005723436,3
T0005723437,3
T0005723439,3
T0005723440,2
T0005723443,2
T0005723448,3
T0005723455,2
T0005723457,3
T0005723463,1
T0005723466,3
T0005723469,2
T0005723471,2
T0005723473,2
T0005723474,1
T0005723485,2
T0005723489,1
T0005723490,2
T0005723491,2
T0005723492,3
T0005723494,2
T0005723496,2
T0005723497,2
T0005723502,3
T0005723503,2
T0005723507,2
T0005723516,2
T0005723519,2
T0005723520,3
T0005723522,2
T0005723528,3
T0005723532,2
T0005723535,3
T0005723536,3
T0005723539,2
T0005723541,1
T0005723545,2
T0005723556,3
T0005723559,2
T0005723560,2
T0005723562,3
T0005723563,1
T0005723564,1
T0005723566,1
T0005723567,2
T0005723569,3
T0005723571,2
T0005723572,2
T0005723573,2
T0005723576,3
T0005723578,2
T0005723579,2
T0005723580,2
T0005723581,3
T0005723582,2
T0005723583,2
T0005723584,3
T0005723586,1
T0005723587,3
T0005723589,2
T0005723590,2
T0005723593,1
T0005723594,2
T0005723595,2
T0005723599,2
T0005723602,3
T0005723610,1
T0005723612,2
T0005723613,2
T0005723615,2
T0005723618,2
T0005723619,3
T0005723621,2
T0005723623,1
T0005723626,2
T0005723633,2
T0005723640,2
T0005723641,2
T0005723643,1
T0005723649,2
T0005723651,3
T0005723652,2
T0005723653,3
T0005723661,1
T0005723665,2
T0005723666,2
T0005723671,3
T0005723674,2
T0005723676,2
T0005723678,1
T0005723681,3
T0005723685,2
T0005723687,2
T0005723688,2
T0005723691,3
T0005723697,1
T0005723701,2
T0005723702,2
T0005723703,3
T0005723704,2
T0005723708,2
T0005723710,2
T0005723713,2
T0005723715,3
T0005723723,1
T0005723726,2
T0005723727,1
T0005723730,2
T0005723732,2
T0005723735,2
T0005723737,2
T0005723739,1
T0005723743,3
T0005723744,2
T0005723746,2
T0005723747,2
T0005723750,1
T0005723756,2
T0005723762,2
T0005723766,3
T0005723769,2
T0005723773,3
T0005723774,2
T0005723777,2
T0005723783,3
T0005723787,2
T0005723790,2
T0005723791,3
T0005723792,2
T0005723798,2
T0005723801,2
T0005723803,2
T0005723807,2
T0005723808,2
T0005723816,3
T0005723818,2
T0005723823,3
T0005723824,2
T0005723826,3
T0005723827,2
T0005723830,2
T0005723831,2
T0005723832,2
T0005723833,2
T0005723835,2
T0005723840,2
T0005723844,2
T0005723846,2
T0005723847,1
T0005723848,3
T0005723849,3
T0005723850,2
T0005723852,2
T0005723853,3
T0005723856,2
T0005723858,2
T0005723859,2
T0005723860,2
T0005723862,3
T0005723865,3
T0005723866,3
T0005723869,2
T0005723870,1
T0005723871,2
T0005723873,1
T0005723875,2
T0005723879,2
T0005723882,2
T0005723885,2
T0005723886,3
T0005723887,2
T0005723889,2
T0005723891,2
T0005723904,3
T0005723905,2
T0005723907,3
T0005723908,3
T0005723912,2
T0005723914,3
T0005723915,3
T0005723924,2
T0005723926,2
T0005723931,2
T0005723932,1
T0005723935,2
T0005723939,1
T0005723942,3
T0005723943,2
T0005723944,2
T0005723947,1
T0005723948,2
T0005723950,3
T0005723954,2
T0005723955,1
T0005723956,3
T0005723958,2
T0005723964,3
T0005723967,2
T0005723968,2
T0005723969,2
T0005723971,2
T0005723972,3
T0005723973,1
T0005723974,3
T0005723977,3
T0005723978,3
T0005723981,2
T0005723982,2
T0005723984,2
T0005723987,2
T0005723988,1
T0005723989,2
T0005723991,3
T0005723994,3
T0005723995,3
T0005723998,1
T0005723999,2
T0005724003,1
T0005724005,3
T0005724006,3
T0005724007,2
T0005724009,3
T0005724010,2
T0005724012,3
T0005724013,2
T0005724014,2
T0005724015,2
T0005724016,3
T0005724022,3
T0005724023,3
T0005724024,3
T0005724027,3
T0005724028,2
T0005724029,1
T0005724033,3
T0005724034,3
T0005724035,3
T0005724036,3
T0005724042,1
T0005724045,2
T0005724051,2
T0005724052,3
T0005724053,2
T0005724054,2
T0005724056,2
T0005724060,1
T0005724061,3
T0005724063,3
T0005724064,2
T0005724066,1
T0005724068,2
T0005724070,1
T0005724071,1
T0005724073,2
T0005724077,2
T0005724082,2
T0005724083,1
T0005724086,2
T0005724087,2
T0005724088,2
T0005724089,2
T0005724091,2
T0005724093,3
T0005724095,2
T0005724106,2
T0005724111,3
T0005724112,3
T0005724115,2
T0005724118,1
T0005724119,3
T0005724120,1
T0005724121,2
T0005724123,3
T0005724125,2
T0005724126,2
T0005724128,2
T0005724130,1
T0005724131,3
T0005724132,1
T0005724137,2
T0005724146,1
T0005724150,1
T0005724151,3
T0005724153,2
T0005724156,2
T0005724158,2
T0005724163,3
T0005724167,1
T0005724169,1
T0005724172,3
T0005724174,2
T0005724175,1
T0005724178,3
T0005724182,2
T0005724187,3
T0005724192,3
T0005724193,2
T0005724194,2
T0005724196,1
T0005724198,2
T0005724199,3
T0005724200,2
T0005724202,3
T0005724206,3
T0005724208,3
T0005724209,1
T0005724213,1
T0005724214,2
T0005724216,3
T0005724217,2
T0005724219,1
T0005724220,2
T0005724222,2
T0005724224,2
T0005724226,1
T0005724231,2
T0005724233,3
T0005724235,1
T0005724236,1
T0005724238,3
T0005724240,3
T0005724244,1
T0005724245,1
T0005724248,2
T0005724251,2
T0005724252,3
T0005724256,1
T0005724260,3
T0005724264,1
T0005724265,2
T0005724269,2
T0005724276,2
T0005724277,2
T0005724278,2
T0005724279,3
T0005724280,3
T0005724281,1
T0005724283,2
T0005724284,1
T0005724287,3
T0005724289,3
T0005724294,2
T0005724295,1
T0005724296,3
T0005724298,1
T0005724301,2
T0005724305,3
T0005724307,1
T0005724309,1
T0005724310,2
T0005724311,1
T0005724316,3
T0005724319,2
T0005724321,1
T0005724328,2
T0005724334,2
T0005724336,2
T0005724339,1
T0005724341,3
T0005724342,2
T0005724343,2
T0005724345,2
T0005724347,2
T0005724348,2
T0005724349,3
T0005724350,3
T0005724351,3
T0005724352,2
T0005724353,3
T0005724354,3
T0005724357,3
T0005724359,2
T0005724362,2
T0005724364,2
T0005724366,2
T0005724368,3
T0005724369,2
T0005724370,2
T0005724371,2
T0005724374,2
T0005724375,3
T0005724378,3
T0005724380,1
T0005724381,3
T0005724382,2
T0005724383,2
T0005724390,2
T0005724391,1
T0005724394,2
T0005724395,2
T0005724396,1
T0005724401,3
T0005724403,2
T0005724405,2
T0005724406,3
T0005724409,2
T0005724410,3
T0005724416,1
T0005724417,3
T0005724418,3
T0005724420,2
T0005724424,1
T0005724426,3
T0005724427,3
T0005724434,3
T0005724441,3
T0005724448,1
T0005724454,2
T0005724455,2
T0005724457,2
T0005724459,3
T0005724460,2
T0005724461,2
T0005724463,2
T0005724469,1
T0005724470,3
T0005724471,3
T0005724477,1
T0005724478,1
T0005724482,3
T0005724483,3
T0005724485,2
T0005724488,3
T0005724489,3
T0005724490,2
T0005724492,1
T0005724493,2
T0005724500,2
T0005724501,2
T0005724502,3
T0005724503,2
T0005724504,3
T0005724505,2
T0005724509,2
T0005724510,2
T0005724511,2
T0005724512,3
T0005724513,2
T0005724514,2
T0005724515,2
T0005724516,3
T0005724517,2
T0005724519,2
T0005724520,2
T0005724521,2
T0005724525,1
T0005724526,1
T0005724529,1
T0005724530,3
T0005724531,2
T0005724533,2
T0005724535,2
T0005724536,3
T0005724537,1
T0005724540,2
T0005724543,2
T0005724545,3
T0005724547,2
T0005724549,2
T0005724551,2
T0005724552,3
T0005724556,3
T0005724558,2
T0005724559,2
T0005724562,3
T0005724565,1
T0005724570,2
T0005724575,2
T0005724577,2
T0005724584,2
T0005724586,2
T0005724588,1
T0005724589,3
T0005724590,1
T0005724593,3
T0005724594,2
T0005724597,2
T0005724598,2
T0005724599,1
T0005724601,1
T0005724602,2
T0005724603,2
T0005724606,3
T0005724607,1
T0005724610,3
T0005724612,2
T0005724613,1
T0005724615,2
T0005724618,2
T0005724619,1
T0005724624,2
T0005724625,2
T0005724627,2
T0005724629,2
T0005724633,3
T0005724635,2
T0005724636,3
T0005724637,3
T0005724638,2
T0005724647,1
T0005724649,3
T0005724650,2
T0005724652,3
T0005724653,2
T0005724654,1
T0005724660,2
T0005724664,2
T0005724666,2
T0005724669,2
T0005724670,3
T0005724674,3
T0005724675,1
T0005724677,3
T0005724679,2
T0005724680,1
T0005724682,2
T0005724683,2
T0005724693,3
T0005724695,2
T0005724697,1
T0005724702,1
T0005724708,1
T0005724715,2
T0005724716,1
T0005724717,2
T0005724719,2
T0005724725,3
T0005724727,3
T0005724730,2
T0005724733,2
T0005724736,3
T0005724738,2
T0005724740,3
T0005724742,3
T0005724744,2
T0005724746,3
T0005724751,2
T0005724752,2
T0005724755,1
T0005724759,1
T0005724762,3
T0005724764,1
T0005724766,3
T0005724767,3
T0005724769,2
T0005724770,3
T0005724771,2
T0005724775,2
T0005724780,1
T0005724781,2
T0005724782,2
T0005724785,3
T0005724787,1
T0005724788,2
T0005724792,1
T0005724795,2
T0005724797,3
T0005724798,3
T0005724801,2
T0005724809,2
T0005724811,2
T0005724812,1
T0005724818,2
T0005724819,2
T0005724821,2
T0005724826,2
T0005724830,3
T0005724831,2
T0005724832,1
T0005724833,3
T0005724836,2
T0005724837,1
T0005724838,2
T0005724839,2
T0005724840,3
T0005724845,2
T0005724846,2
T0005724847,2
T0005724850,2
T0005724851,2
T0005724852,2
T0005724854,3
T0005724856,2
T0005724858,2
T0005724862,2
T0005724864,1
T0005724872,2
T0005724874,3
T0005724877,2
T0005724890,3
T0005724891,2
T0005724892,2
T0005724893,3
T0005724895,1
T0005724900,3
T0005724902,1
T0005724903,2
T0005724906,3
T0005724907,3
T0005724909,3
T0005724911,3
T0005724912,3
T0005724913,2
T0005724914,2
T0005724916,3
T0005724920,2
T0005724921,2
T0005724922,2
T0005724924,1
T0005724932,3
T0005724934,2
T0005724935,1
T0005724937,2
T0005724938,2
T0005724939,3
T0005724943,1
T0005724945,3
T0005724947,2
T0005724952,3
T0005724954,3
T0005724957,2
T0005724959,2
T0005724960,1
T0005724962,3
T0005724964,2
T0005724966,2
T0005724967,2
T0005724970,3
T0005724971,1
T0005724972,3
T0005724977,2
T0005724981,2
T0005724984,3
T0005724986,2
T0005724988,2
T0005724990,2
T0005724997,2
T0005724999,2
T0005725003,2
T0005725005,3
T0005725007,3
T0005725009,1
T0005725010,2
T0005725014,2
T0005725017,2
T0005725018,3
T0005725019,3
T0005725021,1
T0005725023,2
T0005725024,3
T0005725028,3
T0005725036,2
T0005725038,3
T0005725039,2
T0005725042,1
T0005725047,2
T0005725050,2
T0005725051,3
T0005725053,1
T0005725054,1
T0005725055,2
T0005725056,1
T0005725062,2
T0005725068,3
T0005725069,3
T0005725070,3
T0005725071,3
T0005725072,2
T0005725076,3
T0005725078,1
T0005725080,2
T0005725083,3
T0005725085,3
T0005725086,3
T0005725087,3
T0005725088,3
T0005725089,1
T0005725097,2
T0005725098,2
T0005725100,2
T0005725104,2
T0005725106,1
T0005725113,2
T0005725115,3
T0005725116,1
T0005725118,2
T0005725119,3
T0005725120,2
T0005725122,1
T0005725123,2
T0005725124,2
T0005725125,2
T0005725130,2
T0005725135,2
T0005725136,2
T0005725139,3
T0005725142,3
T0005725145,2
T0005725148,2
T0005725153,3
T0005725157,1
T0005725160,3
T0005725161,3
T0005725164,2
T0005725165,1
T0005725169,2
T0005725171,3
T0005725174,3
T0005725175,3
T0005725178,2
T0005725181,1
T0005725183,2
T0005725187,3
T0005725188,3
T0005725199,2
T0005725201,2
T0005725203,3
T0005725209,3
T0005725210,2
T0005725211,2
T0005725215,3
T0005725216,3
T0005725217,2
T0005725220,2
T0005725222,2
T0005725227,3
T0005725228,3
T0005725230,2
T0005725231,3
T0005725233,2
T0005725234,2
T0005725239,3
T0005725241,2
T0005725245,1
T0005725246,1
T0005725248,2
T0005725251,2
T0005725252,2
T0005725256,2
T0005725257,1
T0005725258,1
T0005725259,1
T0005725260,1
T0005725261,1
T0005725265,3
T0005725267,2
T0005725268,3
T0005725269,2
T0005725271,2
T0005725277,1
T0005725278,1
T0005725279,2
T0005725280,3
T0005725281,1
T0005725285,3
T0005725286,1
T0005725289,2
T0005725291,2
T0005725292,3
T0005725294,3
T0005725295,3
T0005725298,2
T0005725301,1
T0005725305,2
T0005725310,2
T0005725311,3
T0005725312,2
T0005725313,2
T0005725314,1
T0005725324,3
T0005725326,3
T0005725327,2
T0005725328,1
T0005725329,1
T0005725330,1
T0005725332,3
T0005725335,2
T0005725337,3
T0005725348,3
T0005725350,2
T0005725352,2
T0005725353,2
T0005725356,3
T0005725359,3
T0005725361,3
T0005725365,3
T0005725370,1
T0005725372,1
T0005725373,3
T0005725378,3
T0005725383,1
T0005725386,2
T0005725387,3
T0005725388,2
T0005725391,2
T0005725392,1
T0005725398,2
T0005725401,2
T0005725404,1
T0005725407,2
T0005725412,1
T0005725413,2
T0005725416,2
T0005725418,2
T0005725420,2
T0005725422,2
T0005725425,1
T0005725430,2
T0005725431,2
T0005725435,1
T0005725439,2
T0005725440,3
T0005725444,1
T0005725445,2
T0005725446,3
T0005725447,2
T0005725449,3
T0005725452,2
T0005725453,1
T0005725454,3
T0005725455,3
T0005725456,2
T0005725463,3
T0005725464,2
T0005725465,1
T0005725469,1
T0005725472,2
T0005725476,2
T0005725486,2
T0005725488,3
T0005725494,2
T0005725496,2
T0005725499,3
T0005725500,2
T0005725501,1
T0005725502,2
T0005725504,3
T0005725506,1
T0005725514,1
T0005725519,1
T0005725525,2
T0005725528,2
T0005725529,2
T0005725534,2
T0005725535,3
T0005725537,3
T0005725538,1
T0005725540,2
T0005725542,3
T0005725549,2
T0005725553,2
T0005725558,2
T0005725559,2
T0005725560,2
T0005725565,2
T0005725567,2
T0005725573,1
T0005725574,2
T0005725576,2
T0005725578,3
T0005725580,2
T0005725585,2
T0005725587,2
T0005725588,2
T0005725590,3
T0005725593,2
T0005725595,1
T0005725596,2
T0005725597,2
T0005725600,3
T0005725601,2
T0005725602,1
T0005725603,1
T0005725607,3
T0005725609,2
T0005725611,3
T0005725612,1
T0005725613,3
T0005725614,1
T0005725619,1
T0005725621,2
T0005725625,2
T0005725626,3
T0005725630,3
T0005725632,2
T0005725633,1
T0005725637,3
T0005725639,1
T0005725641,2
T0005725644,3
T0005725648,2
T0005725649,3
T0005725650,2
T0005725653,3
T0005725656,3
T0005725657,2
T0005725658,2
T0005725662,2
T0005725663,2
T0005725664,2
T0005725672,2
T0005725674,3
T0005725677,3
T0005725678,1
T0005725679,1
T0005725687,2
T0005725691,2
T0005725694,2
T0005725695,2
T0005725696,1
T0005725698,3
T0005725699,2
T0005725701,1
T0005725705,2
T0005725709,3
T0005725710,3
T0005725711,3
T0005725713,2
T0005725715,2
T0005725722,2
T0005725723,2
T0005725724,3
T0005725727,3
T0005725729,2
T0005725731,2
T0005725736,3
T0005725741,1
T0005725743,2
T0005725745,2
T0005725746,2
T0005725747,2
T0005725749,1
T0005725750,3
T0005725753,2
T0005725754,1
T0005725755,1
T0005725757,3
T0005725758,2
T0005725765,1
T0005725766,1
T0005725767,3
T0005725768,2
T0005725773,1
T0005725774,2
T0005725778,2
T0005725781,2
T0005725782,2
T0005725785,2
T0005725787,3
T0005725788,1
T0005725789,2
T0005725797,3
T0005725800,1
T0005725801,2
T0005725802,3
T0005725803,3
T0005725806,2
T0005725809,1
T0005725811,3
T0005725812,2
T0005725820,2
T0005725821,2
T0005725824,1
T0005725827,2
T0005725828,3
T0005725833,3
T0005725841,2
T0005725843,3
T0005725845,3
T0005725847,3
T0005725850,1
T0005725851,2
T0005725853,3
T0005725855,2
T0005725856,3
T0005725860,3
T0005725862,2
T0005725863,2
T0005725864,2
T0005725865,2
T0005725867,3
T0005725868,2
T0005725873,1
T0005725874,3
T0005725877,2
T0005725882,2
T0005725888,2
T0005725892,2
T0005725893,3
T0005725894,1
T0005725895,1
T0005725896,3
T0005725897,3
T0005725898,3
T0005725903,3
T0005725904,2
T0005725905,2
T0005725907,2
T0005725908,2
T0005725909,2
T0005725914,1
T0005725916,3
T0005725918,1
T0005725921,3
T0005725922,3
T0005725927,3
T0005725928,1
T0005725930,1
T0005725933,2
T0005725934,2
T0005725937,2
T0005725947,3
T0005725948,2
T0005725951,1
T0005725952,2
T0005725953,2
T0005725955,3
T0005725957,3
T0005725958,3
T0005725959,3
T0005725960,1
T0005725962,3
T0005725965,2
T0005725971,2
T0005725974,1
T0005725978,2
T0005725980,2
T0005725983,1
T0005725984,3
T0005725987,2
T0005725988,3
T0005725991,3
T0005725992,1
T0005725994,2
T0005725995,3
T0005725996,2
T0005725999,3
T0005726001,2
T0005726002,2
T0005726006,3
T0005726011,2
T0005726012,2
T0005726015,3
T0005726016,3
T0005726021,2
T0005726026,3
T0005726033,2
T0005726034,2
T0005726035,1
T0005726036,1
T0005726038,3
T0005726039,2
T0005726042,1
T0005726044,3
T0005726046,2
T0005726047,2
T0005726049,2
T0005726050,2
T0005726052,3
T0005726053,2
T0005726054,2
T0005726055,2
T0005726056,1
T0005726058,2
T0005726060,2
T0005726065,2
T0005726066,2
T0005726070,2
T0005726074,2
T0005726076,2
T0005726077,2
T0005726078,2
T0005726081,2
T0005726085,3
T0005726087,2
T0005726088,2
T0005726089,3
T0005726090,2
T0005726091,2
T0005726092,3
T0005726094,2
T0005726097,1
T0005726098,1
T0005726101,2
T0005726102,2
T0005726103,2
T0005726105,3
T0005726106,2
T0005726111,3
T0005726112,3
T0005726116,3
T0005726122,2
T0005726123,2
T0005726126,2
T0005726127,2
T0005726128,2
T0005726129,1
T0005726135,3
T0005726136,3
T0005726139,2
T0005726143,3
T0005726145,1
T0005726152,1
T0005726154,3
T0005726155,3
T0005726156,1
T0005726161,2
T0005726162,2
T0005726163,2
T0005726175,3
T0005726176,2
T0005726178,2
T0005726183,2
T0005726184,1
T0005726185,2
T0005726191,2
T0005726192,2
T0005726193,1
T0005726194,3
T0005726197,2
T0005726202,3
T0005726204,2
T0005726205,2
T0005726208,2
T0005726209,3
T0005726210,2
T0005726213,3
T0005726214,3
T0005726216,2
T0005726219,3
T0005726221,2
T0005726222,2
T0005726228,2
T0005726231,3
T0005726235,1
T0005726239,2
T0005726240,3
T0005726243,1
T0005726249,1
T0005726251,3
T0005726253,3
T0005726256,1
T0005726258,3
T0005726259,2
T0005726260,3
T0005726265,2
T0005726267,2
T0005726268,3
T0005726269,2
T0005726273,2
T0005726275,2
T0005726277,3
T0005726279,2
T0005726283,1
T0005726286,3
T0005726292,2
T0005726294,1
T0005726295,2
T0005726296,1
T0005726298,2
T0005726300,2
T0005726302,2
T0005726310,2
T0005726311,2
T0005726315,2
T0005726316,2
T0005726318,3
T0005726322,2
T0005726323,3
T0005726325,2
T0005726326,3
T0005726327,3
T0005726329,3
T0005726332,1
T0005726333,3
T0005726337,2
T0005726339,1
T0005726341,2
T0005726349,2
T0005726350,3
T0005726351,1
T0005726353,3
T0005726354,3
T0005726355,1
T0005726359,3
T0005726362,3
T0005726366,2
T0005726368,3
T0005726369,1
T0005726370,3
T0005726372,1
T0005726373,2
T0005726377,2
T0005726380,1
T0005726382,3
T0005726384,2
T0005726385,2
T0005726389,1
T0005726392,3
T0005726399,3
T0005726400,2
T0005726404,2
T0005726406,3
T0005726410,2
T0005726413,1
T0005726416,3
T0005726417,1
T0005726418,2
T0005726421,2
T0005726430,2
T0005726431,2
T0005726433,1
T0005726436,3
T0005726439,2
T0005726446,3
T0005726448,2
T0005726451,2
T0005726453,1
T0005726461,2
T0005726467,3
T0005726470,3
T0005726471,1
T0005726475,1
T0005726481,3
T0005726486,2
T0005726487,2
T0005726492,3
T0005726499,2
T0005726500,2
T0005726502,2
T0005726503,3
T0005726505,2
T0005726508,3
T0005726515,1
T0005726519,2
T0005726521,3
T0005726524,2
T0005726525,2
T0005726527,3
T0005726530,2
T0005726533,3
T0005726538,2
T0005726542,2
T0005726544,2
T0005726548,2
T0005726551,3
T0005726552,2
T0005726554,3
T0005726555,3
T0005726558,2
T0005726559,2
T0005726562,3
T0005726564,2
T0005726565,2
T0005726566,2
T0005726570,2
T0005726572,2
T0005726573,1
T0005726575,1
T0005726577,2
T0005726582,3
T0005726584,3
T0005726585,3
T0005726586,3
T0005726589,1
T0005726594,1
T0005726595,1
T0005726596,3
T0005726608,2
T0005726609,3
T0005726610,2
T0005726611,2
T0005726615,2
T0005726617,2
T0005726619,2
T0005726622,1
T0005726623,2
T0005726624,1
T0005726625,3
T0005726628,3
T0005726631,3
T0005726633,1
T0005726634,2
T0005726637,3
T0005726640,2
T0005726641,2
T0005726642,2
T0005726644,3
T0005726645,1
T0005726646,2
T0005726650,2
T0005726651,3
T0005726655,2
T0005726657,2
T0005726658,2
T0005726661,2
T0005726666,2
T0005726668,2
T0005726671,3
T0005726673,2
T0005726674,3
T0005726676,3
T0005726677,2
T0005726681,2
T0005726682,2
T0005726688,1
T0005726692,3
T0005726693,3
T0005726695,3
T0005726696,2
T0005726697,3
T0005726700,2
T0005726705,2
T0005726706,3
T0005726707,3
T0005726710,3
T0005726712,3
T0005726718,2
T0005726720,2
T0005726722,2
T0005726726,2
T0005726727,3
T0005726728,2
T0005726733,2
T0005726736,2
T0005726740,1
T0005726741,2
T0005726743,2
T0005726745,3
T0005726746,3
T0005726748,2
T0005726749,3
T0005726750,2
T0005726751,3
T0005726752,2
T0005726755,2
T0005726758,2
T0005726760,2
T0005726763,1
T0005726766,2
T0005726767,3
T0005726772,1
T0005726780,1
T0005726785,2
T0005726788,1
T0005726789,2
T0005726790,2
T0005726792,2
T0005726793,2
T0005726795,3
T0005726797,2
T0005726798,2
T0005726801,3
T0005726802,2
T0005726803,2
T0005726804,2
T0005726806,3
T0005726808,1
T0005726812,2
T0005726815,3
T0005726817,3
T0005726818,2
T0005726819,2
T0005726822,2
T0005726823,3
T0005726824,3
T0005726825,1
T0005726828,2
T0005726830,3
T0005726831,1
T0005726833,1
T0005726835,2
T0005726839,1
T0005726841,2
T0005726846,1
T0005726847,1
T0005726849,3
T0005726850,2
T0005726855,1
T0005726856,3
T0005726857,3
T0005726860,1
T0005726866,3
T0005726870,2
T0005726871,2
T0005726872,1
T0005726873,3
T0005726874,2
T0005726880,2
T0005726881,3
T0005726883,2
T0005726887,3
T0005726888,2
T0005726890,2
T0005726891,2
T0005726893,3
T0005726895,1
T0005726898,2
T0005726904,3
T0005726905,1
T0005726907,2
T0005726908,1
T0005726911,3
T0005726914,2
T0005726916,2
T0005726921,3
T0005726925,2
T0005726926,3
T0005726928,1
T0005726930,3
T0005726931,3
T0005726935,2
T0005726936,3
T0005726937,2
T0005726942,2
T0005726946,2
T0005726948,1
T0005726949,3
T0005726950,1
T0005726951,2
T0005726952,2
T0005726957,2
T0005726959,1
T0005726963,3
T0005726964,3
T0005726965,3
T0005726967,2
T0005726969,3
T0005726970,3
T0005726972,2
T0005726973,1
T0005726976,1
T0005726979,3
T0005726984,2
T0005726987,3
T0005726997,1
T0005727000,2
T0005727004,1
T0005727007,3
T0005727011,2
T0005727012,1
T0005727015,3
T0005727017,2
T0005727018,3
T0005727019,1
T0005727020,2
T0005727022,2
T0005727023,1
T0005727027,2
T0005727034,1
T0005727036,1
T0005727037,1
T0005727039,2
T0005727041,3
T0005727042,3
T0005727046,3
T0005727047,1
T0005727050,1
T0005727052,3
T0005727056,3
T0005727057,3
T0005727063,1
T0005727066,1
T0005727068,1
T0005727069,2
T0005727070,1
T0005727071,3
T0005727072,1
T0005727074,3
T0005727077,2
T0005727088,2
T0005727089,2
T0005727090,3
T0005727097,2
T0005727102,2
T0005727106,1
T0005727110,2
T0005727111,2
T0005727113,2
T0005727116,2
T0005727119,1
T0005727120,3
T0005727134,2
T0005727140,2
T0005727141,3
T0005727145,2
T0005727151,2
T0005727153,2
T0005727154,3
T0005727156,3
T0005727157,2
T0005727158,2
T0005727160,2
T0005727163,1
T0005727167,2
T0005727168,1
T0005727169,3
T0005727172,2
T0005727178,2
T0005727179,2
T0005727180,2
T0005727181,2
T0005727183,2
T0005727184,3
T0005727186,2
T0005727188,3
T0005727190,1
T0005727193,2
T0005727194,2
T0005727195,2
T0005727197,2
T0005727198,2
T0005727199,3
T0005727200,2
T0005727202,2
T0005727204,3
T0005727205,1
T0005727206,2
T0005727207,1
T0005727208,2
T0005727210,2
T0005727211,3
T0005727213,3
T0005727214,1
T0005727221,1
T0005727222,3
T0005727223,2
T0005727227,3
T0005727229,3
T0005727235,3
T0005727241,3
T0005727244,3
T0005727245,2
T0005727250,1
T0005727252,2
T0005727254,1
T0005727255,1
T0005727256,1
T0005727260,2
T0005727267,3
T0005727271,2
T0005727272,3
T0005727274,2
T0005727276,3
T0005727277,3
T0005727283,3
T0005727285,3
T0005727288,3
T0005727295,1
T0005727300,2
T0005727302,2
T0005727303,3
T0005727310,2
T0005727311,2
T0005727313,1
T0005727316,2
T0005727318,3
T0005727319,1
T0005727320,3
T0005727324,1
T0005727331,2
T0005727334,2
T0005727338,2
T0005727341,2
T0005727342,1
T0005727345,1
T0005727351,2
T0005727353,2
T0005727354,1
T0005727355,1
T0005727358,3
T0005727361,2
T0005727362,3
T0005727366,2
T0005727367,1
T0005727368,2
T0005727369,2
T0005727371,1
T0005727377,2
T0005727378,3
T0005727380,2
T0005727381,1
T0005727383,3
T0005727384,2
T0005727387,1
T0005727391,2
T0005727395,2
T0005727396,2
T0005727398,2
T0005727400,3
T0005727401,3
T0005727402,2
T0005727403,1
T0005727404,3
T0005727408,2
T0005727409,1
T0005727410,3
T0005727412,1
T0005727416,2
T0005727419,3
T0005727422,2
T0005727425,3
T0005727426,3
T0005727427,1
T0005727429,2
T0005727432,1
T0005727433,2
T0005727435,2
T0005727446,1
T0005727448,3
T0005727456,2
T0005727457,2
T0005727459,3
T0005727460,3
T0005727461,3
T0005727464,2
T0005727465,2
T0005727466,3
T0005727469,3
T0005727470,2
T0005727472,3
T0005727474,3
T0005727475,2
T0005727477,3
T0005727478,2
T0005727479,3
T0005727481,2
T0005727482,3
T0005727483,2
T0005727485,2
T0005727490,3
T0005727493,1
T0005727496,2
T0005727498,2
T0005727500,3
T0005727502,1
T0005727507,3
T0005727508,3
T0005727510,3
T0005727512,3
T0005727514,1
T0005727516,1
T0005727518,2
T0005727519,1
T0005727521,2
T0005727531,2
T0005727536,2
T0005727537,2
T0005727538,1
T0005727540,2
T0005727543,2
T0005727545,2
T0005727547,3
T0005727550,1
T0005727553,1
T0005727555,2
T0005727556,2
T0005727559,3
T0005727563,2
T0005727564,2
T0005727566,2
T0005727567,3
T0005727568,2
T0005727569,2
T0005727572,2
T0005727575,1
T0005727579,3
T0005727580,3
T0005727582,3
T0005727583,2
T0005727584,2
T0005727588,2
T0005727589,2
T0005727590,3
T0005727592,1
T0005727595,2
T0005727596,2
T0005727597,3
T0005727600,3
T0005727604,3
T0005727606,3
T0005727608,2
T0005727609,3
T0005727622,2
T0005727625,1
T0005727626,1
T0005727631,2
T0005727632,2
T0005727636,3
T0005727637,2
T0005727639,2
T0005727648,2
T0005727649,3
T0005727650,2
T0005727653,3
T0005727660,1
T0005727662,1
T0005727663,2
T0005727665,1
T0005727671,1
T0005727674,2
T0005727675,2
T0005727676,2
T0005727677,1
T0005727679,2
T0005727683,3
T0005727684,2
T0005727689,2
T0005727690,3
T0005727696,1
T0005727698,2
T0005727700,3
T0005727702,1
T0005727706,1
T0005727707,2
T0005727708,3
T0005727710,3
T0005727711,3
T0005727712,1
T0005727713,2
T0005727715,2
T0005727718,2
T0005727721,1
T0005727722,1
T0005727723,3
T0005727732,2
T0005727735,2
T0005727736,2
T0005727737,1
T0005727742,2
T0005727749,3
T0005727750,2
T0005727751,2
T0005727752,2
T0005727753,2
T0005727754,2
T0005727755,3
T0005727756,3
T0005727757,2
T0005727758,2
T0005727759,2
T0005727760,3
T0005727761,3
T0005727762,3
T0005727763,2
T0005727766,2
T0005727767,3
T0005727770,3
T0005727773,2
T0005727775,1
T0005727777,2
T0005727778,1
T0005727780,1
T0005727784,2
T0005727788,3
T0005727792,2
T0005727795,2
T0005727799,3
T0005727800,3
T0005727802,1
T0005727804,2
T0005727805,1
T0005727807,2
T0005727808,1
T0005727814,1
T0005727815,2
T0005727818,1
T0005727819,3
T0005727820,2
T0005727821,1
T0005727829,3
T0005727830,3
T0005727832,2
T0005727844,3
T0005727846,3
T0005727848,3
T0005727851,2
T0005727852,3
T0005727855,2
T0005727859,3
T0005727860,2
T0005727861,2
T0005727862,1
T0005727863,2
T0005727866,2
T0005727867,3
T0005727868,3
T0005727870,1
T0005727871,3
T0005727874,2
T0005727878,3
T0005727879,2
T0005727882,1
T0005727884,2
T0005727885,2
T0005727887,3
T0005727896,3
T0005727897,2
T0005727898,2
T0005727899,2
T0005727901,2
T0005727902,3
T0005727909,2
T0005727912,3
T0005727918,2
T0005727927,2
T0005727932,3
T0005727940,3
T0005727941,2
T0005727944,2
T0005727952,3
T0005727956,2
T0005727958,3
T0005727961,1
T0005727962,2
T0005727967,2
T0005727969,3
T0005727972,2
T0005727974,1
T0005727975,1
T0005727977,3
T0005727979,3
T0005727982,3
T0005727983,1
T0005727992,2
T0005727993,2
T0005727996,2
T0005728010,2
T0005728011,3
T0005728015,2
T0005728020,2
T0005728021,2
T0005728022,1
T0005728023,2
T0005728025,3
T0005728026,2
T0005728027,3
T0005728028,2
T0005728029,1
T0005728030,1
T0005728031,1
T0005728032,2
T0005728033,2
T0005728034,1
T0005728035,2
T0005728038,2
T0005728039,3
T0005728041,3
T0005728043,1
T0005728044,2
T0005728048,2
T0005728049,2
T0005728051,1
T0005728054,2
T0005728060,2
T0005728061,3
T0005728065,2
T0005728066,2
T0005728069,2
T0005728070,3
T0005728074,2
T0005728075,1
T0005728076,2
T0005728078,2
T0005728079,3
T0005728082,2
T0005728088,1
T0005728092,3
T0005728093,2
T0005728095,2
T0005728096,2
T0005728099,3
T0005728102,2
T0005728103,3
T0005728105,1
T0005728109,2
T0005728110,1
T0005728111,2
T0005728112,2
T0005728113,2
T0005728115,3
T0005728116,3
T0005728117,3
T0005728120,2
T0005728121,2
T0005728123,2
T0005728124,2
T0005728126,2
T0005728128,2
T0005728130,2
T0005728132,2
T0005728134,2
T0005728136,2
T0005728138,1
T0005728141,2
T0005728144,2
T0005728145,2
T0005728147,2
T0005728148,2
T0005728149,3
T0005728151,3
T0005728152,2
T0005728155,1
T0005728160,3
T0005728163,1
T0005728165,3
T0005728168,3
T0005728170,1
T0005728174,3
T0005728176,2
T0005728177,2
T0005728178,2
T0005728180,3
T0005728184,2
T0005728185,2
T0005728186,2
T0005728188,3
T0005728190,2
T0005728192,3
T0005728196,3
T0005728197,1
T0005728202,3
T0005728205,3
T0005728207,2
T0005728209,2
T0005728215,1
T0005728218,3
T0005728223,2
T0005728227,3
T0005728231,2
T0005728235,2
T0005728236,2
T0005728238,3
T0005728239,2
T0005728240,2
T0005728245,3
T0005728251,2
T0005728252,2
T0005728257,2
T0005728259,3
T0005728262,1
T0005728268,3
T0005728269,2
T0005728270,3
T0005728280,3
T0005728282,1
T0005728284,2
T0005728290,2
T0005728291,2
T0005728292,2
T0005728294,2
T0005728295,3
T0005728297,2
T0005728302,2
T0005728303,2
T0005728304,1
T0005728310,2
T0005728311,2
T0005728313,3
T0005728315,1
T0005728317,3
T0005728318,1
T0005728319,3
T0005728321,2
T0005728325,2
T0005728328,1
T0005728330,2
T0005728331,2
T0005728333,3
T0005728337,3
T0005728342,1
T0005728343,3
T0005728344,2
T0005728345,2
T0005728346,3
T0005728347,3
T0005728352,3
T0005728359,2
T0005728360,3
T0005728363,3
T0005728364,3
T0005728365,3
T0005728366,2
T0005728369,3
T0005728373,2
T0005728374,1
T0005728375,1
T0005728378,2
T0005728380,2
T0005728384,1
T0005728388,3
T0005728389,1
T0005728393,2
T0005728401,3
T0005728405,1
T0005728406,2
T0005728407,1
T0005728408,3
T0005728410,2
T0005728414,2
T0005728415,3
T0005728416,1
T0005728417,2
T0005728418,1
T0005728419,3
T0005728422,3
T0005728423,3
T0005728425,2
T0005728426,2
T0005728428,2
T0005728432,2
T0005728434,3
T0005728436,3
T0005728443,3
T0005728445,2
T0005728446,2
T0005728447,2
T0005728449,2
T0005728452,3
T0005728460,2
T0005728461,3
T0005728462,2
T0005728464,3
T0005728465,2
T0005728471,1
T0005728472,2
T0005728473,2
T0005728474,1
T0005728475,2
T0005728476,2
T0005728478,2
T0005728480,3
T0005728482,3
T0005728483,2
T0005728485,1
T0005728490,1
T0005728499,3
T0005728506,3
T0005728507,2
T0005728508,1
T0005728510,2
T0005728511,2
T0005728514,2
T0005728515,1
T0005728516,2
T0005728519,1
T0005728520,2
T0005728522,3
T0005728523,2
T0005728524,1
T0005728526,2
T0005728529,1
T0005728531,1
T0005728534,2
T0005728537,2
T0005728542,1
T0005728544,2
T0005728547,2
T0005728549,2
T0005728550,2
T0005728551,2
T0005728554,3
T0005728555,2
T0005728557,2
T0005728558,3
T0005728560,2
T0005728561,2
T0005728563,2
T0005728567,3
T0005728570,2
T0005728574,2
T0005728575,3
T0005728576,3
T0005728583,2
T0005728587,2
T0005728589,3
T0005728592,2
T0005728594,3
T0005728597,3
T0005728598,3
T0005728599,3
T0005728600,2
T0005728601,1
T0005728604,3
T0005728609,1
T0005728610,2
T0005728611,3
T0005728612,2
T0005728615,2
T0005728619,1
T0005728620,3
T0005728621,3
T0005728622,2
T0005728623,2
T0005728625,3
T0005728628,2
T0005728629,2
T0005728630,3
T0005728631,3
T0005728632,2
T0005728633,2
T0005728635,3
T0005728639,1
T0005728641,2
T0005728642,2
T0005728643,2
T0005728645,3
T0005728647,2
T0005728649,2
T0005728654,3
T0005728655,3
T0005728658,3
T0005728660,3
T0005728662,2
T0005728663,3
T0005728665,2
T0005728666,2
T0005728668,2
T0005728671,1
T0005728673,1
T0005728674,3
T0005728677,2
T0005728679,3
T0005728681,3
T0005728682,1
T0005728685,3
T0005728688,3
T0005728689,3
T0005728691,2
T0005728693,2
T0005728694,1
T0005728695,1
T0005728697,2
T0005728704,3
T0005728705,2
T0005728706,2
T0005728708,2
T0005728709,2
T0005728710,2
T0005728712,1
T0005728715,3
T0005728717,2
T0005728718,2
T0005728721,2
T0005728723,2
T0005728727,1
T0005728733,3
T0005728735,3
T0005728741,2
T0005728743,3
T0005728745,1
T0005728746,2
T0005728747,3
T0005728752,2
T0005728754,2
T0005728755,2
T0005728756,1
T0005728757,2
T0005728758,2
T0005728759,3
T0005728760,1
T0005728762,3
T0005728763,3
T0005728768,1
T0005728773,3
T0005728774,2
T0005728777,1
T0005728778,2
T0005728779,3
T0005728781,2
T0005728783,3
T0005728786,2
T0005728792,2
T0005728793,2
T0005728794,2
T0005728795,3
T0005728796,1
T0005728797,3
T0005728800,2
T0005728801,1
T0005728809,3
T0005728812,3
T0005728818,2
T0005728822,3
T0005728823,3
T0005728825,2
T0005728827,1
T0005728828,2
T0005728831,2
T0005728833,3
T0005728836,3
T0005728837,3
T0005728839,2
T0005728842,1
T0005728843,2
T0005728845,2
T0005728847,2
T0005728848,2
T0005728849,2
T0005728851,2
T0005728855,3
T0005728856,3
T0005728857,3
T0005728860,1
T0005728862,3
T0005728864,1
T0005728866,2
T0005728867,3
T0005728871,2
T0005728875,2
T0005728877,1
T0005728881,1
T0005728883,2
T0005728884,1
T0005728885,1
T0005728887,1
T0005728888,1
T0005728889,1
T0005728892,1
T0005728901,2
T0005728904,3
T0005728906,2
T0005728907,2
T0005728908,2
T0005728911,3
T0005728914,2
T0005728916,2
T0005728918,3
T0005728925,2
T0005728926,3
T0005728933,2
T0005728937,3
T0005728939,2
T0005728947,1
T0005728950,1
T0005728951,2
T0005728953,1
T0005728954,3
T0005728955,3
T0005728958,2
T0005728960,3
T0005728963,2
T0005728981,3
T0005728983,2
T0005728984,2
T0005728985,3
T0005728986,1
T0005728987,2
T0005728988,2
T0005728992,1
T0005728994,2
T0005729000,3
T0005729002,2
T0005729003,2
T0005729004,2
T0005729009,2
T0005729018,2
T0005729019,1
T0005729020,2
T0005729021,2
T0005729025,2
T0005729033,2
T0005729035,3
T0005729040,2
T0005729046,2
T0005729049,2
T0005729050,1
T0005729053,3
T0005729055,2
T0005729058,1
T0005729062,3
T0005729067,2
T0005729069,3
T0005729070,1
T0005729071,3
T0005729078,2
T0005729079,2
T0005729080,2
T0005729081,3
T0005729082,2
T0005729083,2
T0005729085,2
T0005729087,2
T0005729089,3
T0005729093,2
T0005729095,1
T0005729097,2
T0005729101,2
T0005729102,3
T0005729106,1
T0005729111,2
T0005729114,2
T0005729115,1
T0005729116,1
T0005729118,2
T0005729120,2
T0005729123,1
T0005729126,2
T0005729128,3
T0005729129,2
T0005729136,3
T0005729137,2
T0005729139,1
T0005729141,2
T0005729146,1
T0005729147,2
T0005729154,2
T0005729160,1
T0005729161,2
T0005729165,2
T0005729167,1
T0005729171,3
T0005729176,1
T0005729178,2
T0005729182,2
T0005729187,1
T0005729188,2
T0005729197,2
T0005729199,2
T0005729201,2
T0005729204,1
T0005729205,2
T0005729208,2
T0005729209,2
T0005729210,3
T0005729216,3
T0005729217,2
T0005729219,3
T0005729220,2
T0005729221,3
T0005729225,3
T0005729228,2
T0005729229,2
T0005729233,1
T0005729234,2
T0005729238,2
T0005729239,1
T0005729245,2
T0005729251,3
T0005729252,3
T0005729254,1
T0005729256,1
T0005729261,2
T0005729266,1
T0005729270,2
T0005729275,2
T0005729276,2
T0005729278,2
T0005729281,3
T0005729283,2
T0005729284,3
T0005729288,2
T0005729291,2
T0005729292,3
T0005729295,3
T0005729296,2
T0005729297,2
T0005729300,2
T0005729301,2
T0005729303,2
T0005729304,1
T0005729305,3
T0005729310,3
T0005729312,1
T0005729314,2
T0005729319,3
T0005729320,2
T0005729321,2
T0005729322,1
T0005729324,3
T0005729332,1
T0005729333,2
T0005729336,2
T0005729338,2
T0005729340,2
T0005729347,2
T0005729350,1
T0005729358,1
T0005729359,3
T0005729360,1
T0005729362,3
T0005729363,2
T0005729364,1
T0005729365,2
T0005729367,2
T0005729369,2
T0005729370,2
T0005729380,2
T0005729383,3
T0005729387,1
T0005729390,3
T0005729392,2
T0005729393,1
T0005729397,1
T0005729398,3
T0005729401,1
T0005729402,3
T0005729403,2
T0005729404,2
T0005729405,3
T0005729407,1
T0005729410,1
T0005729415,3
T0005729416,1
T0005729420,2
T0005729421,3
T0005729423,3
T0005729424,1
T0005729428,2
T0005729430,3
T0005729432,2
T0005729435,2
T0005729436,2
T0005729439,1
T0005729440,3
T0005729442,2
T0005729443,3
T0005729444,3
T0005729445,2
T0005729446,2
T0005729448,2
T0005729451,2
T0005729453,2
T0005729456,2
T0005729457,1
T0005729458,3
T0005729459,2
T0005729460,2
T0005729464,1
T0005729465,3
T0005729468,2
T0005729471,2
T0005729473,2
T0005729475,3
T0005729478,1
T0005729485,2
T0005729486,1
T0005729487,2
T0005729490,2
T0005729491,2
T0005729494,3
T0005729499,2
T0005729501,2
T0005729502,3
T0005729505,2
T0005729509,2
T0005729510,3
T0005729518,2
T0005729519,1
T0005729521,2
T0005729527,2
T0005729534,2
T0005729536,1
T0005729539,3
T0005729540,2
T0005729544,2
T0005729548,3
T0005729549,3
T0005729550,3
T0005729551,2
T0005729556,2
T0005729558,1
T0005729559,3
T0005729562,3
T0005729563,3
T0005729564,2
T0005729569,2
T0005729572,1
T0005729575,2
T0005729581,3
T0005729588,2
T0005729589,1
T0005729590,3
T0005729592,1
T0005729593,2
T0005729596,2
T0005729597,2
T0005729598,3
T0005729599,2
T0005729600,2
T0005729602,2
T0005729604,1
T0005729605,2
T0005729606,2
T0005729612,1
T0005729613,2
T0005729619,3
T0005729620,2
T0005729629,2
T0005729630,3
T0005729633,2
T0005729636,3
T0005729637,2
T0005729639,2
T0005729641,3
T0005729643,2
T0005729647,3
T0005729650,2
T0005729651,3
T0005729652,2
T0005729656,3
T0005729658,3
T0005729660,1
T0005729662,2
T0005729665,3
T0005729666,2
T0005729669,3
T0005729670,3
T0005729673,2
T0005729677,3
T0005729681,3
T0005729683,2
T0005729686,2
T0005729688,1
T0005729690,2
T0005729695,2
T0005729697,3
T0005729707,1
T0005729708,2
T0005729709,2
T0005729710,2
T0005729713,3
T0005729714,2
T0005729718,3
T0005729728,3
T0005729732,2
T0005729733,1
T0005729734,2
T0005729740,1
T0005729746,3
T0005729749,1
T0005729750,2
T0005729751,2
T0005729752,2
T0005729754,2
T0005729755,1
T0005729760,1
T0005729763,1
T0005729765,3
T0005729773,2
T0005729774,1
T0005729777,3
T0005729779,3
T0005729782,3
T0005729784,3
T0005729785,2
T0005729787,2
T0005729788,1
T0005729790,2
T0005729795,2
T0005729797,2
T0005729798,3
T0005729799,2
T0005729802,2
T0005729803,2
T0005729805,2
T0005729806,2
T0005729807,2
T0005729808,2
T0005729812,3
T0005729817,2
T0005729818,3
T0005729819,2
T0005729820,1
T0005729823,3
T0005729826,1
T0005729829,2
T0005729833,2
T0005729834,3
T0005729839,1
T0005729845,3
T0005729846,2
T0005729851,3
T0005729856,2
T0005729859,3
T0005729862,3
T0005729865,2
T0005729868,2
T0005729871,2
T0005729872,2
T0005729876,3
T0005729879,1
T0005729886,1
T0005729889,2
T0005729891,2
T0005729892,1
T0005729894,2
T0005729896,1
T0005729898,3
T0005729900,1
T0005729901,1
T0005729902,2
T0005729905,3
T0005729906,3
T0005729909,3
T0005729910,3
T0005729911,1
T0005729912,1
T0005729914,2
T0005729916,3
T0005729917,2
T0005729918,1
T0005729919,2
T0005729921,3
T0005729923,2
T0005729926,1
T0005729927,3
T0005729929,3
T0005729930,1
T0005729931,2
T0005729936,3
T0005729941,2
T0005729947,2
T0005729948,3
T0005729950,2
T0005729952,2
T0005729954,1
T0005729955,3
T0005729956,3
T0005729959,3
T0005729961,3
T0005729964,2
T0005729965,1
T0005729968,2
T0005729970,2
T0005729971,1
T0005729973,3
T0005729977,2
T0005729979,2
T0005729980,3
T0005729982,1
T0005729986,2
T0005729987,2
T0005729992,2
T0005729993,3
T0005729994,1
T0005729995,3
T0005729996,2
T0005729997,1
T0005729998,3
T0005730000,2
T0005730002,2
T0005730003,3
T0005730005,2
T0005730006,2
T0005730007,2
T0005730009,2
T0005730013,2
T0005730015,3
T0005730019,2
T0005730020,3
T0005730022,1
T0005730027,1
T0005730028,3
T0005730035,3
T0005730037,2
T0005730041,3
T0005730045,2
T0005730048,2
T0005730049,1
T0005730053,1
T0005730054,2
T0005730058,3
T0005730064,2
T0005730068,1
T0005730070,1
T0005730071,3
T0005730074,3
T0005730075,3
T0005730078,1
T0005730079,1
T0005730082,3
T0005730085,2
T0005730088,2
T0005730089,3
T0005730091,2
T0005730093,3
T0005730094,3
T0005730095,1
T0005730096,2
T0005730100,3
T0005730104,2
T0005730105,2
T0005730108,2
T0005730109,2
T0005730111,2
T0005730115,3
T0005730116,2
T0005730119,2
T0005730121,2
T0005730123,3
T0005730128,2
T0005730129,2
T0005730130,1
T0005730133,3
T0005730135,3
T0005730139,3
T0005730147,3
T0005730149,3
T0005730151,2
T0005730152,3
T0005730153,3
T0005730156,1
T0005730157,2
T0005730158,3
T0005730159,3
T0005730161,1
T0005730166,2
T0005730169,2
T0005730170,2
T0005730175,3
T0005730176,1
T0005730177,1
T0005730178,2
T0005730179,2
T0005730180,2
T0005730184,1
T0005730185,2
T0005730191,2
T0005730194,3
T0005730195,2
T0005730198,2
T0005730202,1
T0005730208,1
T0005730210,1
T0005730211,2
T0005730212,2
T0005730213,1
T0005730214,2
T0005730220,1
T0005730222,1
T0005730225,2
T0005730232,3
T0005730234,2
T0005730237,1
T0005730238,2
T0005730242,1
T0005730246,2
T0005730247,2
T0005730249,2
T0005730251,2
T0005730252,1
T0005730253,3
T0005730254,2
T0005730256,3
T0005730258,2
T0005730264,3
T0005730265,3
T0005730266,2
T0005730267,3
T0005730268,1
T0005730269,2
T0005730272,2
T0005730274,2
T0005730275,3
T0005730277,2
T0005730279,3
T0005730280,3
T0005730281,2
T0005730282,2
T0005730284,2
T0005730286,3
T0005730287,2
T0005730288,2
T0005730289,2
T0005730290,2
T0005730292,3
T0005730294,3
T0005730296,3
T0005730297,2
T0005730299,3
T0005730302,2
T0005730304,2
T0005730307,3
T0005730310,2
T0005730311,3
T0005730313,1
T0005730315,2
T0005730317,3
T0005730318,3
T0005730319,1
T0005730323,1
T0005730326,2
T0005730328,3
T0005730330,3
T0005730335,2
T0005730340,2
T0005730344,3
T0005730345,2
T0005730346,1
T0005730348,2
T0005730349,2
T0005730351,2
T0005730353,3
T0005730355,2
T0005730369,1
T0005730371,3
T0005730372,2
T0005730373,3
T0005730378,2
T0005730379,2
T0005730381,2
T0005730389,2
T0005730393,3
T0005730394,2
T0005730396,3
T0005730398,2
T0005730399,1
T0005730406,2
T0005730407,2
T0005730408,3
T0005730411,2
T0005730412,3
T0005730414,2
T0005730416,1
T0005730418,1
T0005730419,1
T0005730421,1
T0005730422,2
T0005730425,1
T0005730426,1
T0005730428,2
T0005730432,2
T0005730433,2
T0005730436,2
T0005730437,2
T0005730441,3
T0005730446,2
T0005730449,2
T0005730450,2
T0005730451,1
T0005730452,2
T0005730453,3
T0005730454,3
T0005730457,1
T0005730458,1
T0005730459,2
T0005730460,2
T0005730461,2
T0005730462,3
T0005730468,2
T0005730469,2
T0005730472,1
T0005730473,2
T0005730474,1
T0005730475,2
T0005730476,2
T0005730478,1
T0005730479,1
T0005730482,2
T0005730485,1
T0005730486,1
T0005730488,2
T0005730490,1
T0005730495,3
T0005730503,1
T0005730507,3
T0005730509,3
T0005730511,2
T0005730515,3
T0005730516,1
T0005730517,1
T0005730519,1
T0005730520,1
T0005730521,2
T0005730528,3
T0005730530,2
T0005730535,3
T0005730537,2
T0005730538,2
T0005730539,2
T0005730540,3
T0005730544,2
T0005730547,2
T0005730551,2
T0005730552,2
T0005730555,1
T0005730563,2
T0005730565,3
T0005730566,2
T0005730569,2
T0005730570,3
T0005730572,2
T0005730576,3
T0005730580,2
T0005730581,3
T0005730584,2
T0005730587,2
T0005730589,1
T0005730590,2
T0005730591,1
T0005730597,3
T0005730602,2
T0005730603,2
T0005730604,3
T0005730609,2
T0005730615,2
T0005730616,2
T0005730617,2
T0005730619,2
T0005730621,2
T0005730623,3
T0005730624,2
T0005730625,2
T0005730626,2
T0005730628,2
T0005730630,2
T0005730631,3
T0005730632,1
T0005730633,3
T0005730634,3
T0005730635,2
T0005730637,3
T0005730641,2
T0005730643,3
T0005730649,2
T0005730650,3
T0005730652,1
T0005730656,3
T0005730662,2
T0005730664,3
T0005730677,3
T0005730680,1
T0005730682,2
T0005730683,2
T0005730686,2
T0005730687,2
T0005730689,1
T0005730691,2
T0005730692,3
T0005730694,2
T0005730698,2
T0005730699,3
T0005730702,3
T0005730704,1
T0005730707,3
T0005730713,2
T0005730715,2
T0005730717,3
T0005730718,2
T0005730720,3
T0005730721,1
T0005730725,2
T0005730731,3
T0005730732,2
T0005730733,2
T0005730736,3
T0005730737,3
T0005730738,2
T0005730739,3
T0005730740,2
T0005730741,1
T0005730743,2
T0005730746,1
T0005730748,2
T0005730751,3
T0005730754,3
T0005730756,2
T0005730760,2
T0005730764,1
T0005730765,3
T0005730767,2
T0005730768,2
T0005730769,2
T0005730771,2
T0005730773,3
T0005730776,2
T0005730778,2
T0005730779,2
T0005730783,1
T0005730784,1
T0005730785,3
T0005730786,3
T0005730787,3
T0005730789,2
T0005730790,3
T0005730791,2
T0005730792,3
T0005730797,2
T0005730799,3
T0005730802,3
T0005730803,2
T0005730805,1
T0005730806,2
T0005730807,2
T0005730808,2
T0005730809,3
T0005730811,2
T0005730816,2
T0005730822,2
T0005730824,1
T0005730825,2
T0005730831,1
T0005730832,2
T0005730833,1
T0005730834,3
T0005730838,1
T0005730840,3
T0005730843,3
T0005730845,3
T0005730849,2
T0005730850,3
T0005730851,2
T0005730852,1
T0005730855,1
T0005730856,2
T0005730859,3
T0005730864,3
T0005730865,3
T0005730867,1
T0005730868,3
T0005730874,2
T0005730877,2
T0005730885,1
T0005730887,2
T0005730894,3
T0005730896,2
T0005730897,3
T0005730898,3
T0005730900,3
T0005730901,3
T0005730902,1
T0005730903,2
T0005730904,2
T0005730905,3
T0005730912,1
T0005730914,3
T0005730916,3
T0005730918,3
T0005730919,2
T0005730920,3
T0005730922,2
T0005730923,2
T0005730924,1
T0005730926,3
T0005730927,2
T0005730930,2
T0005730932,3
T0005730933,1
T0005730936,3
T0005730938,2
T0005730939,3
T0005730942,3
T0005730943,1
T0005730948,3
T0005730950,2
T0005730953,1
T0005730954,2
T0005730955,3
T0005730956,3
T0005730963,1
T0005730965,3
T0005730967,2
T0005730970,2
T0005730971,3
T0005730976,2
T0005730978,3
T0005730981,2
T0005730982,2
T0005730984,2
T0005730987,2
T0005730990,2
T0005730993,1
T0005730996,2
T0005730998,3
T0005730999,3
T0005731000,2
T0005731002,2
T0005731003,2
T0005731004,2
T0005731005,1
T0005731006,3
T0005731011,3
T0005731013,1
T0005731015,3
T0005731016,1
T0005731018,2
T0005731024,2
T0005731026,2
T0005731027,2
T0005731028,2
T0005731033,1
T0005731034,2
T0005731035,3
T0005731037,1
T0005731038,2
T0005731039,2
T0005731042,2
T0005731043,1
T0005731048,2
T0005731053,2
T0005731054,1
T0005731055,3
T0005731056,2
T0005731059,1
T0005731060,1
T0005731063,2
T0005731064,3
T0005731065,3
T0005731066,2
T0005731068,2
T0005731071,2
T0005731072,2
T0005731073,2
T0005731076,2
T0005731078,2
T0005731080,2
T0005731081,1
T0005731088,2
T0005731091,2
T0005731092,1
T0005731093,2
T0005731095,2
T0005731097,2
T0005731098,3
T0005731099,3
T0005731101,2
T0005731102,3
T0005731105,3
T0005731107,2
T0005731108,2
T0005731109,1
T0005731115,2
T0005731116,1
T0005731119,2
T0005731122,2
T0005731123,2
T0005731124,1
T0005731125,3
T0005731129,2
T0005731130,2
T0005731131,2
T0005731132,3
T0005731134,2
T0005731136,2
T0005731145,2
T0005731147,3
T0005731149,1
T0005731153,1
T0005731154,1
T0005731155,1
T0005731156,3
T0005731158,3
T0005731159,2
T0005731162,2
T0005731167,2
T0005731168,3
T0005731172,3
T0005731173,2
T0005731174,3
T0005731175,3
T0005731179,1
T0005731180,3
T0005731181,3
T0005731185,2
T0005731188,2
T0005731191,1
T0005731192,2
T0005731193,2
T0005731195,3
T0005731196,1
T0005731197,3
T0005731198,2
T0005731206,2
T0005731210,1
T0005731211,1
T0005731213,3
T0005731214,2
T0005731217,1
T0005731218,1
T0005731220,2
T0005731229,2
T0005731234,2
T0005731237,2
T0005731238,3
T0005731239,2
T0005731242,3
T0005731252,2
T0005731259,2
T0005731260,3
T0005731261,2
T0005731265,2
T0005731267,3
T0005731268,3
T0005731274,2
T0005731277,3
T0005731280,2
T0005731285,2
T0005731286,3
T0005731287,2
T0005731288,2
T0005731293,1
T0005731294,2
T0005731298,3
T0005731300,2
T0005731302,2
T0005731303,3
T0005731304,1
T0005731307,2
T0005731310,3
T0005731311,2
T0005731318,1
T0005731319,1
T0005731323,2
T0005731329,2
T0005731330,2
T0005731332,2
T0005731336,3
T0005731337,2
T0005731339,2
T0005731341,2
T0005731349,1
T0005731350,2
T0005731351,1
T0005731352,1
T0005731353,2
T0005731357,1
T0005731359,3
T0005731362,3
T0005731365,3
T0005731366,2
T0005731367,3
T0005731379,2
T0005731382,2
T0005731383,3
T0005731387,2
T0005731388,1
T0005731389,3
T0005731393,3
T0005731401,1
T0005731405,1
T0005731409,3
T0005731410,3
T0005731415,2
T0005731417,2
T0005731418,1
T0005731419,3
T0005731420,2
T0005731421,2
T0005731423,2
T0005731425,2
T0005731428,2
T0005731430,2
T0005731432,3
T0005731433,2
T0005731439,2
T0005731441,2
T0005731443,1
T0005731448,1
T0005731450,3
T0005731452,3
T0005731453,3
T0005731455,2
T0005731456,2
T0005731458,3
T0005731459,1
T0005731465,3
T0005731470,2
T0005731472,2
T0005731474,2
T0005731477,2
T0005731485,2
T0005731486,1
T0005731490,3
T0005731495,3
T0005731497,2
T0005731498,2
T0005731501,1
T0005731505,1
T0005731507,3
T0005731509,3
T0005731512,2
T0005731513,2
T0005731515,3
T0005731516,1
T0005731519,3
T0005731522,3
T0005731523,3
T0005731525,1
T0005731526,1
T0005731527,2
T0005731532,3
T0005731534,1
T0005731535,2
T0005731539,3
T0005731544,1
T0005731545,2
T0005731551,1
T0005731552,2
T0005731557,2
T0005731559,3
T0005731561,2
T0005731564,2
T0005731565,1
T0005731573,2
T0005731575,2
T0005731576,3
T0005731577,2
T0005731578,1
T0005731579,3
T0005731582,2
T0005731583,2
T0005731590,1
T0005731592,2
T0005731595,2
T0005731596,3
T0005731597,3
T0005731603,2
T0005731604,3
T0005731608,3
T0005731611,2
T0005731613,3
T0005731618,2
T0005731620,2
T0005731624,3
T0005731626,3
T0005731627,1
T0005731628,2
T0005731630,3
T0005731631,2
T0005731634,2
T0005731641,2
T0005731642,2
T0005731644,2
T0005731649,1
T0005731650,3
T0005731651,2
T0005731652,2
T0005731655,2
T0005731657,1
T0005731658,1
T0005731662,2
T0005731663,2
T0005731668,3
T0005731670,2
T0005731673,2
T0005731674,1
T0005731675,2
T0005731678,1
T0005731681,3
T0005731683,2
T0005731686,3
T0005731687,2
T0005731691,3
T0005731695,2
T0005731696,2
T0005731697,2
T0005731698,3
T0005731701,3
T0005731704,2
T0005731706,1
T0005731708,2
T0005731709,2
T0005731710,3
T0005731711,3
T0005731713,2
T0005731717,2
T0005731724,3
T0005731728,2
T0005731729,1
T0005731733,1
T0005731734,1
T0005731736,2
T0005731737,2
T0005731739,2
T0005731740,2
T0005731741,2
T0005731742,2
T0005731743,2
T0005731752,2
T0005731753,2
T0005731754,3
T0005731756,3
T0005731757,2
T0005731759,3
T0005731763,2
T0005731770,3
T0005731772,2
T0005731775,3
T0005731776,2
T0005731779,3
T0005731780,2
T0005731789,2
T0005731790,2
T0005731792,2
T0005731793,2
T0005731794,2
T0005731795,3
T0005731796,2
T0005731798,2
T0005731800,3
T0005731802,2
T0005731808,3
T0005731811,2
T0005731812,3
T0005731814,1
T0005731816,2
T0005731820,2
T0005731823,2
T0005731824,3
T0005731829,2
T0005731831,2
T0005731833,2
T0005731835,2
T0005731837,3
T0005731838,3
T0005731840,1
T0005731844,2
T0005731845,3
T0005731848,3
T0005731850,2
T0005731858,2
T0005731859,2
T0005731862,2
T0005731864,2
T0005731866,1
T0005731870,2
T0005731871,2
T0005731873,3
T0005731877,2
T0005731879,3
T0005731881,2
T0005731888,2
T0005731889,2
T0005731891,2
T0005731892,2
T0005731893,2
T0005731896,1
T0005731901,3
T0005731903,3
T0005731904,1
T0005731905,3
T0005731907,3
T0005731908,2
T0005731910,2
T0005731913,2
T0005731914,2
T0005731916,2
T0005731917,3
T0005731919,1
T0005731920,3
T0005731921,3
T0005731924,3
T0005731930,3
T0005731932,2
T0005731933,3
T0005731938,2
T0005731939,2
T0005731942,2
T0005731943,3
T0005731945,1
T0005731950,2
T0005731951,1
T0005731954,1
T0005731960,2
T0005731963,1
T0005731965,3
T0005731967,3
T0005731969,2
T0005731974,2
T0005731976,1
T0005731978,1
T0005731979,3
T0005731981,3
T0005731982,2
T0005731983,3
T0005731985,2
T0005731986,1
T0005731989,2
T0005731991,2
T0005731992,3
T0005731995,2
T0005731998,1
T0005732001,2
T0005732003,2
T0005732004,2
T0005732006,3
T0005732011,2
T0005732012,2
T0005732013,2
T0005732014,2
T0005732015,1
T0005732017,1
T0005732026,2
T0005732029,3
T0005732031,3
T0005732034,1
T0005732035,3
T0005732038,2
T0005732039,3
T0005732040,1
T0005732043,2
T0005732045,2
T0005732046,2
T0005732050,2
T0005732052,3
T0005732060,2
T0005732061,1
T0005732062,2
T0005732066,2
T0005732068,1
T0005732073,2
T0005732074,2
T0005732077,3
T0005732079,3
T0005732083,1
T0005732084,1
T0005732087,2
T0005732094,2
T0005732095,2
T0005732098,2
T0005732100,1
T0005732101,3
T0005732102,1
T0005732103,1
T0005732106,2
T0005732107,3
T0005732109,2
T0005732111,1
T0005732113,1
T0005732114,3
T0005732121,1
T0005732124,2
T0005732128,2
T0005732129,2
T0005732130,3
T0005732133,3
T0005732134,3
T0005732136,3
T0005732138,2
T0005732139,2
T0005732143,2
T0005732148,3
T0005732149,3
T0005732152,2
T0005732154,2
T0005732157,1
T0005732158,3
T0005732159,2
T0005732160,2
T0005732162,3
T0005732163,2
T0005732166,1
T0005732169,2
T0005732170,3
T0005732172,2
T0005732173,2
T0005732174,2
T0005732175,3
T0005732177,3
T0005732178,3
T0005732180,2
T0005732186,3
T0005732187,2
T0005732188,1
T0005732191,1
T0005732193,1
T0005732195,3
T0005732196,2
T0005732197,1
T0005732198,2
T0005732201,2
T0005732202,3
T0005732211,3
T0005732213,2
T0005732215,3
T0005732218,3
T0005732220,2
T0005732225,2
T0005732228,3
T0005732233,2
T0005732236,2
T0005732237,2
T0005732239,3
T0005732243,1
T0005732244,2
T0005732246,2
T0005732247,2
T0005732250,3
T0005732251,3
T0005732255,2
T0005732257,1
T0005732259,2
T0005732261,1
T0005732263,2
T0005732266,2
T0005732267,2
T0005732269,1
T0005732281,3
T0005732282,3
T0005732283,3
T0005732285,2
T0005732288,1
T0005732290,2
T0005732291,1
T0005732294,3
T0005732296,2
T0005732298,2
T0005732300,1
T0005732303,2
T0005732305,2
T0005732308,1
T0005732315,1
T0005732317,1
T0005732322,3
T0005732324,2
T0005732325,3
T0005732327,1
T0005732328,1
T0005732329,3
T0005732334,2
T0005732335,3
T0005732337,3
T0005732342,3
T0005732343,2
T0005732344,3
T0005732345,3
T0005732346,2
T0005732349,3
T0005732350,2
T0005732351,2
T0005732352,3
T0005732354,2
T0005732356,3
T0005732358,2
T0005732360,2
T0005732362,1
T0005732364,3
T0005732365,3
T0005732371,2
T0005732372,2
T0005732379,1
T0005732381,2
T0005732386,1
T0005732388,2
T0005732394,2
T0005732395,2
T0005732396,1
T0005732399,3
T0005732407,1
T0005732409,1
T0005732411,3
T0005732412,2
T0005732415,2
T0005732416,3
T0005732417,2
T0005732419,3
T0005732420,3
T0005732421,1
T0005732425,1
T0005732426,2
T0005732428,2
T0005732431,2
T0005732435,2
T0005732438,2
T0005732443,2
T0005732444,2
T0005732449,3
T0005732451,2
T0005732452,2
T0005732454,2
T0005732456,1
T0005732458,3
T0005732461,3
T0005732465,2
T0005732470,2
T0005732472,2
T0005732473,3
T0005732475,3
T0005732477,3
T0005732478,2
T0005732480,1
T0005732481,3
T0005732484,3
T0005732487,2
T0005732491,1
T0005732492,3
T0005732493,2
T0005732495,3
T0005732497,3
T0005732498,1
T0005732499,3
T0005732500,2
T0005732503,1
T0005732505,2
T0005732507,2
T0005732510,3
T0005732514,1
T0005732515,2
T0005732516,3
T0005732517,2
T0005732521,2
T0005732523,2
T0005732524,2
T0005732525,3
T0005732527,2
T0005732528,3
T0005732531,1
T0005732532,2
T0005732534,3
T0005732538,2
T0005732539,2
T0005732541,2
T0005732542,2
T0005732545,2
T0005732548,1
T0005732549,3
T0005732550,2
T0005732551,2
T0005732558,2
T0005732559,3
T0005732562,2
T0005732565,2
T0005732567,1
T0005732569,2
T0005732572,3
T0005732577,3
T0005732579,3
T0005732581,3
T0005732584,3
T0005732585,1
T0005732587,2
T0005732588,1
T0005732591,1
T0005732594,2
T0005732595,2
T0005732597,2
T0005732598,2
T0005732600,3
T0005732601,3
T0005732604,2
T0005732613,3
T0005732618,2
T0005732622,3
T0005732624,2
T0005732625,3
T0005732626,3
T0005732628,3
T0005732629,2
T0005732633,2
T0005732634,2
T0005732635,2
T0005732636,3
T0005732637,1
T0005732638,3
T0005732639,3
T0005732643,2
T0005732644,2
T0005732647,3
T0005732651,2
T0005732654,3
T0005732656,2
T0005732657,3
T0005732658,2
T0005732659,3
T0005732661,2
T0005732663,3
T0005732665,1
T0005732667,1
T0005732668,2
T0005732669,2
T0005732670,3
T0005732671,1
T0005732672,3
T0005732673,1
T0005732674,2
T0005732675,2
T0005732677,2
T0005732678,3
T0005732680,2
T0005732683,1
T0005732687,2
T0005732688,2
T0005732697,3
T0005732699,3
T0005732700,2
T0005732703,2
T0005732705,2
T0005732707,1
T0005732708,2
T0005732711,2
T0005732712,1
T0005732714,2
T0005732717,2
T0005732720,3
T0005732721,2
T0005732724,2
T0005732727,2
T0005732728,1
T0005732730,1
T0005732731,3
T0005732733,3
T0005732734,2
T0005732735,2
T0005732740,1
T0005732744,3
T0005732747,1
T0005732748,2
T0005732749,3
T0005732752,2
T0005732753,3
T0005732754,3
T0005732756,2
T0005732759,1
T0005732764,1
T0005732767,3
T0005732768,2
T0005732769,1
T0005732771,3
T0005732774,1
T0005732775,2
T0005732779,1
T0005732780,2
T0005732782,3
T0005732784,3
T0005732785,1
T0005732792,1
T0005732800,2
T0005732802,2
T0005732806,1
T0005732809,2
T0005732810,3
T0005732811,3
T0005732812,2
T0005732823,2
T0005732825,3
T0005732829,1
T0005732833,3
T0005732836,2
T0005732840,2
T0005732841,1
T0005732842,1
T0005732844,2
T0005732845,3
T0005732859,3
T0005732862,3
T0005732863,1
T0005732866,2
T0005732868,2
T0005732869,3
T0005732870,2
T0005732871,3
T0005732872,2
T0005732875,2
T0005732879,1
T0005732880,2
T0005732883,2
T0005732884,3
T0005732886,3
T0005732887,2
T0005732888,3
T0005732890,3
T0005732891,3
T0005732897,2
T0005732900,1
T0005732902,2
T0005732905,2
T0005732906,3
T0005732907,1
T0005732910,1
T0005732911,1
T0005732913,3
T0005732914,3
T0005732917,3
T0005732920,3
T0005732921,3
T0005732923,3
T0005732924,3
T0005732930,2
T0005732931,2
T0005732934,2
T0005732937,2
T0005732938,2
T0005732939,3
T0005732942,2
T0005732943,2
T0005732949,3
T0005732950,2
T0005732951,2
T0005732952,3
T0005732953,2
T0005732954,2
T0005732955,2
T0005732958,3
T0005732963,2
T0005732966,2
T0005732970,2
T0005732979,2
T0005732982,2
T0005732983,2
T0005732984,2
T0005732985,3
T0005732987,3
T0005732991,2
T0005732995,2
T0005732997,2
T0005732999,3
T0005733003,2
T0005733005,3
T0005733007,2
T0005733008,2
T0005733009,1
T0005733011,3
T0005733012,2
T0005733014,3
T0005733016,3
T0005733020,3
T0005733022,2
T0005733027,2
T0005733038,2
T0005733041,3
T0005733043,2
T0005733046,1
T0005733048,2
T0005733049,2
T0005733050,2
T0005733053,3
T0005733054,1
T0005733060,3
T0005733063,1
T0005733067,2
T0005733068,3
T0005733069,2
T0005733071,1
T0005733075,2
T0005733076,2
T0005733079,1
T0005733085,3
T0005733086,2
T0005733092,1
T0005733098,2
T0005733100,1
T0005733102,2
T0005733104,3
T0005733106,3
T0005733107,3
T0005733108,2
T0005733109,2
T0005733112,3
T0005733119,3
T0005733121,2
T0005733123,2
T0005733125,2
T0005733126,1
T0005733127,2
T0005733131,3
T0005733132,2
T0005733133,3
T0005733136,2
T0005733139,2
T0005733144,2
T0005733148,3
T0005733150,2
T0005733151,2
T0005733152,2
T0005733157,1
T0005733160,1
T0005733161,2
T0005733171,1
T0005733173,2
T0005733175,3
T0005733176,2
T0005733184,1
T0005733187,2
T0005733190,2
T0005733191,2
T0005733192,2
T0005733194,2
T0005733197,2
T0005733201,1
T0005733204,3
T0005733205,2
T0005733206,2
T0005733209,1
T0005733214,2
T0005733215,2
T0005733216,1
T0005733220,2
T0005733222,2
T0005733224,1
T0005733227,2
T0005733230,2
T0005733232,2
T0005733233,3
T0005733234,1
T0005733237,2
T0005733238,1
T0005733239,2
T0005733240,2
T0005733241,3
T0005733244,1
T0005733249,2
T0005733250,1
T0005733251,1
T0005733252,3
T0005733254,3
T0005733256,1
T0005733257,1
T0005733258,3
T0005733259,2
T0005733260,1
T0005733264,2
T0005733265,3
T0005733266,3
T0005733268,2
T0005733270,3
T0005733273,1
T0005733275,3
T0005733276,3
T0005733278,2
T0005733281,3
T0005733286,1
T0005733289,1
T0005733290,2
T0005733291,1
T0005733293,3
T0005733295,3
T0005733298,3
T0005733300,1
T0005733301,2
T0005733303,2
T0005733310,1
T0005733313,1
T0005733319,3
T0005733320,2
T0005733321,3
T0005733322,2
T0005733323,1
T0005733326,1
T0005733329,3
T0005733332,2
T0005733333,2
T0005733337,2
T0005733338,2
T0005733341,2
T0005733347,1
T0005733348,3
T0005733349,2
T0005733350,2
T0005733352,3
T0005733353,3
T0005733356,2
T0005733359,3
T0005733365,2
T0005733366,2
T0005733367,2
T0005733369,3
T0005733370,2
T0005733375,2
T0005733377,3
T0005733383,2
T0005733392,1
T0005733396,1
T0005733398,3
T0005733400,3
T0005733402,1
T0005733404,2
T0005733409,1
T0005733410,3
T0005733411,1
T0005733413,2
T0005733416,3
T0005733417,1
T0005733418,2
T0005733420,2
T0005733426,2
T0005733427,2
T0005733430,2
T0005733432,3
T0005733436,2
T0005733437,1
T0005733438,3
T0005733440,2
T0005733443,1
T0005733445,2
T0005733446,1
T0005733448,2
T0005733449,2
T0005733452,3
T0005733454,2
T0005733455,3
T0005733463,2
T0005733465,2
T0005733467,2
T0005733468,2
T0005733469,2
T0005733472,1
T0005733477,2
T0005733482,2
T0005733483,2
T0005733487,3
T0005733490,2
T0005733496,2
T0005733498,1
T0005733500,3
T0005733503,3
T0005733506,1
T0005733507,3
T0005733508,1
T0005733509,3
T0005733510,3
T0005733512,2
T0005733513,1
T0005733514,1
T0005733515,1
T0005733517,2
T0005733518,2
T0005733521,1
T0005733524,3
T0005733526,2
T0005733527,2
T0005733529,2
T0005733530,3
T0005733531,2
T0005733533,1
T0005733534,3
T0005733535,3
T0005733538,2
T0005733539,3
T0005733540,3
T0005733541,2
T0005733543,3
T0005733544,2
T0005733545,1
T0005733546,2
T0005733547,3
T0005733549,2
T0005733550,2
T0005733553,3
T0005733556,2
T0005733562,2
T0005733573,2
T0005733574,2
T0005733575,3
T0005733582,2
T0005733584,2
T0005733586,2
T0005733587,2
T0005733589,3
T0005733593,2
T0005733594,2
T0005733598,2
T0005733599,2
T0005733602,2
T0005733604,3
T0005733616,3
T0005733617,3
T0005733618,2
T0005733623,2
T0005733625,2
T0005733626,2
T0005733629,1
T0005733630,1
T0005733632,2
T0005733635,3
T0005733637,2
T0005733640,3
T0005733642,2
T0005733643,3
T0005733647,3
T0005733651,1
T0005733652,1
T0005733655,2
T0005733656,2
T0005733657,3
T0005733662,2
T0005733663,3
T0005733664,3
T0005733675,2
T0005733676,3
T0005733678,2
T0005733681,3
T0005733682,2
T0005733684,2
T0005733685,2
T0005733689,3
T0005733690,1
T0005733695,1
T0005733698,2
T0005733699,3
T0005733701,1
T0005733702,3
T0005733705,2
T0005733707,1
T0005733711,3
T0005733713,2
T0005733715,1
T0005733720,2
T0005733721,2
T0005733723,2
T0005733728,3
T0005733729,2
T0005733732,3
T0005733734,2
T0005733739,2
T0005733742,3
T0005733745,1
T0005733748,2
T0005733749,2
T0005733750,3
T0005733754,3
T0005733756,3
T0005733757,2
T0005733758,1
T0005733760,2
T0005733764,3
T0005733765,2
T0005733767,1
T0005733769,2
T0005733770,1
T0005733772,2
T0005733773,3
T0005733776,3
T0005733777,3
T0005733778,2
T0005733780,1
T0005733781,2
T0005733785,2
T0005733786,1
T0005733788,1
T0005733790,1
T0005733791,2
T0005733793,1
T0005733799,3
T0005733800,2
T0005733801,3
T0005733804,3
T0005733817,1
T0005733820,2
T0005733821,1
T0005733823,3
T0005733824,3
T0005733827,1
T0005733829,3
T0005733834,1
T0005733835,2
T0005733839,2
T0005733842,1
T0005733843,2
T0005733844,3
T0005733845,3
T0005733847,2
T0005733849,2
T0005733855,3
T0005733864,2
T0005733867,2
T0005733870,3
T0005733871,3
T0005733873,2
T0005733874,3
T0005733879,3
T0005733880,1
T0005733883,3
T0005733884,2
T0005733886,1
T0005733887,1
T0005733890,2
T0005733891,2
T0005733895,1
T0005733896,3
T0005733900,2
T0005733907,2
T0005733909,3
T0005733911,2
T0005733912,1
T0005733913,2
T0005733914,2
T0005733919,2
T0005733922,3
T0005733923,2
T0005733925,3
T0005733930,2
T0005733931,3
T0005733934,2
T0005733940,3
T0005733942,3
T0005733944,2
T0005733947,2
T0005733948,2
T0005733951,2
T0005733953,2
T0005733956,1
T0005733957,3
T0005733958,2
T0005733959,2
T0005733960,2
T0005733962,3
T0005733963,2
T0005733968,2
T0005733970,1
T0005733972,2
T0005733973,2
T0005733977,2
T0005733978,2
T0005733981,1
T0005733982,1
T0005733988,2
T0005733990,2
T0005733991,3
T0005733994,2
T0005733995,2
T0005733996,2
T0005733998,2
T0005733999,3
T0005734002,2
T0005734006,3
T0005734007,2
T0005734008,1
T0005734010,2
T0005734012,2
T0005734017,2
T0005734019,3
T0005734021,2
T0005734023,2
T0005734027,3
T0005734028,1
T0005734029,2
T0005734033,3
T0005734035,2
T0005734039,3
T0005734044,3
T0005734045,2
T0005734049,2
T0005734052,2
T0005734053,3
T0005734056,2
T0005734058,2
T0005734059,2
T0005734060,2
T0005734065,3
T0005734069,1
T0005734070,2
T0005734072,2
T0005734075,3
T0005734077,2
T0005734079,2
T0005734081,2
T0005734082,2
T0005734087,1
T0005734089,3
T0005734094,2
T0005734096,3
T0005734097,2
T0005734099,2
T0005734111,3
T0005734113,3
T0005734115,2
T0005734116,3
T0005734117,2
T0005734120,2
T0005734123,2
T0005734126,1
T0005734129,3
T0005734132,2
T0005734133,2
T0005734134,2
T0005734135,2
T0005734136,3
T0005734139,1
T0005734142,2
T0005734144,1
T0005734145,2
T0005734148,3
T0005734151,3
T0005734153,3
T0005734156,2
T0005734158,1
T0005734163,3
T0005734165,2
T0005734171,2
T0005734172,1
T0005734174,2
T0005734175,3
T0005734176,2
T0005734179,1
T0005734183,3
T0005734184,2
T0005734191,2
T0005734193,2
T0005734194,1
T0005734195,3
T0005734199,1
T0005734201,3
T0005734208,2
T0005734210,3
T0005734211,3
T0005734212,2
T0005734215,3
T0005734217,2
T0005734218,3
T0005734222,1
T0005734223,1
T0005734224,1
T0005734231,3
T0005734232,3
T0005734234,3
T0005734236,3
T0005734238,3
T0005734239,2
T0005734240,3
T0005734248,1
T0005734260,3
T0005734272,3
T0005734276,2
T0005734278,3
T0005734280,3
T0005734289,3
T0005734290,2
T0005734292,1
T0005734298,1
T0005734304,1
T0005734305,2
T0005734307,2
T0005734309,2
T0005734311,1
T0005734314,3
T0005734317,2
T0005734319,2
T0005734323,2
T0005734324,2
T0005734326,2
T0005734327,3
T0005734329,1
T0005734331,1
T0005734333,2
T0005734337,2
T0005734338,2
T0005734341,2
T0005734347,2
T0005734356,3
T0005734357,2
T0005734358,2
T0005734361,3
T0005734366,3
T0005734367,2
T0005734374,3
T0005734375,3
T0005734376,2
T0005734379,3
T0005734381,2
T0005734385,2
T0005734388,2
T0005734397,3
T0005734399,3
T0005734401,1
T0005734402,3
T0005734405,2
T0005734406,2
T0005734407,1
T0005734408,2
T0005734410,2
T0005734411,2
T0005734415,2
T0005734418,2
T0005734422,1
T0005734423,2
T0005734426,2
T0005734430,1
T0005734433,2
T0005734434,3
T0005734435,2
T0005734436,1
T0005734438,2
T0005734439,2
T0005734446,2
T0005734447,2
T0005734448,2
T0005734454,1
T0005734458,2
T0005734460,2
T0005734463,1
T0005734465,2
T0005734466,3
T0005734467,3
T0005734468,1
T0005734469,2
T0005734470,2
T0005734471,3
T0005734472,1
T0005734473,2
T0005734474,3
T0005734478,2
T0005734485,2
T0005734487,2
T0005734488,2
T0005734490,2
T0005734492,2
T0005734495,2
T0005734496,2
T0005734497,2
T0005734499,2
T0005734504,1
T0005734507,2
T0005734509,1
T0005734510,3
T0005734511,2
T0005734512,2
T0005734513,1
T0005734514,2
T0005734516,2
T0005734519,2
T0005734520,3
T0005734521,2
T0005734525,2
T0005734529,2
T0005734532,3
T0005734533,3
T0005734534,2
T0005734536,1
T0005734539,3
T0005734542,1
T0005734546,3
T0005734548,1
T0005734550,2
T0005734552,2
T0005734554,2
T0005734564,1
T0005734566,3
T0005734570,2
T0005734571,2
T0005734572,1
T0005734573,3
T0005734581,2
T0005734582,2
T0005734583,3
T0005734588,2
T0005734590,2
T0005734592,3
T0005734594,3
T0005734595,2
T0005734601,2
T0005734602,2
T0005734604,1
T0005734605,1
T0005734606,2
T0005734607,2
T0005734610,2
T0005734614,2
T0005734616,2
T0005734618,2
T0005734619,2
T0005734620,2
T0005734621,3
T0005734624,2
T0005734628,2
T0005734633,3
T0005734637,3
T0005734643,2
T0005734646,2
T0005734647,3
T0005734648,3
T0005734653,3
T0005734655,2
T0005734660,2
T0005734662,2
T0005734666,1
T0005734667,3
T0005734668,2
T0005734670,2
T0005734672,3
T0005734675,2
T0005734676,2
T0005734677,3
T0005734678,2
T0005734679,3
T0005734680,2
T0005734684,2
T0005734691,2
T0005734695,3
T0005734696,2
T0005734698,2
T0005734701,2
T0005734706,2
T0005734707,2
T0005734709,2
T0005734710,1
T0005734711,2
T0005734719,2
T0005734720,2
T0005734725,1
T0005734729,3
T0005734732,2
T0005734734,3
T0005734737,2
T0005734738,3
T0005734739,3
T0005734742,3
T0005734745,2
T0005734746,1
T0005734752,3
T0005734753,3
T0005734756,2
T0005734757,3
T0005734759,1
T0005734761,2
T0005734769,2
T0005734773,3
T0005734774,3
T0005734777,2
T0005734783,2
T0005734785,3
T0005734794,1
T0005734795,2
T0005734797,1
T0005734805,2
T0005734806,2
T0005734807,1
T0005734808,1
T0005734810,2
T0005734811,2
T0005734812,2
T0005734813,2
T0005734814,2
T0005734815,2
T0005734817,2
T0005734818,3
T0005734819,1
T0005734822,1
T0005734831,2
T0005734833,2
T0005734834,2
T0005734835,1
T0005734837,2
T0005734841,3
T0005734842,2
T0005734849,2
T0005734853,2
T0005734855,3
T0005734857,2
T0005734861,2
T0005734868,3
T0005734873,2
T0005734874,1
T0005734876,3
T0005734877,3
T0005734878,2
T0005734879,2
T0005734880,1
T0005734883,1
T0005734884,2
T0005734887,3
T0005734890,1
T0005734891,2
T0005734892,2
T0005734894,3
T0005734896,3
T0005734901,3
T0005734905,1
T0005734907,3
T0005734910,3
T0005734912,3
T0005734913,3
T0005734921,2
T0005734922,1
T0005734923,2
T0005734924,1
T0005734926,2
T0005734927,1
T0005734928,2
T0005734930,2
T0005734931,3
T0005734933,3
T0005734934,2
T0005734936,3
T0005734937,3
T0005734942,3
T0005734943,3
T0005734946,1
T0005734951,1
T0005734952,3
T0005734953,3
T0005734955,1
T0005734957,2
T0005734959,2
T0005734960,1
T0005734961,2
T0005734962,2
T0005734967,3
T0005734971,3
T0005734972,3
T0005734975,3
T0005734976,2
T0005734978,1
T0005734979,2
T0005734980,2
T0005734982,3
T0005734987,3
T0005734989,2
T0005734993,2
T0005734994,2
T0005735001,2
T0005735003,3
T0005735006,3
T0005735007,3
T0005735011,1
T0005735012,2
T0005735015,3
T0005735016,2
T0005735019,3
T0005735024,2
T0005735026,1
T0005735027,1
T0005735031,2
T0005735034,2
T0005735037,1
T0005735038,2
T0005735039,3
T0005735040,1
T0005735041,2
T0005735042,2
T0005735044,2
T0005735045,3
T0005735047,2
T0005735050,3
T0005735054,2
T0005735055,3
T0005735056,3
T0005735057,3
T0005735059,2
T0005735061,2
T0005735064,3
T0005735069,2
T0005735075,2
T0005735076,2
T0005735077,2
T0005735079,3
T0005735084,2
T0005735087,2
T0005735089,1
T0005735090,3
T0005735092,3
T0005735094,1
T0005735095,2
T0005735099,1
T0005735100,2
T0005735101,2
T0005735104,1
T0005735105,1
T0005735106,1
T0005735111,2
T0005735114,1
T0005735115,3
T0005735117,2
T0005735122,2
T0005735123,2
T0005735125,2
T0005735126,2
T0005735129,2
T0005735130,1
T0005735132,2
T0005735137,2
T0005735138,2
T0005735140,3
T0005735141,2
T0005735142,2
T0005735143,1
T0005735144,3
T0005735145,1
T0005735146,2
T0005735152,2
T0005735153,1
T0005735156,2
T0005735158,3
T0005735159,2
T0005735160,2
T0005735162,2
T0005735165,2
T0005735169,1
T0005735170,1
T0005735171,3
T0005735172,3
T0005735173,3
T0005735174,3
T0005735178,2
T0005735179,1
T0005735183,1
T0005735185,2
T0005735187,2
T0005735190,2
T0005735192,1
T0005735193,1
T0005735196,3
T0005735197,2
T0005735198,3
T0005735202,1
T0005735203,2
T0005735204,2
T0005735212,1
T0005735213,2
T0005735220,1
T0005735222,2
T0005735223,2
T0005735225,2
T0005735227,2
T0005735230,2
T0005735234,3
T0005735238,2
T0005735245,1
T0005735246,2
T0005735247,3
T0005735249,1
T0005735250,2
T0005735251,3
T0005735256,3
T0005735259,3
T0005735262,2
T0005735265,1
T0005735267,3
T0005735269,3
T0005735270,2
T0005735276,1
T0005735277,3
T0005735279,2
T0005735285,1
T0005735287,3
T0005735288,3
T0005735290,3
T0005735294,2
T0005735295,2
T0005735300,2
T0005735304,1
T0005735306,3
T0005735307,1
T0005735312,2
T0005735316,2
T0005735319,2
T0005735321,1
T0005735324,2
T0005735328,1
T0005735329,3
T0005735332,1
T0005735334,3
T0005735337,3
T0005735338,2
T0005735342,2
T0005735344,2
T0005735345,2
T0005735355,2
T0005735358,3
T0005735359,3
T0005735362,2
T0005735364,2
T0005735365,2
T0005735367,1
T0005735368,3
T0005735370,2
T0005735375,1
T0005735381,2
T0005735382,3
T0005735383,1
T0005735384,2
T0005735388,2
T0005735389,1
T0005735399,3
T0005735400,2
T0005735401,2
T0005735403,3
T0005735404,2
T0005735405,2
T0005735406,2
T0005735409,2
T0005735410,2
T0005735411,2
T0005735413,2
T0005735415,2
T0005735416,2
T0005735418,2
T0005735419,2
T0005735421,3
T0005735424,2
T0005735427,3
T0005735428,3
T0005735431,1
T0005735433,1
T0005735435,1
T0005735438,3
T0005735439,2
T0005735442,1
T0005735444,3
T0005735445,2
T0005735447,2
T0005735449,2
T0005735451,1
T0005735457,1
T0005735461,3
T0005735464,3
T0005735467,2
T0005735469,1
T0005735470,1
T0005735472,1
T0005735476,3
T0005735477,3
T0005735480,2
T0005735481,2
T0005735482,2
T0005735484,1
T0005735488,2
T0005735489,2
T0005735491,3
T0005735492,3
T0005735493,1
T0005735498,2
T0005735499,2
T0005735500,2
T0005735502,3
T0005735503,2
T0005735504,2
T0005735506,2
T0005735509,2
T0005735510,2
T0005735513,2
T0005735514,3
T0005735515,2
T0005735516,3
T0005735520,2
T0005735521,3
T0005735523,2
T0005735525,3
T0005735529,1
T0005735530,3
T0005735531,2
T0005735532,3
T0005735537,3
T0005735539,1
T0005735542,2
T0005735543,1
T0005735548,2
T0005735551,2
T0005735553,1
T0005735554,3
T0005735558,2
T0005735561,3
T0005735563,2
T0005735566,1
T0005735567,1
T0005735568,2
T0005735569,2
T0005735579,2
T0005735582,1
T0005735584,2
T0005735586,2
T0005735587,2
T0005735589,1
T0005735590,2
T0005735591,2
T0005735594,2
T0005735595,3
T0005735603,3
T0005735605,1
T0005735607,3
T0005735608,2
T0005735610,3
T0005735611,3
T0005735615,1
T0005735616,3
T0005735619,2
T0005735622,1
T0005735626,1
T0005735631,1
T0005735633,3
T0005735634,1
T0005735635,1
T0005735637,3
T0005735638,3
T0005735641,2
T0005735642,2
T0005735643,1
T0005735644,2
T0005735651,2
T0005735652,1
T0005735653,2
T0005735656,1
T0005735658,2
T0005735664,2
T0005735665,1
T0005735668,3
T0005735669,3
T0005735670,2
T0005735673,2
T0005735675,3
T0005735676,2
T0005735677,3
T0005735680,2
T0005735685,3
T0005735687,3
T0005735691,2
T0005735696,3
T0005735698,1
T0005735699,1
T0005735700,1
T0005735702,3
T0005735705,3
T0005735709,2
T0005735710,2
T0005735711,1
T0005735712,2
T0005735715,3
T0005735716,3
T0005735717,2
T0005735719,2
T0005735722,1
T0005735723,3
T0005735725,2
T0005735727,2
T0005735728,2
T0005735729,2
T0005735730,3
T0005735731,3
T0005735732,2
T0005735733,1
T0005735734,3
T0005735735,1
T0005735737,2
T0005735738,2
T0005735739,2
T0005735742,2
T0005735743,3
T0005735751,2
T0005735752,2
T0005735754,2
T0005735759,1
T0005735763,1
T0005735766,2
T0005735769,2
T0005735772,3
T0005735775,1
T0005735777,2
T0005735778,2
T0005735781,1
T0005735783,2
T0005735787,3
T0005735789,1
T0005735790,1
T0005735796,2
T0005735800,3
T0005735801,3
T0005735802,1
T0005735804,2
T0005735808,2
T0005735810,3
T0005735813,3
T0005735816,1
T0005735817,3
T0005735823,2
T0005735824,3
T0005735827,3
T0005735828,1
T0005735829,2
T0005735831,3
T0005735836,1
T0005735837,2
T0005735840,2
T0005735842,2
T0005735843,2
T0005735844,3
T0005735845,2
T0005735849,1
T0005735852,1
T0005735855,3
T0005735857,2
T0005735858,2
T0005735861,2
T0005735863,1
T0005735870,3
T0005735871,3
T0005735873,1
T0005735874,1
T0005735880,2
T0005735881,2
T0005735882,1
T0005735883,2
T0005735884,1
T0005735885,3
T0005735890,2
T0005735901,2
T0005735902,1
T0005735905,3
T0005735906,2
T0005735910,1
T0005735912,2
T0005735914,3
T0005735915,3
T0005735916,2
T0005735917,3
T0005735922,2
T0005735923,3
T0005735924,3
T0005735926,3
T0005735929,2
T0005735935,3
T0005735936,3
T0005735940,3
T0005735942,2
T0005735943,2
T0005735946,3
T0005735948,2
T0005735949,2
T0005735950,2
T0005735955,3
T0005735957,2
T0005735959,3
T0005735962,1
T0005735964,2
T0005735967,3
T0005735969,3
T0005735974,2
T0005735978,3
T0005735980,2
T0005735982,1
T0005735984,3
T0005735988,1
T0005735989,2
T0005735990,2
T0005735991,3
T0005735997,3
T0005735999,1
T0005736003,2
T0005736008,2
T0005736011,2
T0005736012,2
T0005736014,2
T0005736016,2
T0005736019,1
T0005736020,3
T0005736022,2
T0005736024,3
T0005736026,2
T0005736027,1
T0005736030,3
T0005736033,3
T0005736036,3
T0005736037,2
T0005736039,3
T0005736040,3
T0005736044,2
T0005736046,1
T0005736047,2
T0005736048,1
T0005736049,2
T0005736051,2
T0005736052,1
T0005736057,1
T0005736060,3
T0005736061,3
T0005736062,3
T0005736064,3
T0005736065,2
T0005736070,2
T0005736076,3
T0005736079,1
T0005736081,3
T0005736088,2
T0005736094,2
T0005736095,2
T0005736096,2
T0005736097,3
T0005736099,2
T0005736100,2
T0005736104,1
T0005736105,1
T0005736106,3
T0005736109,2
T0005736115,2
T0005736118,3
T0005736123,2
T0005736124,2
T0005736128,2
T0005736132,3
T0005736135,3
T0005736136,3
T0005736137,2
T0005736138,1
T0005736140,1
T0005736143,3
T0005736148,1
T0005736149,1
T0005736150,2
T0005736155,1
T0005736156,3
T0005736157,2
T0005736168,2
T0005736169,1
T0005736170,2
T0005736175,1
T0005736177,2
T0005736180,3
T0005736184,3
T0005736188,2
T0005736190,3
T0005736195,2
T0005736197,1
T0005736199,1
T0005736205,2
T0005736208,3
T0005736209,3
T0005736218,3
T0005736222,3
T0005736223,3
T0005736224,2
T0005736227,3
T0005736228,3
T0005736231,2
T0005736232,3
T0005736233,1
T0005736235,2
T0005736237,2
T0005736238,3
T0005736241,2
T0005736246,2
T0005736249,2
T0005736250,1
T0005736252,1
T0005736256,2
T0005736258,1
T0005736259,1
T0005736261,1
T0005736264,2
T0005736268,2
T0005736271,2
T0005736272,2
T0005736274,2
T0005736275,2
T0005736278,1
T0005736280,3
T0005736282,1
T0005736283,3
T0005736288,1
T0005736289,2
T0005736291,3
T0005736293,2
T0005736297,2
T0005736298,2
T0005736300,3
T0005736301,3
T0005736303,2
T0005736306,2
T0005736309,2
T0005736314,2
T0005736316,2
T0005736326,1
T0005736328,2
T0005736330,2
T0005736332,1
T0005736334,2
T0005736339,2
T0005736340,3
T0005736343,2
T0005736348,2
T0005736350,3
T0005736352,2
T0005736358,2
T0005736361,2
T0005736362,3
T0005736363,3
T0005736364,2
T0005736369,3
T0005736370,1
T0005736371,2
T0005736374,3
T0005736381,2
T0005736385,2
T0005736387,2
T0005736388,3
T0005736391,1
T0005736392,3
T0005736395,1
T0005736396,3
T0005736398,2
T0005736399,2
T0005736400,1
T0005736401,1
T0005736402,2
T0005736404,3
T0005736407,2
T0005736408,3
T0005736412,1
T0005736414,2
T0005736415,1
T0005736416,2
T0005736418,2
T0005736422,1
T0005736428,3
T0005736432,2
T0005736437,2
T0005736438,3
T0005736442,2
T0005736448,2
T0005736451,2
T0005736453,1
T0005736454,3
T0005736455,3
T0005736457,1
T0005736460,3
T0005736462,1
T0005736464,2
T0005736466,2
T0005736467,3
T0005736468,2
T0005736473,2
T0005736474,3
T0005736480,2
T0005736481,2
T0005736489,3
T0005736491,2
T0005736492,3
T0005736494,2
T0005736495,3
T0005736496,1
T0005736499,2
T0005736501,1
T0005736506,2
T0005736507,1
T0005736510,1
T0005736512,3
T0005736513,2
T0005736521,3
T0005736522,2
T0005736524,3
T0005736526,2
T0005736529,1
T0005736530,3
T0005736531,1
T0005736532,3
T0005736533,2
T0005736536,2
T0005736539,2
T0005736543,2
T0005736548,3
T0005736549,2
T0005736553,1
T0005736554,1
T0005736560,2
T0005736568,2
T0005736570,3
T0005736571,2
T0005736573,2
T0005736576,3
T0005736580,2
T0005736582,3
T0005736584,2
T0005736585,3
T0005736587,1
T0005736589,1
T0005736591,2
T0005736593,2
T0005736596,2
T0005736597,2
T0005736598,2
T0005736600,2
T0005736601,2
T0005736603,3
T0005736605,2
T0005736608,2
T0005736611,1
T0005736616,2
T0005736617,2
T0005736618,1
T0005736622,2
T0005736625,2
T0005736626,2
T0005736630,1
T0005736632,1
T0005736637,1
T0005736640,2
T0005736646,2
T0005736649,2
T0005736651,3
T0005736659,2
T0005736660,2
T0005736661,2
T0005736668,1
T0005736669,3
T0005736671,2
T0005736672,2
T0005736673,2
T0005736675,3
T0005736677,3
T0005736684,3
T0005736687,1
T0005736689,3
T0005736690,3
T0005736694,1
T0005736695,3
T0005736701,2
T0005736703,2
T0005736707,3
T0005736717,2
T0005736718,2
T0005736721,2
T0005736724,1
T0005736725,2
T0005736730,1
T0005736733,2
T0005736734,2
T0005736737,2
T0005736739,2
T0005736741,3
T0005736742,2
T0005736743,2
T0005736744,2
T0005736747,3
T0005736750,2
T0005736752,2
T0005736754,2
T0005736757,2
T0005736758,2
T0005736759,1
T0005736762,2
T0005736763,1
T0005736764,2
T0005736768,2
T0005736771,2
T0005736776,2
T0005736779,2
T0005736783,1
T0005736785,2
T0005736786,2
T0005736787,2
T0005736791,2
T0005736792,1
T0005736795,1
T0005736802,3
T0005736805,3
T0005736808,3
T0005736816,1
T0005736818,3
T0005736820,2
T0005736821,3
T0005736826,3
T0005736827,2
T0005736828,2
T0005736829,2
T0005736832,3
T0005736833,2
T0005736834,3
T0005736837,2
T0005736842,3
T0005736843,1
T0005736845,2
T0005736847,1
T0005736848,3
T0005736849,2
T0005736851,2
T0005736852,3
T0005736853,2
T0005736854,2
T0005736855,3
T0005736856,3
T0005736859,3
T0005736861,2
T0005736862,2
T0005736863,2
T0005736868,3
T0005736869,1
T0005736871,3
T0005736872,2
T0005736877,2
T0005736878,2
T0005736888,1
T0005736890,3
T0005736891,2
T0005736893,2
T0005736895,3
T0005736896,3
T0005736897,3
T0005736904,2
T0005736907,2
T0005736908,3
T0005736909,2
T0005736910,2
T0005736912,1
T0005736913,2
T0005736918,2
T0005736924,3
T0005736925,2
T0005736926,3
T0005736928,3
T0005736930,2
T0005736931,1
T0005736936,3
T0005736939,3
T0005736940,2
T0005736943,3
T0005736945,2
T0005736948,3
T0005736950,2
T0005736951,1
T0005736952,2
T0005736954,2
T0005736955,2
T0005736957,3
T0005736960,2
T0005736965,1
T0005736967,2
T0005736969,2
T0005736970,2
T0005736971,1
T0005736973,2
T0005736974,1
T0005736975,2
T0005736980,3
T0005736981,1
T0005736989,2
T0005736992,1
T0005736995,1
T0005736996,2
T0005736997,1
T0005736999,3
T0005737001,2
T0005737005,3
T0005737008,2
T0005737009,3
T0005737011,3
T0005737012,2
T0005737014,2
T0005737015,1
T0005737016,3
T0005737017,3
T0005737019,2
T0005737024,3
T0005737026,3
T0005737027,3
T0005737028,2
T0005737031,1
T0005737032,1
T0005737034,2
T0005737038,3
T0005737040,1
T0005737043,2
T0005737045,2
T0005737051,2
T0005737052,1
T0005737054,2
T0005737059,2
T0005737060,2
T0005737061,2
T0005737064,2
T0005737065,1
T0005737066,1
T0005737072,3
T0005737077,2
T0005737079,2
T0005737081,3
T0005737083,1
T0005737092,2
T0005737096,2
T0005737097,2
T0005737098,3
T0005737099,3
T0005737100,1
T0005737101,2
T0005737105,1
T0005737108,1
T0005737109,2
T0005737110,1
T0005737111,2
T0005737117,1
T0005737118,3
T0005737119,2
T0005737121,2
T0005737124,2
T0005737127,2
T0005737130,3
T0005737134,2
T0005737135,2
T0005737139,2
T0005737142,2
T0005737145,3
T0005737148,2
T0005737150,1
T0005737156,2
T0005737159,3
T0005737161,3
T0005737162,1
T0005737163,2
T0005737165,2
T0005737166,2
T0005737168,2
T0005737170,2
T0005737172,2
T0005737176,2
T0005737177,2
T0005737184,2
T0005737196,3
T0005737199,1
T0005737201,3
T0005737202,2
T0005737209,3
T0005737210,1
T0005737211,2
T0005737214,1
T0005737215,3
T0005737218,1
T0005737219,3
T0005737221,3
T0005737222,2
T0005737224,1
T0005737229,2
T0005737230,2
T0005737231,3
T0005737235,3
T0005737236,3
T0005737238,2
T0005737239,2
T0005737242,1
T0005737245,2
T0005737248,2
T0005737249,3
T0005737250,2
T0005737253,1
T0005737258,1
T0005737262,2
T0005737263,2
T0005737264,1
T0005737267,3
T0005737270,1
T0005737271,2
T0005737272,1
T0005737273,2
T0005737275,3
T0005737277,3
T0005737282,3
T0005737286,2
T0005737287,1
T0005737288,3
T0005737290,2
T0005737291,2
T0005737297,2
T0005737299,3
T0005737302,2
T0005737306,2
T0005737307,1
T0005737308,2
T0005737309,3
T0005737313,2
T0005737315,3
T0005737321,1
T0005737322,2
T0005737327,2
T0005737328,2
T0005737329,3
T0005737331,2
T0005737333,3
T0005737334,2
T0005737335,1
T0005737338,2
T0005737341,2
T0005737343,3
T0005737344,2
T0005737345,1
T0005737346,3
T0005737348,3
T0005737349,1
T0005737350,1
T0005737352,2
T0005737354,2
T0005737356,3
T0005737357,3
T0005737359,2
T0005737362,2
T0005737365,3
T0005737370,1
T0005737371,2
T0005737372,2
T0005737373,3
T0005737376,2
T0005737377,1
T0005737386,1
T0005737387,1
T0005737390,2
T0005737391,1
T0005737392,3
T0005737393,2
T0005737395,3
T0005737397,1
T0005737399,2
T0005737402,2
T0005737403,1
T0005737404,1
T0005737405,2
T0005737406,1
T0005737408,2
T0005737410,2
T0005737411,3
T0005737412,2
T0005737413,3
T0005737422,1
T0005737423,3
T0005737425,3
T0005737426,2
T0005737430,3
T0005737435,3
T0005737439,2
T0005737440,2
T0005737441,2
T0005737442,1
T0005737445,2
T0005737447,3
T0005737453,2
T0005737455,3
T0005737457,2
T0005737458,1
T0005737459,1
T0005737462,2
T0005737463,2
T0005737465,2
T0005737467,2
T0005737469,2
T0005737471,1
T0005737473,1
T0005737476,1
T0005737483,1
T0005737484,3
T0005737489,3
T0005737490,3
T0005737491,3
T0005737494,3
T0005737495,2
T0005737497,3
T0005737498,2
T0005737499,2
T0005737500,1
T0005737501,3
T0005737502,1
T0005737505,3
T0005737506,2
T0005737507,2
T0005737509,2
T0005737510,3
T0005737520,3
T0005737526,3
T0005737529,2
T0005737531,2
T0005737532,3
T0005737534,2
T0005737536,3
T0005737538,2
T0005737539,2
T0005737543,2
T0005737544,3
T0005737548,3
T0005737553,2
T0005737559,1
T0005737560,2
T0005737561,2
T0005737563,2
T0005737567,2
T0005737569,3
T0005737571,2
T0005737573,2
T0005737580,3
T0005737581,1
T0005737582,1
T0005737583,2
T0005737584,3
T0005737585,1
T0005737587,2
T0005737589,2
T0005737590,1
T0005737597,3
T0005737599,1
T0005737602,2
T0005737604,1
T0005737606,2
T0005737607,3
T0005737610,3
T0005737612,3
T0005737614,2
T0005737619,2
T0005737621,2
T0005737622,3
T0005737625,2
T0005737628,1
T0005737630,3
T0005737633,1
T0005737634,2
T0005737638,3
T0005737639,2
T0005737640,2
T0005737642,2
T0005737643,3
T0005737645,1
T0005737651,2
T0005737653,3
T0005737657,2
T0005737658,3
T0005737660,1
T0005737661,2
T0005737662,2
T0005737664,1
T0005737665,3
T0005737667,1
T0005737668,3
T0005737671,1
T0005737675,2
T0005737677,2
T0005737679,2
T0005737680,3
T0005737681,3
T0005737684,3
T0005737685,2
T0005737687,3
T0005737688,3
T0005737691,3
T0005737692,1
T0005737693,2
T0005737695,1
T0005737704,3
T0005737707,2
T0005737708,2
T0005737709,2
T0005737711,1
T0005737712,3
T0005737713,3
T0005737716,2
T0005737719,3
T0005737721,3
T0005737722,3
T0005737723,3
T0005737724,1
T0005737725,2
T0005737728,2
T0005737729,2
T0005737731,3
T0005737733,3
T0005737734,1
T0005737736,3
T0005737740,2
T0005737748,3
T0005737754,3
T0005737756,2
T0005737758,3
T0005737765,1
T0005737770,1
T0005737771,2
T0005737773,2
T0005737774,3
T0005737779,1
T0005737784,2
T0005737786,1
T0005737788,1
T0005737789,2
T0005737791,2
T0005737792,1
T0005737807,2
T0005737808,2
T0005737810,2
T0005737811,2
T0005737813,2
T0005737815,2
T0005737820,2
T0005737822,3
T0005737823,2
T0005737825,3
T0005737830,2
T0005737831,3
T0005737835,1
T0005737838,2
T0005737842,2
T0005737844,3
T0005737848,2
T0005737854,3
T0005737859,2
T0005737860,1
T0005737862,2
T0005737863,1
T0005737866,2
T0005737868,3
T0005737869,2
T0005737874,3
T0005737877,2
T0005737879,1
T0005737881,2
T0005737883,3
T0005737885,2
T0005737888,2
T0005737892,1
T0005737899,1
T0005737900,2
T0005737901,2
T0005737902,3
T0005737910,2
T0005737911,2
T0005737913,1
T0005737915,2
T0005737916,3
T0005737917,3
T0005737920,2
T0005737927,2
T0005737929,2
T0005737930,2
T0005737931,3
T0005737932,2
T0005737934,2
T0005737937,2
T0005737938,3
T0005737941,2
T0005737944,2
T0005737947,3
T0005737951,2
T0005737956,3
T0005737959,3
T0005737961,2
T0005737962,2
T0005737964,1
T0005737967,2
T0005737968,1
T0005737974,2
T0005737976,1
T0005737977,2
T0005737979,2
T0005737982,3
T0005737983,2
T0005737992,2
T0005737993,2
T0005737994,2
T0005738000,3
T0005738002,2
T0005738007,2
T0005738010,2
T0005738011,3
T0005738012,2
T0005738014,1
T0005738018,3
T0005738019,3
T0005738021,2
T0005738024,3
T0005738025,3
T0005738028,3
T0005738031,2
T0005738034,2
T0005738036,2
T0005738040,2
T0005738041,1
T0005738042,2
T0005738046,1
T0005738050,1
T0005738053,2
T0005738058,2
T0005738059,1
T0005738062,2
T0005738065,2
T0005738074,3
T0005738076,2
T0005738078,2
T0005738079,2
T0005738080,1
T0005738081,2
T0005738082,2
T0005738085,1
T0005738087,3
T0005738088,2
T0005738090,3
T0005738094,1
T0005738102,3
T0005738106,2
T0005738114,1
T0005738119,2
T0005738122,2
T0005738123,3
T0005738124,2
T0005738126,3
T0005738128,1
T0005738129,2
T0005738130,1
T0005738131,3
T0005738135,2
T0005738136,3
T0005738138,2
T0005738139,2
T0005738143,1
T0005738144,2
T0005738145,2
T0005738150,2
T0005738151,1
T0005738154,2
T0005738155,1
T0005738156,3
T0005738158,3
T0005738160,1
T0005738162,1
T0005738163,2
T0005738164,2
T0005738169,2
T0005738170,3
T0005738172,3
T0005738174,1
T0005738177,3
T0005738179,2
T0005738181,3
T0005738182,1
T0005738185,2
T0005738186,3
T0005738188,1
T0005738197,2
T0005738202,2
T0005738204,1
T0005738205,2
T0005738210,3
T0005738212,3
T0005738213,2
T0005738214,3
T0005738215,2
T0005738220,2
T0005738221,3
T0005738222,2
T0005738225,3
T0005738226,2
T0005738227,2
T0005738230,2
T0005738232,2
T0005738233,1
T0005738239,2
T0005738242,2
T0005738243,1
T0005738244,2
T0005738246,3
T0005738247,2
T0005738252,1
T0005738255,1
T0005738257,2
T0005738258,2
T0005738263,3
T0005738264,2
T0005738266,1
T0005738268,2
T0005738270,1
T0005738271,2
T0005738272,3
T0005738273,1
T0005738277,3
T0005738280,1
T0005738282,1
T0005738283,2
T0005738284,1
T0005738287,2
T0005738289,3
T0005738291,2
T0005738293,2
T0005738297,3
T0005738298,2
T0005738303,2
T0005738306,3
T0005738307,1
T0005738308,2
T0005738310,3
T0005738314,3
T0005738315,1
T0005738316,2
T0005738324,2
T0005738325,3
T0005738327,2
T0005738329,3
T0005738330,2
T0005738333,2
T0005738338,2
T0005738340,2
T0005738341,2
T0005738343,1
T0005738346,3
T0005738347,3
T0005738350,1
T0005738354,3
T0005738356,2
T0005738358,1
T0005738359,3
T0005738361,2
T0005738362,3
T0005738363,1
T0005738367,3
T0005738370,1
T0005738372,3
T0005738375,3
T0005738376,2
T0005738378,2
T0005738380,2
T0005738382,2
T0005738388,3
T0005738394,2
T0005738399,2
T0005738401,2
T0005738403,3
T0005738405,1
T0005738408,1
T0005738409,2
T0005738410,1
T0005738411,2
T0005738412,2
T0005738413,3
T0005738416,3
T0005738418,1
T0005738421,3
T0005738423,3
T0005738425,2
T0005738429,1
T0005738431,1
T0005738432,3
T0005738433,1
T0005738434,2
T0005738437,2
T0005738438,3
T0005738442,2
T0005738443,1
T0005738445,1
T0005738448,2
T0005738449,2
T0005738451,3
T0005738452,1
T0005738453,3
T0005738457,3
T0005738461,2
T0005738462,2
T0005738464,1
T0005738465,3
T0005738466,3
T0005738471,3
T0005738473,1
T0005738477,3
T0005738478,1
T0005738479,1
T0005738480,3
T0005738483,3
T0005738485,3
T0005738488,2
T0005738492,1
T0005738493,3
T0005738494,1
T0005738495,3
T0005738499,1
T0005738501,2
T0005738503,3
T0005738504,1
T0005738508,3
T0005738509,3
T0005738512,2
T0005738515,2
T0005738518,1
T0005738519,3
T0005738520,2
T0005738522,3
T0005738524,2
T0005738526,1
T0005738527,2
T0005738531,1
T0005738533,1
T0005738535,1
T0005738539,2
T0005738542,2
T0005738547,1
T0005738548,3
T0005738551,3
T0005738552,1
T0005738553,3
T0005738559,1
T0005738563,1
T0005738566,3
T0005738567,2
T0005738569,3
T0005738570,2
T0005738571,2
T0005738574,3
T0005738577,2
T0005738585,3
T0005738587,2
T0005738588,3
T0005738590,1
T0005738591,2
T0005738592,2
T0005738593,2
T0005738595,1
T0005738596,2
T0005738603,2
T0005738605,1
T0005738606,3
T0005738613,2
T0005738614,2
T0005738615,3
T0005738618,3
T0005738619,3
T0005738622,2
T0005738623,2
T0005738624,2
T0005738625,2
T0005738627,3
T0005738628,2
T0005738630,3
T0005738631,3
T0005738632,3
T0005738633,2
T0005738634,3
T0005738635,2
T0005738636,3
T0005738637,2
T0005738642,2
T0005738647,3
T0005738651,3
T0005738659,2
T0005738661,3
T0005738665,2
T0005738666,1
T0005738670,1
T0005738672,3
T0005738676,2
T0005738677,2
T0005738679,2
T0005738680,2
T0005738682,2
T0005738685,3
T0005738688,1
T0005738690,2
T0005738691,3
T0005738692,2
T0005738695,2
T0005738700,3
T0005738702,1
T0005738704,1
T0005738706,3
T0005738712,3
T0005738714,1
T0005738716,1
T0005738718,2
T0005738722,3
T0005738724,3
T0005738727,2
T0005738728,3
T0005738731,1
T0005738735,1
T0005738736,3
T0005738744,1
T0005738745,3
T0005738746,3
T0005738748,1
T0005738750,1
T0005738753,3
T0005738755,2
T0005738760,2
T0005738763,2
T0005738764,3
T0005738765,3
T0005738774,3
T0005738777,1
T0005738778,2
T0005738780,2
T0005738781,3
T0005738789,3
T0005738790,3
T0005738791,2
T0005738793,3
T0005738795,2
T0005738796,1
T0005738798,2
T0005738799,2
T0005738800,3
T0005738801,1
T0005738804,2
T0005738805,2
T0005738807,2
T0005738809,3
T0005738810,2
T0005738811,2
T0005738812,3
T0005738814,3
T0005738816,1
T0005738817,2
T0005738819,3
T0005738820,2
T0005738822,2
T0005738824,3
T0005738826,3
T0005738829,3
T0005738836,3
T0005738841,3
T0005738843,2
T0005738846,3
T0005738848,1
T0005738849,2
T0005738852,3
T0005738854,3
T0005738858,2
T0005738860,2
T0005738864,2
T0005738867,2
T0005738868,2
T0005738870,2
T0005738874,2
T0005738875,2
T0005738880,3
T0005738881,3
T0005738884,2
T0005738888,1
T0005738893,1
T0005738894,2
T0005738895,3
T0005738897,2
T0005738901,1
T0005738905,2
T0005738907,2
T0005738909,3
T0005738910,3
T0005738912,3
T0005738913,2
T0005738914,2
T0005738915,2
T0005738918,3
T0005738920,2
T0005738923,3
T0005738925,2
T0005738929,3
T0005738930,1
T0005738931,2
T0005738932,2
T0005738935,2
T0005738937,1
T0005738942,3
T0005738943,2
T0005738944,1
T0005738946,1
T0005738947,2
T0005738950,2
T0005738958,2
T0005738959,2
T0005738960,2
T0005738963,2
T0005738964,2
T0005738965,3
T0005738967,2
T0005738970,1
T0005738971,3
T0005738974,2
T0005738976,1
T0005738982,2
T0005738983,1
T0005738984,1
T0005738985,3
T0005738986,1
T0005738987,3
T0005738989,3
T0005738990,2
T0005738991,2
T0005738993,3
T0005738997,3
T0005738999,2
T0005739001,2
T0005739003,2
T0005739004,2
T0005739008,2
T0005739010,2
T0005739012,1
T0005739013,2
T0005739014,2
T0005739016,1
T0005739017,3
T0005739020,2
T0005739021,1
T0005739022,2
T0005739025,3
T0005739026,2
T0005739028,2
T0005739029,2
T0005739033,1
T0005739035,2
T0005739036,2
T0005739038,1
T0005739039,1
T0005739040,2
T0005739042,2
T0005739047,2
T0005739048,3
T0005739049,3
T0005739051,2
T0005739054,1
T0005739056,2
T0005739060,2
T0005739061,2
T0005739062,2
T0005739066,2
T0005739069,3
T0005739071,2
T0005739072,2
T0005739074,2
T0005739075,2
T0005739078,2
T0005739081,1
T0005739082,2
T0005739084,3
T0005739086,3
T0005739089,3
T0005739090,3
T0005739092,2
T0005739094,2
T0005739095,2
T0005739096,3
T0005739101,1
T0005739105,2
T0005739106,3
T0005739108,2
T0005739112,2
T0005739113,2
T0005739116,1
T0005739118,2
T0005739119,2
T0005739122,1
T0005739123,2
T0005739124,3
T0005739128,2
T0005739134,3
T0005739136,2
T0005739138,2
T0005739139,2
T0005739140,2
T0005739143,2
T0005739144,3
T0005739145,3
T0005739146,2
T0005739148,1
T0005739152,1
T0005739154,2
T0005739155,3
T0005739156,1
T0005739157,2
T0005739158,3
T0005739159,3
T0005739160,2
T0005739162,3
T0005739163,1
T0005739166,2
T0005739169,2
T0005739172,3
T0005739174,2
T0005739178,2
T0005739184,3
T0005739187,3
T0005739188,2
T0005739189,3
T0005739192,2
T0005739195,2
T0005739198,2
T0005739200,1
T0005739202,2
T0005739203,2
T0005739204,2
T0005739206,3
T0005739207,3
T0005739208,2
T0005739209,1
T0005739211,2
T0005739212,1
T0005739215,2
T0005739217,3
T0005739220,1
T0005739225,2
T0005739230,3
T0005739231,3
T0005739238,3
T0005739240,3
T0005739244,1
T0005739246,1
T0005739247,2
T0005739250,2
T0005739251,3
T0005739254,1
T0005739256,1
T0005739257,2
T0005739259,3
T0005739262,2
T0005739264,1
T0005739267,2
T0005739268,1
T0005739272,3
T0005739274,1
T0005739279,2
T0005739280,1
T0005739281,2
T0005739282,2
T0005739283,2
T0005739284,1
T0005739290,3
T0005739291,2
T0005739294,2
T0005739301,2
T0005739302,2
T0005739305,1
T0005739309,3
T0005739311,3
T0005739316,2
T0005739324,2
T0005739326,3
T0005739327,2
T0005739331,3
T0005739337,2
T0005739340,2
T0005739345,2
T0005739348,2
T0005739351,2
T0005739352,2
T0005739354,3
T0005739355,2
T0005739357,2
T0005739359,2
T0005739362,3
T0005739363,1
T0005739367,2
T0005739370,3
T0005739374,2
T0005739375,3
T0005739380,2
T0005739381,2
T0005739382,3
T0005739383,2
T0005739385,2
T0005739386,1
T0005739387,2
T0005739389,2
T0005739390,2
T0005739395,2
T0005739400,2
T0005739401,1
T0005739402,3
T0005739406,1
T0005739409,1
T0005739411,3
T0005739413,3
T0005739414,3
T0005739417,2
T0005739418,1
T0005739420,2
T0005739423,3
T0005739424,2
T0005739425,3
T0005739427,1
T0005739429,2
T0005739432,2
T0005739433,1
T0005739434,1
T0005739435,2
T0005739436,1
T0005739439,2
T0005739440,2
T0005739442,2
T0005739443,1
T0005739445,3
T0005739447,2
T0005739450,2
T0005739454,3
T0005739461,1
T0005739464,3
T0005739466,2
T0005739467,3
T0005739471,2
T0005739472,1
T0005739473,1
T0005739477,3
T0005739480,1
T0005739488,3
T0005739493,2
T0005739495,3
T0005739496,1
T0005739499,2
T0005739500,3
T0005739501,1
T0005739504,2
T0005739506,2
T0005739507,2
T0005739509,3
T0005739514,1
T0005739516,2
T0005739517,2
T0005739519,3
T0005739520,2
T0005739521,3
T0005739522,2
T0005739529,3
T0005739530,3
T0005739531,2
T0005739533,2
T0005739535,3
T0005739536,1
T0005739543,2
T0005739544,2
T0005739551,3
T0005739554,2
T0005739555,2
T0005739558,2
T0005739564,1
T0005739565,3
T0005739566,2
T0005739570,2
T0005739574,3
T0005739575,3
T0005739581,2
T0005739583,2
T0005739587,3
T0005739588,3
T0005739590,3
T0005739591,1
T0005739592,3
T0005739593,3
T0005739600,2
T0005739606,2
T0005739609,2
T0005739613,2
T0005739615,2
T0005739619,3
T0005739624,3
T0005739625,3
T0005739627,2
T0005739631,1
T0005739632,2
T0005739633,2
T0005739635,2
T0005739636,2
T0005739637,2
T0005739639,2
T0005739640,1
T0005739643,1
T0005739644,2
T0005739645,2
T0005739646,2
T0005739649,2
T0005739651,2
T0005739653,2
T0005739656,3
T0005739661,2
T0005739663,2
T0005739666,2
T0005739671,2
T0005739674,3
T0005739677,3
T0005739679,1
T0005739682,2
T0005739683,2
T0005739686,2
T0005739688,2
T0005739690,1
T0005739691,3
T0005739693,1
T0005739695,2
T0005739698,3
T0005739700,3
T0005739702,2
T0005739705,2
T0005739708,1
T0005739714,2
T0005739715,2
T0005739723,3
T0005739726,1
T0005739728,1
T0005739731,2
T0005739736,2
T0005739738,3
T0005739739,3
T0005739740,3
T0005739743,2
T0005739745,1
T0005739748,2
T0005739750,1
T0005739752,3
T0005739753,3
T0005739754,1
T0005739756,1
T0005739761,3
T0005739762,2
T0005739765,3
T0005739770,3
T0005739771,3
T0005739772,3
T0005739774,1
T0005739775,2
T0005739776,1
T0005739777,1
T0005739778,3
T0005739779,1
T0005739783,3
T0005739794,2
T0005739798,2
T0005739799,1
T0005739800,2
T0005739801,2
T0005739803,2
T0005739804,1
T0005739806,3
T0005739807,2
T0005739810,2
T0005739816,2
T0005739818,1
T0005739819,3
T0005739820,2
T0005739822,2
T0005739823,3
T0005739825,1
T0005739829,2
T0005739831,1
T0005739832,2
T0005739835,2
T0005739836,2
T0005739837,2
T0005739839,2
T0005739842,2
T0005739848,1
T0005739849,3
T0005739850,1
T0005739851,1
T0005739853,2
T0005739856,3
T0005739857,1
T0005739858,2
T0005739862,3
T0005739864,1
T0005739865,3
T0005739868,1
T0005739869,2
T0005739876,2
T0005739877,1
T0005739878,3
T0005739879,3
T0005739881,3
T0005739883,1
T0005739884,1
T0005739886,1
T0005739888,3
T0005739892,3
T0005739893,3
T0005739894,2
T0005739895,2
T0005739896,2
T0005739900,2
T0005739903,1
T0005739906,3
T0005739908,3
T0005739913,1
T0005739918,2
T0005739924,1
T0005739925,2
T0005739928,3
T0005739930,3
T0005739931,2
T0005739935,1
T0005739936,2
T0005739938,2
T0005739939,2
T0005739940,3
T0005739947,2
T0005739949,2
T0005739950,3
T0005739951,2
T0005739952,2
T0005739955,1
T0005739958,3
T0005739964,2
T0005739967,2
T0005739970,2
T0005739972,3
T0005739979,2
T0005739980,3
T0005739983,1
T0005739984,3
T0005739987,3
T0005739988,3
T0005739989,2
T0005739991,2
T0005739992,3
T0005739996,1
T0005740005,3
T0005740006,3
T0005740007,3
T0005740008,2
T0005740009,2
T0005740010,1
T0005740012,2
T0005740014,2
T0005740016,2
T0005740021,3
T0005740026,2
T0005740027,2
T0005740029,1
T0005740030,2
T0005740031,3
T0005740032,3
T0005740033,2
T0005740035,2
T0005740040,2
T0005740043,2
T0005740045,2
T0005740047,2
T0005740048,3
T0005740049,3
T0005740050,2
T0005740051,1
T0005740058,1
T0005740060,2
T0005740069,3
T0005740073,3
T0005740079,2
T0005740080,3
T0005740081,1
T0005740084,3
T0005740085,1
T0005740086,2
T0005740088,1
T0005740091,2
T0005740092,2
T0005740097,2
T0005740098,2
T0005740102,3
T0005740107,1
T0005740109,2
T0005740111,1
T0005740114,3
T0005740116,2
T0005740118,2
T0005740119,2
T0005740122,2
T0005740123,3
T0005740124,2
T0005740125,2
T0005740127,3
T0005740131,2
T0005740133,2
T0005740134,2
T0005740135,2
T0005740137,2
T0005740145,2
T0005740146,2
T0005740153,2
T0005740155,3
T0005740160,2
T0005740161,2
T0005740165,2
T0005740166,3
T0005740170,2
T0005740171,3
T0005740172,2
T0005740173,2
T0005740180,2
T0005740181,1
T0005740182,1
T0005740186,2
T0005740195,2
T0005740200,2
T0005740201,2
T0005740203,2
T0005740204,2
T0005740205,3
T0005740206,1
T0005740209,3
T0005740210,2
T0005740213,2
T0005740217,3
T0005740220,3
T0005740224,2
T0005740230,2
T0005740233,3
T0005740240,2
T0005740241,3
T0005740242,3
T0005740244,3
T0005740257,2
T0005740259,3
T0005740263,3
T0005740264,2
T0005740268,3
T0005740269,1
T0005740270,3
T0005740273,2
T0005740275,1
T0005740276,2
T0005740279,3
T0005740280,2
T0005740281,2
T0005740284,1
T0005740285,1
T0005740286,1
T0005740287,2
T0005740289,3
T0005740301,2
T0005740302,3
T0005740308,3
T0005740309,3
T0005740311,1
T0005740312,3
T0005740313,3
T0005740314,2
T0005740317,2
T0005740322,2
T0005740325,1
T0005740326,2
T0005740329,2
T0005740334,2
T0005740336,2
T0005740338,2
T0005740342,3
T0005740344,3
T0005740345,2
T0005740346,3
T0005740348,3
T0005740352,1
T0005740353,2
T0005740355,1
T0005740359,3
T0005740360,1
T0005740364,2
T0005740366,3
T0005740367,1
T0005740368,2
T0005740370,3
T0005740372,1
T0005740373,2
T0005740374,3
T0005740375,3
T0005740379,3
T0005740381,3
T0005740382,2
T0005740386,2
T0005740387,2
T0005740390,3
T0005740391,2
T0005740395,2
T0005740396,2
T0005740397,3
T0005740398,2
T0005740401,2
T0005740404,2
T0005740406,3
T0005740407,2
T0005740408,1
T0005740409,3
T0005740410,3
T0005740412,1
T0005740414,3
T0005740419,2
T0005740421,3
T0005740422,2
T0005740425,2
T0005740426,1
T0005740430,1
T0005740433,2
T0005740436,2
T0005740440,2
T0005740441,2
T0005740448,2
T0005740449,2
T0005740450,2
T0005740451,3
T0005740454,3
T0005740461,2
T0005740462,2
T0005740466,2
T0005740470,2
T0005740473,3
T0005740474,2
T0005740475,2
T0005740476,1
T0005740477,1
T0005740489,3
T0005740493,3
T0005740495,1
T0005740496,2
T0005740500,2
T0005740502,2
T0005740507,2
T0005740513,2
T0005740514,1
T0005740516,3
T0005740518,2
T0005740524,2
T0005740525,2
T0005740528,3
T0005740529,3
T0005740533,3
T0005740536,1
T0005740538,3
T0005740544,2
T0005740545,3
T0005740547,1
T0005740548,3
T0005740550,2
T0005740552,1
T0005740554,2
T0005740555,3
T0005740560,1
T0005740564,3
T0005740565,2
T0005740566,3
T0005740572,1
T0005740575,1
T0005740582,2
T0005740585,3
T0005740589,2
T0005740591,1
T0005740592,2
T0005740593,3
T0005740595,1
T0005740596,2
T0005740597,2
T0005740599,2
T0005740600,3
T0005740615,1
T0005740616,1
T0005740621,2
T0005740622,2
T0005740627,1
T0005740629,2
T0005740630,2
T0005740631,2
T0005740638,2
T0005740645,2
T0005740646,3
T0005740651,2
T0005740652,2
T0005740653,2
T0005740656,2
T0005740660,1
T0005740663,1
T0005740664,3
T0005740666,2
T0005740667,3
T0005740668,3
T0005740670,3
T0005740671,3
T0005740675,3
T0005740676,1
T0005740677,2
T0005740679,2
T0005740680,2
T0005740685,1
T0005740687,1
T0005740688,1
T0005740691,2
T0005740693,2
T0005740697,2
T0005740698,2
T0005740707,1
T0005740710,3
T0005740713,2
T0005740718,2
T0005740722,1
T0005740729,1
T0005740730,2
T0005740732,2
T0005740737,1
T0005740740,3
T0005740742,1
T0005740743,2
T0005740746,3
T0005740747,2
T0005740755,2
T0005740756,1
T0005740758,3
T0005740762,2
T0005740766,3
T0005740767,2
T0005740768,2
T0005740770,2
T0005740772,2
T0005740778,3
T0005740782,1
T0005740784,1
T0005740785,3
T0005740792,2
T0005740793,2
T0005740796,2
T0005740802,2
T0005740804,3
T0005740805,2
T0005740807,2
T0005740809,3
T0005740811,2
T0005740812,2
T0005740820,1
T0005740822,3
T0005740824,2
T0005740828,3
T0005740836,2
T0005740837,3
T0005740838,1
T0005740844,3
T0005740845,1
T0005740850,2
T0005740851,1
T0005740857,3
T0005740859,2
T0005740860,3
T0005740861,1
T0005740862,3
T0005740864,3
T0005740869,2
T0005740872,2
T0005740873,1
T0005740874,3
T0005740882,3
T0005740883,2
T0005740885,3
T0005740886,2
T0005740890,1
T0005740892,3
T0005740893,1
T0005740895,3
T0005740896,2
T0005740900,2
T0005740902,1
T0005740903,3
T0005740907,2
T0005740908,1
T0005740909,2
T0005740910,3
T0005740911,2
T0005740916,1
T0005740917,1
T0005740918,3
T0005740919,2
T0005740921,2
T0005740925,2
T0005740926,1
T0005740927,2
T0005740929,1
T0005740933,2
T0005740934,3
T0005740935,2
T0005740936,3
T0005740937,2
T0005740941,3
T0005740943,1
T0005740946,2
T0005740949,3
T0005740950,2
T0005740953,2
T0005740957,2
T0005740964,2
T0005740966,2
T0005740967,3
T0005740968,2
T0005740970,3
T0005740974,2
T0005740977,2
T0005740979,2
T0005740982,1
T0005740984,1
T0005740986,2
T0005740991,3
T0005740996,1
T0005740999,2
T0005741001,3
T0005741003,2
T0005741005,1
T0005741007,3
T0005741008,3
T0005741009,1
T0005741010,2
T0005741013,1
T0005741017,3
T0005741018,1
T0005741021,1
T0005741022,3
T0005741023,2
T0005741024,1
T0005741027,1
T0005741037,2
T0005741038,3
T0005741039,3
T0005741041,3
T0005741044,1
T0005741046,2
T0005741048,3
T0005741054,3
T0005741056,3
T0005741057,2
T0005741062,2
T0005741063,3
T0005741064,2
T0005741067,3
T0005741070,3
T0005741072,3
T0005741075,2
T0005741076,2
T0005741082,1
T0005741083,1
T0005741084,3
T0005741085,3
T0005741086,1
T0005741088,3
T0005741089,2
T0005741096,3
T0005741098,3
T0005741099,2
T0005741102,2
T0005741103,2
T0005741104,2
T0005741107,2
T0005741108,2
T0005741109,2
T0005741112,3
T0005741113,1
T0005741114,3
T0005741115,1
T0005741118,3
T0005741121,2
T0005741122,2
T0005741123,3
T0005741124,3
T0005741128,1
T0005741129,3
T0005741131,3
T0005741133,3
T0005741137,2
T0005741142,3
T0005741143,3
T0005741144,2
T0005741146,2
T0005741152,2
T0005741154,3
T0005741161,2
T0005741163,1
T0005741164,3
T0005741170,3
T0005741171,2
T0005741172,3
T0005741175,3
T0005741178,2
T0005741179,3
T0005741180,3
T0005741181,2
T0005741182,2
T0005741188,2
T0005741189,3
T0005741190,2
T0005741191,2
T0005741192,2
T0005741194,2
T0005741200,3
T0005741201,3
T0005741205,3
T0005741214,1
T0005741216,2
T0005741218,2
T0005741219,2
T0005741220,1
T0005741226,2
T0005741231,1
T0005741232,2
T0005741235,1
T0005741237,3
T0005741238,2
T0005741241,3
T0005741242,2
T0005741244,1
T0005741247,3
T0005741249,2
T0005741251,1
T0005741255,3
T0005741257,2
T0005741259,2
T0005741260,2
T0005741261,2
T0005741262,2
T0005741264,2
T0005741265,3
T0005741269,2
T0005741273,1
T0005741276,1
T0005741278,3
T0005741281,1
T0005741285,3
T0005741288,3
T0005741291,3
T0005741294,3
T0005741295,1
T0005741297,3
T0005741305,2
T0005741306,2
T0005741309,3
T0005741310,3
T0005741312,3
T0005741313,2
T0005741317,1
T0005741321,2
T0005741325,2
T0005741326,3
T0005741327,2
T0005741330,1
T0005741334,2
T0005741340,1
T0005741345,3
T0005741349,2
T0005741351,2
T0005741352,3
T0005741356,2
T0005741357,3
T0005741359,3
T0005741361,3
T0005741363,1
T0005741364,2
T0005741365,3
T0005741366,2
T0005741367,2
T0005741370,3
T0005741372,2
T0005741373,1
T0005741378,2
T0005741380,2
T0005741386,2
T0005741387,2
T0005741396,2
T0005741398,1
T0005741406,3
T0005741409,3
T0005741413,2
T0005741414,1
T0005741418,3
T0005741419,2
T0005741420,2
T0005741421,3
T0005741422,2
T0005741423,3
T0005741424,3
T0005741427,1
T0005741433,3
T0005741434,2
T0005741435,2
T0005741436,2
T0005741441,2
T0005741443,2
T0005741449,2
T0005741450,2
T0005741451,2
T0005741458,2
T0005741463,2
T0005741466,2
T0005741470,3
T0005741472,2
T0005741473,3
T0005741476,2
T0005741479,2
T0005741481,2
T0005741483,3
T0005741484,2
T0005741485,2
T0005741487,2
T0005741489,3
T0005741490,1
T0005741491,2
T0005741493,3
T0005741499,3
T0005741500,2
T0005741502,3
T0005741507,2
T0005741510,2
T0005741513,3
T0005741514,1
T0005741515,1
T0005741516,3
T0005741518,1
T0005741519,1
T0005741521,2
T0005741522,2
T0005741525,2
T0005741528,2
T0005741532,1
T0005741537,1
T0005741545,2
T0005741546,3
T0005741551,3
T0005741552,3
T0005741554,2
T0005741556,1
T0005741560,3
T0005741563,2
T0005741567,1
T0005741571,2
T0005741572,1
T0005741577,3
T0005741581,3
T0005741583,2
T0005741584,2
T0005741587,2
T0005741589,2
T0005741592,2
T0005741593,2
T0005741597,2
T0005741599,2
T0005741600,1
T0005741606,2
T0005741607,1
T0005741609,1
T0005741610,2
T0005741611,2
T0005741616,1
T0005741618,2
T0005741619,3
T0005741620,3
T0005741621,2
T0005741622,2
T0005741624,2
T0005741632,1
T0005741639,2
T0005741641,2
T0005741642,2
T0005741643,1
T0005741645,2
T0005741647,1
T0005741648,2
T0005741650,3
T0005741652,3
T0005741659,2
T0005741663,3
T0005741670,3
T0005741675,2
T0005741676,3
T0005741678,2
T0005741687,2
T0005741688,2
T0005741689,3
T0005741690,3
T0005741691,1
T0005741693,3
T0005741695,2
T0005741696,3
T0005741700,2
T0005741705,3
T0005741707,2
T0005741710,2
T0005741714,2
T0005741720,3
T0005741722,2
T0005741726,2
T0005741728,2
T0005741731,1
T0005741732,3
T0005741737,3
T0005741739,3
T0005741740,2
T0005741741,2
T0005741743,1
T0005741745,2
T0005741747,3
T0005741748,2
T0005741751,3
T0005741752,2
T0005741753,3
T0005741754,2
T0005741758,3
T0005741761,2
T0005741769,1
T0005741772,2
T0005741773,2
T0005741776,2
T0005741779,3
T0005741780,1
T0005741783,2
T0005741790,2
T0005741792,2
T0005741795,2
T0005741796,3
T0005741798,1
T0005741799,2
T0005741809,2
T0005741812,3
T0005741817,3
T0005741818,1
T0005741822,3
T0005741823,2
T0005741825,2
T0005741827,2
T0005741828,3
T0005741833,3
T0005741834,3
T0005741835,2
T0005741837,1
T0005741838,3
T0005741839,2
T0005741840,2
T0005741841,2
T0005741842,1
T0005741846,3
T0005741847,3
T0005741849,3
T0005741853,1
T0005741862,2
T0005741864,2
T0005741865,2
T0005741866,3
T0005741868,2
T0005741872,2
T0005741878,3
T0005741880,3
T0005741895,3
T0005741896,2
T0005741903,2
T0005741904,3
T0005741907,2
T0005741911,2
T0005741912,2
T0005741915,3
T0005741916,3
T0005741918,2
T0005741919,3
T0005741920,3
T0005741922,2
T0005741923,2
T0005741924,2
T0005741925,2
T0005741926,3
T0005741928,2
T0005741932,3
T0005741940,3
T0005741946,1
T0005741947,1
T0005741948,3
T0005741951,2
T0005741952,1
T0005741955,3
T0005741958,3
T0005741963,2
T0005741964,2
T0005741965,2
T0005741968,3
T0005741971,3
T0005741976,1
T0005741977,2
T0005741978,3
T0005741981,3
T0005741984,2
T0005741985,3
T0005741986,3
T0005741989,1
T0005741992,2
T0005741995,3
T0005741998,1
T0005741999,3
T0005742000,3
T0005742002,3
T0005742003,3
T0005742006,3
T0005742007,1
T0005742009,3
T0005742011,2
T0005742014,1
T0005742015,2
T0005742017,2
T0005742018,1
T0005742020,1
T0005742022,2
T0005742023,3
T0005742028,3
T0005742030,3
T0005742033,1
T0005742035,3
T0005742039,2
T0005742047,2
T0005742052,1
T0005742054,2
T0005742056,2
T0005742059,1
T0005742061,3
T0005742063,2
T0005742065,2
T0005742066,1
T0005742067,1
T0005742069,2
T0005742071,3
T0005742072,2
T0005742074,1
T0005742078,2
T0005742080,3
T0005742081,1
T0005742082,2
T0005742083,1
T0005742088,2
T0005742089,2
T0005742090,3
T0005742093,3
T0005742094,3
T0005742108,1
T0005742109,2
T0005742114,2
T0005742117,1
T0005742118,2
T0005742121,2
T0005742126,1
T0005742130,2
T0005742133,3
T0005742134,3
T0005742137,3
T0005742145,1
T0005742146,1
T0005742148,1
T0005742149,2
T0005742151,2
T0005742152,3
T0005742156,2
T0005742157,3
T0005742162,3
T0005742165,1
T0005742167,2
T0005742169,3
T0005742171,2
T0005742173,3
T0005742180,1
T0005742183,2
T0005742190,2
T0005742191,1
T0005742193,2
T0005742197,2
T0005742198,2
T0005742200,1
T0005742202,3
T0005742204,3
T0005742206,3
T0005742208,2
T0005742209,1
T0005742210,1
T0005742212,2
T0005742214,3
T0005742218,2
T0005742220,2
T0005742224,2
T0005742226,1
T0005742227,1
T0005742229,2
T0005742230,3
T0005742232,2
T0005742233,3
T0005742237,3
T0005742239,2
T0005742240,3
T0005742241,3
T0005742243,2
T0005742245,1
T0005742246,1
T0005742248,3
T0005742249,2
T0005742252,1
T0005742254,2
T0005742255,1
T0005742256,3
T0005742258,3
T0005742259,2
T0005742261,3
T0005742266,1
T0005742268,2
T0005742270,2
T0005742271,1
T0005742272,3
T0005742273,3
T0005742275,3
T0005742278,1
T0005742283,2
T0005742284,2
T0005742285,2
T0005742286,1
T0005742289,2
T0005742291,3
T0005742296,3
T0005742300,2
T0005742302,1
T0005742304,1
T0005742307,3
T0005742312,2
T0005742316,2
T0005742320,2
T0005742321,2
T0005742324,2
T0005742325,2
T0005742326,2
T0005742330,1
T0005742331,2
T0005742333,3
T0005742334,3
T0005742335,1
T0005742336,2
T0005742337,3
T0005742340,2
T0005742342,2
T0005742347,3
T0005742354,2
T0005742358,3
T0005742360,1
T0005742364,3
T0005742367,3
T0005742369,1
T0005742370,2
T0005742372,2
T0005742373,2
T0005742375,1
T0005742376,2
T0005742380,2
T0005742387,1
T0005742390,3
T0005742392,2
T0005742396,2
T0005742397,2
T0005742400,3
T0005742405,1
T0005742406,1
T0005742410,3
T0005742413,2
T0005742418,2
T0005742423,3
T0005742426,3
T0005742429,2
T0005742432,2
T0005742433,2
T0005742434,3
T0005742436,2
T0005742439,3
T0005742446,2
T0005742450,2
T0005742455,2
T0005742456,3
T0005742457,3
T0005742458,3
T0005742460,3
T0005742461,3
T0005742465,3
T0005742466,2
T0005742467,2
T0005742468,3
T0005742473,2
T0005742474,3
T0005742475,3
T0005742477,1
T0005742478,1
T0005742479,2
T0005742480,1
T0005742481,3
T0005742482,3
T0005742484,3
T0005742492,3
T0005742494,3
T0005742497,2
T0005742498,3
T0005742499,2
T0005742501,3
T0005742502,2
T0005742504,1
T0005742508,3
T0005742509,2
T0005742510,3
T0005742515,3
T0005742517,3
T0005742519,2
T0005742523,2
T0005742524,2
T0005742525,1
T0005742526,3
T0005742527,1
T0005742530,3
T0005742531,3
T0005742534,2
T0005742535,3
T0005742536,1
T0005742537,1
T0005742543,3
T0005742545,3
T0005742549,2
T0005742552,3
T0005742555,3
T0005742559,2
T0005742560,2
T0005742562,3
T0005742565,2
T0005742566,2
T0005742567,2
T0005742570,3
T0005742571,2
T0005742572,2
T0005742573,2
T0005742587,3
T0005742591,2
T0005742592,2
T0005742593,3
T0005742596,3
T0005742597,3
T0005742598,2
T0005742599,2
T0005742604,2
T0005742605,3
T0005742611,2
T0005742614,3
T0005742623,2
T0005742624,1
T0005742632,3
T0005742633,2
T0005742634,2
T0005742635,3
T0005742636,2
T0005742645,2
T0005742650,3
T0005742652,3
T0005742654,2
T0005742655,3
T0005742656,3
T0005742659,2
T0005742662,3
T0005742664,2
T0005742665,2
T0005742668,3
T0005742669,3
T0005742672,2
T0005742673,1
T0005742674,1
T0005742676,1
T0005742680,2
T0005742681,1
T0005742683,2
T0005742685,2
T0005742688,2
T0005742691,2
T0005742692,2
T0005742693,2
T0005742699,3
T0005742704,2
T0005742705,3
T0005742709,3
T0005742710,3
T0005742711,3
T0005742715,2
T0005742716,3
T0005742718,2
T0005742719,1
T0005742720,3
T0005742725,3
T0005742728,2
T0005742729,2
T0005742732,3
T0005742734,3
T0005742740,3
T0005742745,2
T0005742755,1
T0005742760,3
T0005742764,3
T0005742765,3
T0005742767,2
T0005742768,2
T0005742770,2
T0005742771,3
T0005742772,3
T0005742773,2
T0005742775,2
T0005742778,2
T0005742779,2
T0005742783,2
T0005742789,2
T0005742792,3
T0005742794,2
T0005742795,2
T0005742796,2
T0005742797,2
T0005742800,2
T0005742803,3
T0005742804,3
T0005742805,2
T0005742808,3
T0005742821,2
T0005742822,1
T0005742823,1
T0005742824,1
T0005742826,2
T0005742827,2
T0005742831,3
T0005742839,2
T0005742841,2
T0005742842,3
T0005742843,3
T0005742844,2
T0005742846,2
T0005742849,3
T0005742851,2
T0005742852,2
T0005742854,3
T0005742856,3
T0005742857,1
T0005742861,3
T0005742863,2
T0005742865,3
T0005742866,3
T0005742867,3
T0005742869,2
T0005742872,2
T0005742877,2
T0005742880,2
T0005742881,2
T0005742882,3
T0005742888,1
T0005742889,3
T0005742893,3
T0005742902,3
T0005742904,3
T0005742907,2
T0005742908,3
T0005742909,2
T0005742911,1
T0005742916,3
T0005742921,2
T0005742928,2
T0005742936,3
T0005742942,2
T0005742944,1
T0005742945,2
T0005742946,3
T0005742948,1
T0005742950,2
T0005742952,2
T0005742953,2
T0005742954,3
T0005742956,2
T0005742957,2
T0005742958,3
T0005742959,2
T0005742962,3
T0005742964,1
T0005742967,2
T0005742968,3
T0005742969,1
T0005742973,1
T0005742977,2
T0005742982,3
T0005742985,1
T0005742989,1
T0005742992,3
T0005742995,3
T0005742996,1
T0005742998,3
T0005743003,2
T0005743010,3
T0005743011,3
T0005743012,2
T0005743015,2
T0005743016,2
T0005743018,2
T0005743020,1
T0005743023,2
T0005743025,2
T0005743027,2
T0005743028,2
T0005743033,3
T0005743034,1
T0005743038,2
T0005743040,3
T0005743045,3
T0005743049,1
T0005743050,2
T0005743052,2
T0005743058,3
T0005743059,2
T0005743060,3
T0005743063,2
T0005743066,3
T0005743067,3
T0005743069,3
T0005743073,3
T0005743078,2
T0005743080,3
T0005743088,2
T0005743091,2
T0005743093,3
T0005743095,2
T0005743097,3
T0005743098,1
T0005743099,2
T0005743100,1
T0005743101,3
T0005743103,1
T0005743105,1
T0005743107,3
T0005743108,3
T0005743111,1
T0005743116,2
T0005743118,2
T0005743119,3
T0005743120,1
T0005743121,2
T0005743122,3
T0005743130,3
T0005743135,1
T0005743136,3
T0005743137,1
T0005743138,2
T0005743140,2
T0005743143,2
T0005743146,2
T0005743147,1
T0005743152,2
T0005743153,2
T0005743155,2
T0005743158,2
T0005743159,2
T0005743162,2
T0005743164,2
T0005743168,2
T0005743170,2
T0005743173,2
T0005743179,2
T0005743183,2
T0005743189,2
T0005743190,2
T0005743191,2
T0005743198,1
T0005743200,2
T0005743201,2
T0005743203,2
T0005743206,3
T0005743207,1
T0005743208,2
T0005743212,2
T0005743213,3
T0005743214,1
T0005743218,2
T0005743221,1
T0005743222,2
T0005743225,2
T0005743227,3
T0005743229,1
T0005743231,2
T0005743232,3
T0005743233,2
T0005743234,2
T0005743235,3
T0005743247,2
T0005743248,3
T0005743251,1
T0005743253,2
T0005743256,1
T0005743258,2
T0005743259,3
T0005743272,1
T0005743273,1
T0005743276,3
T0005743278,3
T0005743279,3
T0005743282,2
T0005743284,3
T0005743285,3
T0005743287,2
T0005743289,1
T0005743291,3
T0005743292,2
T0005743294,2
T0005743297,3
T0005743299,3
T0005743302,3
T0005743304,2
T0005743306,1
T0005743308,3
T0005743309,3
T0005743310,3
T0005743312,3
T0005743315,2
T0005743325,3
T0005743329,3
T0005743331,3
T0005743334,2
T0005743335,1
T0005743336,1
T0005743337,3
T0005743339,2
T0005743340,1
T0005743343,1
T0005743345,3
T0005743347,2
T0005743350,3
T0005743351,3
T0005743356,1
T0005743360,1
T0005743366,1
T0005743367,2
T0005743368,3
T0005743369,2
T0005743373,2
T0005743380,1
T0005743382,3
T0005743385,3
T0005743387,2
T0005743389,3
T0005743391,2
T0005743393,3
T0005743398,2
T0005743399,1
T0005743400,3
T0005743401,2
T0005743411,3
T0005743415,2
T0005743418,2
T0005743419,2
T0005743420,2
T0005743421,2
T0005743425,2
T0005743426,2
T0005743427,1
T0005743432,2
T0005743433,3
T0005743436,2
T0005743444,3
T0005743445,3
T0005743447,3
T0005743450,1
T0005743451,2
T0005743452,1
T0005743455,3
T0005743458,2
T0005743459,1
T0005743463,2
T0005743464,1
T0005743465,2
T0005743466,2
T0005743467,3
T0005743470,3
T0005743471,3
T0005743472,3
T0005743473,2
T0005743474,2
T0005743476,3
T0005743482,3
T0005743483,2
T0005743484,3
T0005743485,3
T0005743488,2
T0005743489,3
T0005743492,2
T0005743495,2
T0005743500,2
T0005743505,1
T0005743507,2
T0005743509,2
T0005743510,2
T0005743520,1
T0005743531,2
T0005743532,1
T0005743534,2
T0005743536,3
T0005743541,2
T0005743545,1
T0005743550,2
T0005743551,2
T0005743552,3
T0005743555,1
T0005743557,2
T0005743558,2
T0005743560,2
T0005743562,3
T0005743566,2
T0005743568,3
T0005743571,1
T0005743577,3
T0005743578,3
T0005743579,2
T0005743581,3
T0005743582,2
T0005743584,1
T0005743586,3
T0005743590,3
T0005743592,3
T0005743593,2
T0005743594,1
T0005743595,3
T0005743597,2
T0005743600,2
T0005743601,3
T0005743603,1
T0005743608,3
T0005743609,2
T0005743611,2
T0005743613,1
T0005743614,3
T0005743615,1
T0005743616,3
T0005743618,2
T0005743619,1
T0005743622,2
T0005743623,3
T0005743629,1
T0005743633,3
T0005743636,2
T0005743639,2
T0005743640,3
T0005743644,2
T0005743645,3
T0005743648,2
T0005743649,1
T0005743652,2
T0005743654,3
T0005743658,2
T0005743659,1
T0005743665,2
T0005743667,3
T0005743673,3
T0005743675,2
T0005743683,2
T0005743694,3
T0005743695,1
T0005743696,2
T0005743697,3
T0005743699,3
T0005743700,2
T0005743701,2
T0005743702,3
T0005743703,2
T0005743705,1
T0005743706,2
T0005743709,3
T0005743720,1
T0005743722,2
T0005743724,3
T0005743725,2
T0005743727,2
T0005743729,1
T0005743730,1
T0005743732,2
T0005743735,2
T0005743738,2
T0005743741,3
T0005743743,2
T0005743744,2
T0005743745,1
T0005743746,1
T0005743748,2
T0005743753,2
T0005743756,3
T0005743760,2
T0005743761,3
T0005743762,2
T0005743763,1
T0005743766,2
T0005743769,3
T0005743770,3
T0005743772,3
T0005743773,2
T0005743780,2
T0005743781,2
T0005743783,1
T0005743784,2
T0005743785,2
T0005743787,2
T0005743791,1
T0005743794,2
T0005743795,2
T0005743798,2
T0005743799,1
T0005743803,1
T0005743804,1
T0005743808,2
T0005743814,1
T0005743817,2
T0005743820,2
T0005743822,1
T0005743823,3
T0005743824,2
T0005743825,3
T0005743826,3
T0005743828,1
T0005743829,2
T0005743832,3
T0005743833,2
T0005743834,3
T0005743848,2
T0005743849,3
T0005743850,1
T0005743852,3
T0005743855,2
T0005743857,3
T0005743865,3
T0005743866,2
T0005743868,2
T0005743870,2
T0005743871,3
T0005743873,3
T0005743876,2
T0005743878,3
T0005743880,3
T0005743883,1
T0005743884,2
T0005743885,1
T0005743886,1
T0005743891,1
T0005743892,2
T0005743893,2
T0005743895,3
T0005743898,3
T0005743899,2
T0005743903,2
T0005743906,2
T0005743913,3
T0005743915,2
T0005743916,2
T0005743929,3
T0005743931,3
T0005743932,3
T0005743933,2
T0005743937,3
T0005743938,2
T0005743943,3
T0005743944,3
T0005743948,2
T0005743954,2
T0005743955,3
T0005743956,2
T0005743960,3
T0005743961,2
T0005743965,3
T0005743969,2
T0005743974,2
T0005743975,3
T0005743980,2
T0005743981,2
T0005743986,2
T0005743987,2
T0005743990,2
T0005743991,1
T0005743995,3
T0005743996,1
T0005743998,3
T0005744001,2
T0005744005,2
T0005744006,3
T0005744009,3
T0005744011,1
T0005744013,1
T0005744018,2
T0005744021,1
T0005744032,3
T0005744033,3
T0005744034,3
T0005744037,1
T0005744041,2
T0005744043,3
T0005744060,2
T0005744062,2
T0005744063,2
T0005744064,1
T0005744066,3
T0005744067,2
T0005744068,2
T0005744070,2
T0005744071,2
T0005744072,3
T0005744074,3
T0005744075,3
T0005744079,1
T0005744082,3
T0005744086,3
T0005744089,3
T0005744091,3
T0005744094,2
T0005744098,2
T0005744100,1
T0005744103,3
T0005744105,2
T0005744106,3
T0005744110,3
T0005744111,1
T0005744113,2
T0005744119,3
T0005744122,2
T0005744126,3
T0005744128,3
T0005744132,3
T0005744140,1
T0005744141,2
T0005744143,3
T0005744144,1
T0005744145,2
T0005744146,2
T0005744148,3
T0005744151,3
T0005744155,1
T0005744157,2
T0005744165,2
T0005744167,2
T0005744173,3
T0005744175,3
T0005744178,3
T0005744181,2
T0005744182,3
T0005744187,2
T0005744190,2
T0005744191,3
T0005744197,2
T0005744198,3
T0005744208,2
T0005744209,3
T0005744211,2
T0005744212,2
T0005744213,3
T0005744215,3
T0005744216,3
T0005744218,2
T0005744221,3
T0005744226,2
T0005744227,1
T0005744228,2
T0005744229,2
T0005744231,2
T0005744232,3
T0005744234,2
T0005744235,2
T0005744236,1
T0005744239,2
T0005744247,2
T0005744250,3
T0005744251,2
T0005744254,2
T0005744255,3
T0005744256,2
T0005744257,2
T0005744259,3
T0005744266,3
T0005744268,2
T0005744271,2
T0005744272,3
T0005744275,3
T0005744276,3
T0005744278,1
T0005744279,2
T0005744281,2
T0005744283,2
T0005744284,1
T0005744288,1
T0005744289,1
T0005744290,2
T0005744295,1
T0005744296,1
T0005744297,2
T0005744299,2
T0005744300,3
T0005744301,1
T0005744302,2
T0005744304,1
T0005744308,2
T0005744309,3
T0005744310,2
T0005744311,1
T0005744312,2
T0005744313,2
T0005744316,1
T0005744318,3
T0005744320,2
T0005744323,2
T0005744325,3
T0005744329,2
T0005744330,2
T0005744331,3
T0005744335,2
T0005744343,2
T0005744346,2
T0005744347,2
T0005744350,1
T0005744351,1
T0005744353,2
T0005744354,1
T0005744355,2
T0005744357,3
T0005744359,2
T0005744361,2
T0005744364,3
T0005744371,2
T0005744372,3
T0005744373,3
T0005744374,1
T0005744376,2
T0005744379,2
T0005744380,1
T0005744382,1
T0005744383,2
T0005744385,3
T0005744387,1
T0005744389,2
T0005744391,2
T0005744392,2
T0005744394,2
T0005744396,3
T0005744397,1
T0005744400,2
T0005744401,3
T0005744402,2
T0005744403,3
T0005744404,2
T0005744407,1
T0005744408,2
T0005744411,2
T0005744414,3
T0005744416,3
T0005744418,2
T0005744421,2
T0005744424,2
T0005744426,1
T0005744434,2
T0005744437,3
T0005744440,2
T0005744443,3
T0005744446,2
T0005744452,2
T0005744453,2
T0005744455,2
T0005744459,2
T0005744460,2
T0005744461,3
T0005744462,3
T0005744463,1
T0005744464,2
T0005744467,2
T0005744469,1
T0005744470,3
T0005744471,2
T0005744472,1
T0005744473,3
T0005744474,2
T0005744478,3
T0005744479,2
T0005744481,1
T0005744484,3
T0005744487,1
T0005744490,2
T0005744494,2
T0005744495,2
T0005744497,1
T0005744500,1
T0005744502,1
T0005744503,2
T0005744504,1
T0005744506,2
T0005744510,2
T0005744516,2
T0005744517,2
T0005744520,3
T0005744522,2
T0005744526,3
T0005744528,2
T0005744529,2
T0005744534,3
T0005744542,2
T0005744543,2
T0005744545,3
T0005744547,3
T0005744553,3
T0005744558,2
T0005744563,2
T0005744568,3
T0005744570,3
T0005744572,2
T0005744574,3
T0005744576,2
T0005744582,2
T0005744583,3
T0005744587,3
T0005744592,3
T0005744598,2
T0005744599,2
T0005744603,2
T0005744605,1
T0005744606,3
T0005744607,3
T0005744618,2
T0005744619,2
T0005744621,2
T0005744624,2
T0005744625,2
T0005744628,1
T0005744634,2
T0005744636,3
T0005744639,2
T0005744640,2
T0005744643,3
T0005744646,2
T0005744647,2
T0005744649,3
T0005744651,3
T0005744654,3
T0005744658,2
T0005744660,2
T0005744662,1
T0005744664,2
T0005744666,3
T0005744668,2
T0005744669,2
T0005744670,2
T0005744678,3
T0005744681,1
T0005744682,3
T0005744686,2
T0005744689,2
T0005744690,3
T0005744691,3
T0005744692,3
T0005744695,2
T0005744697,2
T0005744700,3
T0005744703,2
T0005744704,3
T0005744708,1
T0005744715,2
T0005744717,3
T0005744718,2
T0005744719,1
T0005744720,2
T0005744722,3
T0005744723,1
T0005744729,3
T0005744733,3
T0005744734,2
T0005744735,3
T0005744736,2
T0005744737,3
T0005744740,3
T0005744741,2
T0005744744,2
T0005744748,3
T0005744749,2
T0005744750,2
T0005744755,3
T0005744756,2
T0005744760,2
T0005744763,1
T0005744765,1
T0005744766,3
T0005744767,3
T0005744771,3
T0005744773,2
T0005744777,3
T0005744778,1
T0005744779,2
T0005744780,3
T0005744783,2
T0005744786,1
T0005744788,1
T0005744794,3
T0005744795,2
T0005744798,3
T0005744799,2
T0005744800,3
T0005744802,1
T0005744808,3
T0005744810,2
T0005744815,3
T0005744820,2
T0005744826,3
T0005744827,1
T0005744829,2
T0005744830,2
T0005744831,1
T0005744834,2
T0005744836,3
T0005744839,2
T0005744842,3
T0005744844,3
T0005744852,2
T0005744853,1
T0005744854,2
T0005744857,2
T0005744860,3
T0005744865,1
T0005744870,3
T0005744872,2
T0005744874,3
T0005744875,2
T0005744876,2
T0005744884,2
T0005744885,1
T0005744886,3
T0005744892,1
T0005744894,2
T0005744895,3
T0005744897,1
T0005744899,1
T0005744900,3
T0005744901,1
T0005744904,1
T0005744905,1
T0005744907,2
T0005744910,3
T0005744912,2
T0005744914,1
T0005744915,2
T0005744921,3
T0005744924,2
T0005744925,2
T0005744927,1
T0005744930,3
T0005744934,2
T0005744935,3
T0005744937,2
T0005744942,3
T0005744943,2
T0005744949,2
T0005744951,1
T0005744954,1
T0005744955,2
T0005744960,3
T0005744962,3
T0005744964,3
T0005744972,3
T0005744973,2
T0005744976,3
T0005744979,2
T0005744982,2
T0005744985,2
T0005744986,3
T0005744989,3
T0005744993,2
T0005744994,1
T0005744997,1
T0005744998,2
T0005745000,1
T0005745001,1
T0005745005,3
T0005745010,3
T0005745014,3
T0005745018,2
T0005745019,2
T0005745021,2
T0005745022,2
T0005745026,3
T0005745029,2
T0005745035,2
T0005745046,2
T0005745051,1
T0005745058,2
T0005745060,3
T0005745061,1
T0005745062,2
T0005745063,2
T0005745067,2
T0005745071,3
T0005745072,1
T0005745073,1
T0005745075,3
T0005745077,2
T0005745078,3
T0005745079,3
T0005745082,2
T0005745083,2
T0005745084,3
T0005745085,2
T0005745089,1
T0005745090,3
T0005745092,2
T0005745096,1
T0005745097,2
T0005745098,2
T0005745103,2
T0005745107,3
T0005745109,1
T0005745113,2
T0005745114,2
T0005745116,3
T0005745118,3
T0005745121,3
T0005745123,2
T0005745125,2
T0005745127,2
T0005745128,1
T0005745134,2
T0005745137,2
T0005745139,3
T0005745141,2
T0005745147,2
T0005745149,1
T0005745151,2
T0005745155,2
T0005745159,1
T0005745161,1
T0005745164,1
T0005745165,2
T0005745166,2
T0005745167,3
T0005745170,1
T0005745171,2
T0005745172,2
T0005745174,2
T0005745175,3
T0005745177,2
T0005745178,3
T0005745181,3
T0005745189,2
T0005745190,2
T0005745191,2
T0005745192,3
T0005745193,2
T0005745196,2
T0005745200,3
T0005745202,2
T0005745205,2
T0005745207,2
T0005745210,2
T0005745220,1
T0005745224,3
T0005745225,2
T0005745232,2
T0005745235,3
T0005745238,2
T0005745239,2
T0005745240,3
T0005745241,2
T0005745247,3
T0005745249,3
T0005745251,1
T0005745253,1
T0005745254,2
T0005745255,2
T0005745258,2
T0005745264,2
T0005745265,2
T0005745267,1
T0005745273,3
T0005745276,2
T0005745278,3
T0005745282,3
T0005745285,3
T0005745286,2
T0005745287,2
T0005745293,1
T0005745294,3
T0005745296,2
T0005745298,3
T0005745300,2
T0005745303,3
T0005745304,1
T0005745308,3
T0005745309,3
T0005745310,3
T0005745311,1
T0005745321,2
T0005745322,2
T0005745325,1
T0005745330,3
T0005745331,2
T0005745335,3
T0005745342,3
T0005745343,1
T0005745344,3
T0005745345,1
T0005745347,1
T0005745350,3
T0005745354,2
T0005745355,2
T0005745363,3
T0005745365,2
T0005745367,2
T0005745368,3
T0005745370,2
T0005745374,2
T0005745376,3
T0005745377,1
T0005745379,3
T0005745382,1
T0005745384,3
T0005745387,2
T0005745388,2
T0005745391,2
T0005745392,3
T0005745394,3
T0005745395,2
T0005745398,2
T0005745399,2
T0005745403,3
T0005745404,3
T0005745405,1
T0005745408,2
T0005745409,2
T0005745410,2
T0005745412,3
T0005745415,2
T0005745419,3
T0005745420,2
T0005745421,1
T0005745422,1
T0005745424,3
T0005745425,3
T0005745427,2
T0005745430,2
T0005745435,1
T0005745436,2
T0005745439,1
T0005745442,2
T0005745444,3
T0005745446,3
T0005745448,3
T0005745452,2
T0005745455,2
T0005745457,2
T0005745459,3
T0005745460,3
T0005745462,3
T0005745464,2
T0005745465,2
T0005745466,2
T0005745468,3
T0005745469,1
T0005745473,2
T0005745474,2
T0005745479,1
T0005745484,2
T0005745486,1
T0005745489,2
T0005745494,3
T0005745497,2
T0005745498,2
T0005745500,2
T0005745502,2
T0005745503,2
T0005745507,3
T0005745508,3
T0005745509,3
T0005745513,3
T0005745516,3
T0005745517,1
T0005745520,3
T0005745525,2
T0005745526,3
T0005745528,2
T0005745532,2
T0005745534,3
T0005745538,1
T0005745539,3
T0005745541,2
T0005745545,3
T0005745550,1
T0005745553,2
T0005745555,1
T0005745556,3
T0005745561,2
T0005745564,3
T0005745566,3
T0005745571,2
T0005745573,2
T0005745574,2
T0005745577,1
T0005745578,2
T0005745580,2
T0005745581,2
T0005745584,3
T0005745586,1
T0005745588,2
T0005745596,2
T0005745600,1
T0005745605,2
T0005745606,2
T0005745609,3
T0005745612,3
T0005745615,2
T0005745617,1
T0005745622,2
T0005745626,2
T0005745627,2
T0005745632,2
T0005745634,2
T0005745638,3
T0005745642,2
T0005745643,2
T0005745644,3
T0005745649,2
T0005745650,2
T0005745651,2
T0005745653,2
T0005745657,2
T0005745661,1
T0005745663,2
T0005745664,3
T0005745666,3
T0005745669,3
T0005745674,2
T0005745679,3
T0005745680,3
T0005745681,2
T0005745683,3
T0005745684,2
T0005745686,2
T0005745687,2
T0005745689,3
T0005745692,3
T0005745696,3
T0005745700,2
T0005745703,3
T0005745704,2
T0005745706,1
T0005745711,3
T0005745712,2
T0005745713,3
T0005745724,2
T0005745725,1
T0005745726,1
T0005745730,2
T0005745732,3
T0005745738,3
T0005745742,3
T0005745745,2
T0005745746,3
T0005745748,1
T0005745749,2
T0005745750,3
T0005745752,2
T0005745753,3
T0005745755,2
T0005745757,3
T0005745760,2
T0005745766,1
T0005745771,2
T0005745773,1
T0005745781,1
T0005745782,3
T0005745790,1
T0005745791,2
T0005745794,2
T0005745797,1
T0005745798,2
T0005745799,2
T0005745800,1
T0005745801,1
T0005745804,1
T0005745807,2
T0005745809,2
T0005745810,2
T0005745811,1
T0005745812,1
T0005745814,1
T0005745817,3
T0005745820,2
T0005745822,2
T0005745823,2
T0005745825,2
T0005745826,3
T0005745827,2
T0005745828,2
T0005745829,2
T0005745830,1
T0005745837,3
T0005745839,2
T0005745840,2
T0005745842,3
T0005745844,3
T0005745850,2
T0005745856,2
T0005745860,2
T0005745862,3
T0005745864,1
T0005745867,2
T0005745868,1
T0005745871,3
T0005745872,2
T0005745875,2
T0005745876,3
T0005745881,1
T0005745883,2
T0005745888,2
T0005745889,1
T0005745892,1
T0005745893,2
T0005745896,2
T0005745897,1
T0005745900,1
T0005745905,2
T0005745908,2
T0005745912,1
T0005745914,1
T0005745916,3
T0005745917,2
T0005745918,2
T0005745920,2
T0005745922,3
T0005745923,2
T0005745925,1
T0005745927,1
T0005745929,2
T0005745930,2
T0005745931,1
T0005745935,3
T0005745936,1
T0005745940,2
T0005745944,3
T0005745946,3
T0005745947,1
T0005745948,2
T0005745952,2
T0005745954,2
T0005745958,2
T0005745961,3
T0005745963,3
T0005745964,3
T0005745967,1
T0005745969,3
T0005745970,2
T0005745976,2
T0005745978,2
T0005745986,3
T0005745988,2
T0005745990,3
T0005745991,2
T0005745992,3
T0005745993,2
T0005745997,2
T0005745998,3
T0005745999,1
T0005746000,2
T0005746001,1
T0005746004,1
T0005746005,2
T0005746008,3
T0005746010,3
T0005746020,2
T0005746023,3
T0005746024,2
T0005746026,1
T0005746028,1
T0005746030,1
T0005746034,2
T0005746038,2
T0005746039,3
T0005746040,3
T0005746041,2
T0005746046,1
T0005746050,3
T0005746052,2
T0005746059,2
T0005746063,2
T0005746065,2
T0005746067,2
T0005746074,1
T0005746075,3
T0005746077,2
T0005746078,3
T0005746080,2
T0005746081,3
T0005746084,2
T0005746088,2
T0005746091,3
T0005746092,3
T0005746095,1
T0005746105,2
T0005746106,2
T0005746107,1
T0005746108,2
T0005746116,3
T0005746118,1
T0005746119,2
T0005746121,2
T0005746124,2
T0005746128,3
T0005746130,2
T0005746136,3
T0005746139,2
T0005746142,1
T0005746145,2
T0005746147,2
T0005746151,3
T0005746152,3
T0005746153,3
T0005746155,2
T0005746156,2
T0005746158,2
T0005746159,3
T0005746162,2
T0005746163,1
T0005746164,2
T0005746169,2
T0005746174,1
T0005746176,3
T0005746178,2
T0005746179,1
T0005746187,2
T0005746192,1
T0005746193,3
T0005746197,3
T0005746198,2
T0005746200,2
T0005746203,2
T0005746217,3
T0005746220,3
T0005746221,3
T0005746225,1
T0005746226,2
T0005746227,1
T0005746228,1
T0005746231,3
T0005746234,1
T0005746235,2
T0005746236,1
T0005746237,3
T0005746238,3
T0005746245,2
T0005746246,1
T0005746247,2
T0005746248,1
T0005746250,1
T0005746254,3
T0005746255,2
T0005746257,2
T0005746258,2
T0005746266,2
T0005746272,2
T0005746278,1
T0005746279,2
T0005746281,2
T0005746286,2
T0005746287,3
T0005746294,2
T0005746295,2
T0005746296,2
T0005746301,2
T0005746303,3
T0005746307,2
T0005746312,1
T0005746316,1
T0005746317,3
T0005746319,2
T0005746320,2
T0005746321,2
T0005746324,3
T0005746325,1
T0005746333,3
T0005746340,2
T0005746342,3
T0005746343,2
T0005746344,3
T0005746347,3
T0005746349,2
T0005746351,2
T0005746353,3
T0005746356,1
T0005746360,2
T0005746362,1
T0005746364,2
T0005746369,2
T0005746371,3
T0005746372,2
T0005746375,2
T0005746377,1
T0005746380,1
T0005746383,3
T0005746386,3
T0005746387,2
T0005746388,2
T0005746390,3
T0005746395,2
T0005746402,2
T0005746405,2
T0005746406,3
T0005746407,3
T0005746408,3
T0005746413,2
T0005746415,1
T0005746418,1
T0005746420,2
T0005746421,2
T0005746422,2
T0005746424,2
T0005746425,3
T0005746426,3
T0005746431,2
T0005746433,3
T0005746435,3
T0005746436,2
T0005746437,3
T0005746441,2
T0005746442,2
T0005746443,2
T0005746445,3
T0005746451,2
T0005746452,2
T0005746454,2
T0005746455,2
T0005746457,2
T0005746458,2
T0005746459,2
T0005746463,2
T0005746464,2
T0005746465,1
T0005746467,2
T0005746469,3
T0005746471,3
T0005746472,2
T0005746473,3
T0005746474,2
T0005746476,3
T0005746478,2
T0005746479,2
T0005746481,3
T0005746482,1
T0005746483,2
T0005746489,3
T0005746490,2
T0005746491,3
T0005746492,3
T0005746493,3
T0005746495,3
T0005746496,1
T0005746503,2
T0005746504,1
T0005746505,2
T0005746507,3
T0005746511,2
T0005746516,2
T0005746517,2
T0005746520,2
T0005746522,2
T0005746524,3
T0005746527,2
T0005746528,2
T0005746531,2
T0005746533,3
T0005746537,3
T0005746538,2
T0005746540,2
T0005746541,3
T0005746542,2
T0005746543,1
T0005746544,2
T0005746545,2
T0005746552,2
T0005746553,2
T0005746554,2
T0005746559,2
T0005746562,3
T0005746570,1
T0005746573,3
T0005746580,2
T0005746585,1
T0005746586,3
T0005746590,2
T0005746591,2
T0005746593,1
T0005746594,2
T0005746598,2
T0005746599,2
T0005746604,1
T0005746605,2
T0005746607,2
T0005746608,2
T0005746612,3
T0005746614,2
T0005746615,1
T0005746616,2
T0005746617,2
T0005746621,3
T0005746625,2
T0005746629,2
T0005746630,2
T0005746631,2
T0005746642,1
T0005746646,2
T0005746648,2
T0005746649,2
T0005746654,2
T0005746656,3
T0005746660,2
T0005746661,2
T0005746666,3
T0005746669,1
T0005746675,3
T0005746677,2
T0005746682,2
T0005746691,3
T0005746692,2
T0005746693,2
T0005746695,1
T0005746696,2
T0005746698,3
T0005746699,2
T0005746700,2
T0005746702,2
T0005746704,3
T0005746707,2
T0005746709,3
T0005746710,3
T0005746711,2
T0005746714,3
T0005746715,1
T0005746722,1
T0005746725,1
T0005746728,3
T0005746729,2
T0005746730,1
T0005746731,3
T0005746733,2
T0005746737,2
T0005746740,2
T0005746741,3
T0005746744,2
T0005746746,3
T0005746748,2
T0005746749,2
T0005746750,2
T0005746752,3
T0005746757,2
T0005746759,2
T0005746764,2
T0005746765,3
T0005746766,2
T0005746768,3
T0005746772,2
T0005746775,2
T0005746777,2
T0005746778,2
T0005746782,3
T0005746783,2
T0005746785,2
T0005746786,2
T0005746787,2
T0005746788,2
T0005746790,2
T0005746792,2
T0005746796,1
T0005746797,2
T0005746799,2
T0005746800,2
T0005746801,2
T0005746802,1
T0005746803,2
T0005746806,1
T0005746807,2
T0005746808,3
T0005746809,2
T0005746811,1
T0005746815,2
T0005746818,3
T0005746819,2
T0005746828,1
T0005746835,2
T0005746836,2
T0005746837,2
T0005746839,3
T0005746840,1
T0005746841,3
T0005746843,2
T0005746852,2
T0005746856,3
T0005746858,3
T0005746859,3
T0005746860,1
T0005746861,2
T0005746863,3
T0005746864,2
T0005746865,1
T0005746866,2
T0005746868,3
T0005746871,3
T0005746874,3
T0005746875,2
T0005746885,3
T0005746889,2
T0005746890,2
T0005746894,2
T0005746895,3
T0005746897,1
T0005746899,2
T0005746901,1
T0005746902,1
T0005746903,2
T0005746904,1
T0005746910,3
T0005746912,1
T0005746913,2
T0005746917,3
T0005746919,1
T0005746921,2
T0005746923,2
T0005746925,2
T0005746926,3
T0005746930,2
T0005746931,2
T0005746932,3
T0005746933,2
T0005746934,3
T0005746935,2
T0005746938,3
T0005746939,2
T0005746940,2
T0005746941,2
T0005746944,2
T0005746945,3
T0005746946,1
T0005746950,2
T0005746951,2
T0005746954,1
T0005746956,3
T0005746961,2
T0005746962,2
T0005746965,3
T0005746966,3
T0005746971,1
T0005746974,1
T0005746979,2
T0005746983,3
T0005746984,2
T0005746986,2
T0005746987,2
T0005746989,3
T0005746993,3
T0005746995,2
T0005746996,2
T0005747005,1
T0005747006,2
T0005747008,2
T0005747009,2
T0005747010,1
T0005747013,1
T0005747014,3
T0005747015,2
T0005747019,2
T0005747020,1
T0005747023,2
T0005747025,2
T0005747026,2
T0005747030,2
T0005747031,3
T0005747033,2
T0005747035,3
T0005747037,3
T0005747041,3
T0005747043,2
T0005747045,2
T0005747046,3
T0005747048,1
T0005747054,1
T0005747057,2
T0005747061,2
T0005747065,2
T0005747069,2
T0005747074,3
T0005747075,2
T0005747076,2
T0005747078,2
T0005747080,2
T0005747082,1
T0005747088,3
T0005747090,2
T0005747094,2
T0005747098,2
T0005747099,3
T0005747102,2
T0005747104,2
T0005747110,2
T0005747112,2
T0005747116,2
T0005747121,3
T0005747122,2
T0005747123,2
T0005747125,2
T0005747129,3
T0005747133,3
T0005747140,3
T0005747151,2
T0005747152,1
T0005747153,3
T0005747154,3
T0005747156,2
T0005747159,2
T0005747160,1
T0005747163,2
T0005747167,1
T0005747168,3
T0005747169,2
T0005747171,3
T0005747172,1
T0005747174,3
T0005747182,3
T0005747187,1
T0005747190,1
T0005747191,2
T0005747194,2
T0005747196,2
T0005747198,2
T0005747199,2
T0005747201,3
T0005747202,3
T0005747204,2
T0005747205,2
T0005747207,2
T0005747210,2
T0005747212,2
T0005747218,2
T0005747225,2
T0005747228,2
T0005747230,2
T0005747232,2
T0005747233,2
T0005747236,2
T0005747237,2
T0005747238,3
T0005747241,2
T0005747243,2
T0005747244,2
T0005747249,2
T0005747250,1
T0005747253,1
T0005747255,1
T0005747257,2
T0005747258,3
T0005747260,2
T0005747261,3
T0005747263,3
T0005747265,2
T0005747267,2
T0005747271,2
T0005747272,3
T0005747275,1
T0005747276,2
T0005747277,2
T0005747279,2
T0005747283,2
T0005747284,1
T0005747285,2
T0005747286,1
T0005747287,2
T0005747288,3
T0005747289,3
T0005747290,1
T0005747292,2
T0005747293,2
T0005747294,2
T0005747299,1
T0005747300,1
T0005747301,1
T0005747302,2
T0005747304,2
T0005747305,3
T0005747306,1
T0005747308,3
T0005747309,2
T0005747311,2
T0005747313,3
T0005747315,3
T0005747317,1
T0005747322,2
T0005747325,3
T0005747327,3
T0005747328,1
T0005747329,2
T0005747330,1
T0005747331,3
T0005747333,1
T0005747335,3
T0005747340,2
T0005747347,2
T0005747348,3
T0005747351,2
T0005747352,2
T0005747354,3
T0005747355,2
T0005747357,1
T0005747363,3
T0005747368,3
T0005747369,2
T0005747371,3
T0005747372,2
T0005747373,2
T0005747377,1
T0005747380,2
T0005747381,3
T0005747383,2
T0005747385,3
T0005747386,3
T0005747387,1
T0005747388,2
T0005747391,3
T0005747396,2
T0005747398,2
T0005747401,1
T0005747411,3
T0005747412,2
T0005747413,2
T0005747414,2
T0005747415,2
T0005747416,1
T0005747418,2
T0005747420,2
T0005747421,2
T0005747424,2
T0005747425,3
T0005747430,2
T0005747431,1
T0005747432,2
T0005747434,2
T0005747436,2
T0005747437,1
T0005747438,3
T0005747441,3
T0005747447,1
T0005747449,2
T0005747450,2
T0005747453,2
T0005747454,3
T0005747457,2
T0005747459,1
T0005747460,2
T0005747463,2
T0005747469,2
T0005747472,2
T0005747473,3
T0005747476,2
T0005747490,1
T0005747491,1
T0005747492,2
T0005747493,3
T0005747496,1
T0005747498,3
T0005747505,2
T0005747507,3
T0005747516,1
T0005747520,1
T0005747521,2
T0005747522,3
T0005747523,1
T0005747525,3
T0005747526,1
T0005747528,2
T0005747530,2
T0005747537,1
T0005747538,2
T0005747539,1
T0005747543,1
T0005747546,3
T0005747547,1
T0005747548,3
T0005747550,3
T0005747551,2
T0005747554,2
T0005747555,3
T0005747562,1
T0005747566,2
T0005747567,2
T0005747568,2
T0005747571,2
T0005747572,1
T0005747573,2
T0005747577,2
T0005747580,2
T0005747581,1
T0005747586,2
T0005747590,2
T0005747594,3
T0005747598,1
T0005747599,2
T0005747602,3
T0005747609,2
T0005747610,3
T0005747615,3
T0005747616,1
T0005747617,3
T0005747619,1
T0005747620,2
T0005747623,2
T0005747627,1
T0005747628,3
T0005747629,2
T0005747630,1
T0005747631,2
T0005747633,3
T0005747634,1
T0005747635,2
T0005747636,1
T0005747642,2
T0005747643,2
T0005747645,1
T0005747646,2
T0005747650,2
T0005747651,1
T0005747652,3
T0005747656,3
T0005747658,3
T0005747660,2
T0005747663,1
T0005747664,2
T0005747668,3
T0005747669,3
T0005747670,1
T0005747675,1
T0005747676,3
T0005747677,3
T0005747679,2
T0005747683,2
T0005747685,2
T0005747686,3
T0005747687,2
T0005747689,1
T0005747690,3
T0005747694,2
T0005747703,2
T0005747706,2
T0005747709,2
T0005747712,2
T0005747716,1
T0005747720,1
T0005747721,3
T0005747724,1
T0005747725,1
T0005747726,3
T0005747732,1
T0005747733,2
T0005747735,3
T0005747739,3
T0005747741,2
T0005747742,2
T0005747743,1
T0005747745,2
T0005747747,2
T0005747749,2
T0005747751,3
T0005747752,2
T0005747753,3
T0005747754,2
T0005747758,2
T0005747760,2
T0005747761,2
T0005747763,2
T0005747767,2
T0005747768,2
T0005747769,1
T0005747771,2
T0005747772,1
T0005747775,2
T0005747783,2
T0005747785,1
T0005747792,3
T0005747796,2
T0005747801,3
T0005747802,2
T0005747803,3
T0005747809,2
T0005747817,3
T0005747818,2
T0005747821,3
T0005747822,3
T0005747823,2
T0005747826,3
T0005747830,2
T0005747844,1
T0005747846,3
T0005747847,1
T0005747849,3
T0005747852,1
T0005747855,1
T0005747856,3
T0005747859,3
T0005747860,3
T0005747862,3
T0005747869,2
T0005747871,3
T0005747872,2
T0005747874,3
T0005747876,3
T0005747878,2
T0005747879,2
T0005747880,3
T0005747881,2
T0005747882,2
T0005747883,2
T0005747884,2
T0005747886,1
T0005747887,3
T0005747889,1
T0005747890,1
T0005747892,2
T0005747893,2
T0005747895,2
T0005747896,2
T0005747898,3
T0005747900,2
T0005747905,3
T0005747909,2
T0005747911,1
T0005747913,3
T0005747918,1
T0005747920,2
T0005747922,1
T0005747923,2
T0005747925,2
T0005747926,2
T0005747929,1
T0005747930,3
T0005747932,2
T0005747934,1
T0005747935,1
T0005747939,2
T0005747940,2
T0005747942,3
T0005747943,2
T0005747945,1
T0005747946,1
T0005747947,2
T0005747948,3
T0005747950,2
T0005747952,2
T0005747955,2
T0005747956,3
T0005747958,2
T0005747960,3
T0005747962,2
T0005747963,1
T0005747964,2
T0005747967,1
T0005747969,3
T0005747975,2
T0005747981,2
T0005747987,2
T0005747988,2
T0005747993,3
T0005747994,1
T0005747995,3
T0005748002,1
T0005748003,2
T0005748007,1
T0005748008,2
T0005748009,2
T0005748014,3
T0005748015,2
T0005748016,2
T0005748019,2
T0005748022,2
T0005748023,2
T0005748024,2
T0005748037,2
T0005748040,1
T0005748043,2
T0005748048,3
T0005748050,3
T0005748052,1
T0005748054,1
T0005748055,3
T0005748058,3
T0005748059,2
T0005748064,3
T0005748065,3
T0005748066,2
T0005748068,2
T0005748069,1
T0005748075,2
T0005748079,2
T0005748088,2
T0005748091,1
T0005748092,1
T0005748093,2
T0005748094,3
T0005748099,3
T0005748101,1
T0005748107,3
T0005748108,3
T0005748112,1
T0005748115,3
T0005748117,3
T0005748118,3
T0005748120,3
T0005748128,2
T0005748130,3
T0005748131,2
T0005748133,1
T0005748136,1
T0005748137,2
T0005748139,2
T0005748142,2
T0005748144,1
T0005748156,2
T0005748157,2
T0005748158,1
T0005748161,3
T0005748164,3
T0005748165,2
T0005748168,2
T0005748169,2
T0005748180,3
T0005748182,3
T0005748189,2
T0005748190,3
T0005748200,2
T0005748202,2
T0005748205,3
T0005748206,2
T0005748207,3
T0005748209,2
T0005748210,2
T0005748213,2
T0005748215,3
T0005748218,3
T0005748219,3
T0005748220,3
T0005748222,1
T0005748224,3
T0005748228,3
T0005748230,3
T0005748233,2
T0005748234,3
T0005748235,2
T0005748237,1
T0005748241,3
T0005748243,2
T0005748244,2
T0005748245,1
T0005748248,2
T0005748249,2
T0005748250,3
T0005748251,2
T0005748252,2
T0005748255,2
T0005748257,2
T0005748262,1
T0005748264,2
T0005748265,1
T0005748267,2
T0005748270,2
T0005748277,1
T0005748278,1
T0005748281,2
T0005748288,2
T0005748289,3
T0005748290,2
T0005748295,3
T0005748296,3
T0005748300,3
T0005748302,3
T0005748304,2
T0005748310,1
T0005748314,1
T0005748315,2
T0005748317,2
T0005748319,1
T0005748320,2
T0005748321,2
T0005748323,2
T0005748325,2
T0005748327,3
T0005748328,2
T0005748332,2
T0005748333,2
T0005748335,2
T0005748341,2
T0005748342,3
T0005748344,3
T0005748350,3
T0005748352,3
T0005748355,2
T0005748358,3
T0005748359,1
T0005748361,3
T0005748367,2
T0005748368,3
T0005748369,2
T0005748372,2
T0005748373,2
T0005748374,1
T0005748375,1
T0005748376,1
T0005748378,2
T0005748383,3
T0005748388,1
T0005748389,3
T0005748392,3
T0005748394,2
T0005748396,2
T0005748397,1
T0005748398,2
T0005748399,1
T0005748401,2
T0005748403,2
T0005748407,1
T0005748408,2
T0005748412,2
T0005748413,1
T0005748414,2
T0005748418,3
T0005748419,3
T0005748420,3
T0005748423,1
T0005748424,1
T0005748428,2
T0005748430,3
T0005748431,3
T0005748432,3
T0005748439,3
T0005748441,2
T0005748443,1
T0005748445,2
T0005748446,3
T0005748447,1
T0005748448,2
T0005748451,2
T0005748455,3
T0005748464,3
T0005748466,3
T0005748472,2
T0005748476,2
T0005748477,2
T0005748478,3
T0005748482,3
T0005748483,2
T0005748486,3
T0005748487,3
T0005748488,2
T0005748492,2
T0005748495,2
T0005748496,3
T0005748498,2
T0005748499,3
T0005748502,2
T0005748504,2
T0005748505,1
T0005748506,2
T0005748507,2
T0005748511,2
T0005748515,1
T0005748521,2
T0005748522,2
T0005748528,3
T0005748530,1
T0005748532,1
T0005748536,1
T0005748539,2
T0005748541,3
T0005748543,2
T0005748544,2
T0005748550,2
T0005748552,3
T0005748559,3
T0005748562,1
T0005748569,3
T0005748571,3
T0005748574,1
T0005748580,2
T0005748583,3
T0005748584,3
T0005748585,2
T0005748588,3
T0005748594,2
T0005748595,2
T0005748597,2
T0005748600,2
T0005748603,3
T0005748609,3
T0005748611,2
T0005748612,2
T0005748616,2
T0005748617,2
T0005748620,3
T0005748621,2
T0005748626,2
T0005748628,2
T0005748631,1
T0005748632,1
T0005748635,2
T0005748637,1
T0005748638,1
T0005748642,3
T0005748647,3
T0005748648,2
T0005748649,1
T0005748652,2
T0005748653,3
T0005748663,3
T0005748666,3
T0005748667,2
T0005748668,3
T0005748675,3
T0005748676,1
T0005748677,1
T0005748681,2
T0005748682,2
T0005748683,1
T0005748685,3
T0005748688,3
T0005748689,3
T0005748693,1
T0005748699,3
T0005748702,3
T0005748703,1
T0005748706,2
T0005748709,3
T0005748710,1
T0005748711,2
T0005748715,3
T0005748717,1
T0005748723,2
T0005748724,2
T0005748725,3
T0005748728,2
T0005748732,2
T0005748739,2
T0005748740,3
T0005748741,3
T0005748742,3
T0005748745,3
T0005748748,3
T0005748756,3
T0005748758,3
T0005748759,1
T0005748761,1
T0005748768,2
T0005748769,2
T0005748770,2
T0005748772,2
T0005748773,2
T0005748775,3
T0005748776,3
T0005748778,3
T0005748781,2
T0005748783,2
T0005748788,2
T0005748790,1
T0005748792,2
T0005748796,3
T0005748799,3
T0005748800,3
T0005748802,3
T0005748805,3
T0005748809,2
T0005748812,2
T0005748814,1
T0005748815,2
T0005748817,1
T0005748818,2
T0005748819,2
T0005748820,3
T0005748821,2
T0005748822,1
T0005748824,3
T0005748825,3
T0005748829,2
T0005748832,1
T0005748836,2
T0005748837,1
T0005748840,2
T0005748842,2
T0005748844,2
T0005748846,3
T0005748847,2
T0005748850,3
T0005748854,3
T0005748855,1
T0005748859,3
T0005748862,1
T0005748864,2
T0005748867,1
T0005748870,2
T0005748871,2
T0005748879,2
T0005748880,2
T0005748882,2
T0005748883,2
T0005748885,3
T0005748888,2
T0005748892,2
T0005748895,1
T0005748896,1
T0005748904,1
T0005748905,3
T0005748908,1
T0005748912,2
T0005748917,2
T0005748920,3
T0005748923,2
T0005748924,2
T0005748927,3
T0005748928,3
T0005748931,1
T0005748933,1
T0005748934,3
T0005748939,2
T0005748940,2
T0005748941,2
T0005748942,2
T0005748943,3
T0005748944,2
T0005748945,2
T0005748947,1
T0005748948,3
T0005748949,3
T0005748951,2
T0005748952,3
T0005748956,2
T0005748962,2
T0005748963,2
T0005748964,3
T0005748966,1
T0005748967,2
T0005748969,3
T0005748972,3
T0005748978,2
T0005748979,2
T0005748984,2
T0005748985,3
T0005748988,1
T0005748989,3
T0005748990,2
T0005748992,3
T0005748994,3
T0005748995,3
T0005748998,2
T0005748999,3
T0005749000,1
T0005749005,3
T0005749007,2
T0005749008,2
T0005749009,1
T0005749015,3
T0005749020,2
T0005749024,2
T0005749028,3
T0005749029,3
T0005749031,3
T0005749033,2
T0005749034,2
T0005749038,2
T0005749042,2
T0005749054,3
T0005749055,3
T0005749057,3
T0005749058,2
T0005749062,3
T0005749067,1
T0005749069,3
T0005749072,2
T0005749073,2
T0005749081,2
T0005749089,3
T0005749090,1
T0005749092,2
T0005749093,3
T0005749094,3
T0005749095,1
T0005749096,3
T0005749097,3
T0005749099,2
T0005749101,3
T0005749104,2
T0005749108,2
T0005749109,2
T0005749112,3
T0005749117,3
T0005749119,2
T0005749120,2
T0005749127,2
T0005749133,1
T0005749134,2
T0005749135,1
T0005749136,2
T0005749149,1
T0005749150,2
T0005749154,2
T0005749156,2
T0005749160,2
T0005749169,3
T0005749170,2
T0005749171,3
T0005749174,2
T0005749175,3
T0005749178,2
T0005749179,2
T0005749188,3
T0005749189,2
T0005749193,2
T0005749195,1
T0005749196,3
T0005749198,3
T0005749199,2
T0005749202,2
T0005749205,2
T0005749208,2
T0005749209,2
T0005749211,2
T0005749218,2
T0005749223,1
T0005749225,1
T0005749226,2
T0005749229,3
T0005749230,3
T0005749245,3
T0005749247,3
T0005749249,2
T0005749253,3
T0005749258,1
T0005749259,1
T0005749266,2
T0005749267,2
T0005749268,2
T0005749271,1
T0005749272,3
T0005749273,1
T0005749275,1
T0005749278,1
T0005749280,2
T0005749282,3
T0005749283,2
T0005749284,2
T0005749286,2
T0005749287,2
T0005749288,1
T0005749293,2
T0005749296,2
T0005749297,3
T0005749301,3
T0005749307,3
T0005749310,3
T0005749312,3
T0005749315,3
T0005749316,2
T0005749317,3
T0005749318,2
T0005749319,2
T0005749321,2
T0005749324,2
T0005749326,2
T0005749327,2
T0005749337,2
T0005749338,1
T0005749341,2
T0005749343,2
T0005749346,1
T0005749351,2
T0005749353,2
T0005749355,1
T0005749359,2
T0005749362,1
T0005749366,1
T0005749369,2
T0005749371,2
T0005749374,2
T0005749377,2
T0005749378,3
T0005749388,2
T0005749389,3
T0005749392,3
T0005749396,2
T0005749400,1
T0005749406,1
T0005749408,2
T0005749411,3
T0005749413,2
T0005749420,3
T0005749425,2
T0005749426,2
T0005749427,1
T0005749428,2
T0005749429,2
T0005749430,2
T0005749432,3
T0005749435,2
T0005749437,2
T0005749441,2
T0005749443,1
T0005749444,1
T0005749446,1
T0005749447,3
T0005749450,2
T0005749454,2
T0005749455,3
T0005749456,3
T0005749458,2
T0005749461,1
T0005749463,3
T0005749464,2
T0005749468,2
T0005749474,3
T0005749475,3
T0005749477,2
T0005749479,2
T0005749483,2
T0005749484,2
T0005749487,2
T0005749489,2
T0005749493,1
T0005749495,3
T0005749500,3
T0005749509,3
T0005749510,1
T0005749515,1
T0005749517,2
T0005749518,1
T0005749520,1
T0005749522,2
T0005749525,1
T0005749526,2
T0005749527,2
T0005749534,2
T0005749536,1
T0005749537,3
T0005749541,2
T0005749542,1
T0005749544,3
T0005749545,3
T0005749549,3
T0005749552,1
T0005749554,2
T0005749555,3
T0005749556,2
T0005749559,1
T0005749560,2
T0005749561,3
T0005749562,2
T0005749564,2
T0005749566,3
T0005749573,2
T0005749578,2
T0005749579,2
T0005749583,1
T0005749584,2
T0005749586,2
T0005749588,1
T0005749594,3
T0005749595,3
T0005749603,2
T0005749604,1
T0005749607,2
T0005749609,3
T0005749611,3
T0005749612,2
T0005749615,1
T0005749621,2
T0005749624,2
T0005749627,1
T0005749633,1
T0005749634,3
T0005749635,1
T0005749636,1
T0005749639,2
T0005749640,3
T0005749642,2
T0005749643,3
T0005749645,2
T0005749647,1
T0005749650,2
T0005749651,1
T0005749652,3
T0005749657,3
T0005749660,3
T0005749661,2
T0005749666,2
T0005749668,2
T0005749670,2
T0005749671,1
T0005749673,1
T0005749675,2
T0005749682,3
T0005749687,2
T0005749688,2
T0005749689,2
T0005749693,3
T0005749695,1
T0005749697,2
T0005749705,2
T0005749712,2
T0005749716,2
T0005749719,1
T0005749720,1
T0005749723,2
T0005749732,2
T0005749735,2
T0005749739,1
T0005749740,2
T0005749741,2
T0005749747,2
T0005749748,3
T0005749750,1
T0005749755,3
T0005749758,1
T0005749760,3
T0005749761,2
T0005749763,2
T0005749764,1
T0005749768,2
T0005749770,2
T0005749775,2
T0005749777,1
T0005749778,3
T0005749782,3
T0005749785,3
T0005749786,2
T0005749787,2
T0005749792,2
T0005749795,1
T0005749796,1
T0005749798,2
T0005749800,3
T0005749801,1
T0005749802,2
T0005749805,3
T0005749807,2
T0005749811,3
T0005749814,1
T0005749821,3
T0005749823,1
T0005749824,2
T0005749828,3
T0005749830,2
T0005749832,2
T0005749833,3
T0005749836,2
T0005749837,2
T0005749838,2
T0005749843,3
T0005749846,1
T0005749847,2
T0005749849,3
T0005749853,2
T0005749855,2
T0005749856,3
T0005749864,2
T0005749866,1
T0005749872,3
T0005749874,1
T0005749882,2
T0005749883,3
T0005749885,3
T0005749886,2
T0005749890,1
T0005749891,3
T0005749892,3
T0005749895,2
T0005749899,3
T0005749904,2
T0005749905,2
T0005749906,2
T0005749908,2
T0005749909,3
T0005749916,1
T0005749918,2
T0005749919,2
T0005749922,2
T0005749924,3
T0005749925,1
T0005749929,2
T0005749930,2
T0005749931,2
T0005749933,3
T0005749934,1
T0005749936,1
T0005749937,2
T0005749938,2
T0005749939,3
T0005749940,2
T0005749941,2
T0005749943,2
T0005749945,3
T0005749946,3
T0005749949,1
T0005749951,2
T0005749953,1
T0005749956,3
T0005749958,2
T0005749962,3
T0005749963,2
T0005749964,1
T0005749970,3
T0005749978,2
T0005749979,2
T0005749981,2
T0005749987,2
T0005749988,3
T0005749989,2
T0005749992,2
T0005749994,2
T0005749996,2
T0005749997,1
T0005749999,1
T0005750000,3
T0005750004,3
T0005750005,3
T0005750007,3
T0005750008,2
T0005750009,3
T0005750010,2
T0005750011,2
T0005750013,2
T0005750015,2
T0005750017,2
T0005750018,2
T0005750021,2
T0005750023,2
T0005750026,2
T0005750029,2
T0005750030,3
T0005750033,2
T0005750034,1
T0005750036,2
T0005750037,3
T0005750041,2
T0005750043,2
T0005750044,3
T0005750046,2
T0005750047,1
T0005750050,2
T0005750053,2
T0005750055,2
T0005750058,2
T0005750059,2
T0005750062,3
T0005750064,2
T0005750066,2
T0005750067,2
T0005750068,2
T0005750074,2
T0005750075,3
T0005750077,3
T0005750078,2
T0005750084,3
T0005750087,2
T0005750088,2
T0005750092,3
T0005750094,1
T0005750095,1
T0005750096,2
T0005750097,2
T0005750099,1
T0005750102,3
T0005750105,2
T0005750108,3
T0005750110,2
T0005750113,2
T0005750117,3
T0005750118,2
T0005750120,3
T0005750127,3
T0005750128,3
T0005750133,1
T0005750135,3
T0005750136,3
T0005750139,2
T0005750145,3
T0005750148,2
T0005750149,2
T0005750152,2
T0005750155,2
T0005750156,1
T0005750159,3
T0005750160,2
T0005750167,3
T0005750171,3
T0005750176,2
T0005750180,3
T0005750186,2
T0005750195,3
T0005750196,3
T0005750197,3
T0005750199,2
T0005750201,3
T0005750202,2
T0005750203,2
T0005750205,3
T0005750211,2
T0005750214,2
T0005750218,2
T0005750220,3
T0005750223,1
T0005750224,2
T0005750227,2
T0005750230,3
T0005750233,1
T0005750234,2
T0005750236,2
T0005750240,3
T0005750242,2
T0005750243,2
T0005750246,3
T0005750250,2
T0005750251,2
T0005750255,2
T0005750256,2
T0005750261,3
T0005750262,2
T0005750266,3
T0005750271,2
T0005750273,2
T0005750276,2
T0005750277,3
T0005750278,2
T0005750281,2
T0005750283,3
T0005750286,1
T0005750288,2
T0005750290,2
T0005750296,2
T0005750299,2
T0005750303,2
T0005750306,2
T0005750313,2
T0005750317,1
T0005750318,1
T0005750321,1
T0005750323,2
T0005750332,3
T0005750337,2
T0005750339,2
T0005750340,2
T0005750342,3
T0005750344,3
T0005750350,1
T0005750351,2
T0005750352,1
T0005750353,2
T0005750357,2
T0005750358,3
T0005750360,2
T0005750363,1
T0005750365,1
T0005750367,2
T0005750370,2
T0005750371,2
T0005750372,2
T0005750373,1
T0005750374,3
T0005750375,2
T0005750376,3
T0005750378,3
T0005750379,2
T0005750380,2
T0005750384,3
T0005750390,2
T0005750395,3
T0005750398,3
T0005750399,3
T0005750404,1
T0005750406,2
T0005750407,2
T0005750408,2
T0005750411,1
T0005750415,2
T0005750419,3
T0005750421,1
T0005750424,2
T0005750426,2
T0005750427,2
T0005750428,2
T0005750429,3
T0005750431,3
T0005750435,3
T0005750436,1
T0005750437,1
T0005750441,2
T0005750447,3
T0005750449,3
T0005750452,2
T0005750455,3
T0005750456,3
T0005750460,2
T0005750463,1
T0005750466,2
T0005750467,2
T0005750471,1
T0005750472,2
T0005750473,2
T0005750477,2
T0005750478,1
T0005750479,3
T0005750481,2
T0005750483,2
T0005750485,2
T0005750488,2
T0005750490,2
T0005750491,3
T0005750495,1
T0005750497,3
T0005750498,2
T0005750500,1
T0005750504,3
T0005750505,3
T0005750507,2
T0005750511,2
T0005750514,2
T0005750516,3
T0005750517,3
T0005750518,3
T0005750520,2
T0005750522,3
T0005750523,2
T0005750526,2
T0005750530,1
T0005750531,2
T0005750533,2
T0005750534,3
T0005750536,3
T0005750537,2
T0005750541,3
T0005750542,2
T0005750544,3
T0005750545,2
T0005750546,2
T0005750553,3
T0005750554,3
T0005750556,3
T0005750558,2
T0005750560,3
T0005750561,2
T0005750563,1
T0005750567,1
T0005750568,1
T0005750571,2
T0005750572,2
T0005750576,3
T0005750578,1
T0005750579,2
T0005750582,2
T0005750583,1
T0005750584,3
T0005750585,2
T0005750589,2
T0005750590,2
T0005750591,3
T0005750592,2
T0005750595,3
T0005750597,3
T0005750598,3
T0005750599,2
T0005750601,3
T0005750602,2
T0005750613,2
T0005750619,3
T0005750622,1
T0005750624,2
T0005750625,2
T0005750626,2
T0005750631,2
T0005750632,1
T0005750637,2
T0005750639,2
T0005750641,1
T0005750645,3
T0005750646,2
T0005750651,3
T0005750654,2
T0005750655,3
T0005750657,1
T0005750659,2
T0005750663,2
T0005750664,3
T0005750667,3
T0005750673,2
T0005750677,2
T0005750678,1
T0005750679,3
T0005750681,2
T0005750682,2
T0005750686,2
T0005750689,2
T0005750692,2
T0005750694,3
T0005750695,3
T0005750696,2
T0005750698,3
T0005750700,3
T0005750701,3
T0005750702,2
T0005750704,2
T0005750705,3
T0005750707,2
T0005750713,1
T0005750714,2
T0005750720,3
T0005750722,2
T0005750723,2
T0005750729,3
T0005750734,2
T0005750739,1
T0005750740,3
T0005750742,2
T0005750743,3
T0005750750,3
T0005750753,3
T0005750754,2
T0005750755,3
T0005750758,2
T0005750764,1
T0005750768,2
T0005750769,2
T0005750770,2
T0005750771,1
T0005750776,1
T0005750777,2
T0005750778,3
T0005750779,2
T0005750780,2
T0005750781,3
T0005750788,2
T0005750793,2
T0005750795,1
T0005750798,2
T0005750799,2
T0005750800,2
T0005750803,2
T0005750804,2
T0005750808,2
T0005750810,3
T0005750814,2
T0005750816,3
T0005750819,2
T0005750821,3
T0005750822,2
T0005750827,2
T0005750830,2
T0005750835,1
T0005750837,3
T0005750838,2
T0005750839,2
T0005750844,2
T0005750848,3
T0005750849,2
T0005750851,3
T0005750852,3
T0005750853,2
T0005750857,2
T0005750859,3
T0005750860,2
T0005750861,3
T0005750863,1
T0005750866,2
T0005750867,2
T0005750869,2
T0005750875,3
T0005750876,2
T0005750878,2
T0005750880,2
T0005750882,3
T0005750883,2
T0005750885,2
T0005750886,1
T0005750887,3
T0005750888,1
T0005750890,1
T0005750891,2
T0005750893,2
T0005750894,2
T0005750895,2
T0005750896,2
T0005750897,3
T0005750907,2
T0005750911,3
T0005750913,2
T0005750916,2
T0005750918,2
T0005750919,2
T0005750920,2
T0005750921,3
T0005750923,2
T0005750926,1
T0005750928,2
T0005750929,3
T0005750930,2
T0005750931,3
T0005750935,3
T0005750936,3
T0005750938,2
T0005750942,2
T0005750943,3
T0005750948,2
T0005750950,2
T0005750952,1
T0005750954,2
T0005750955,1
T0005750957,2
T0005750959,2
T0005750961,1
T0005750962,3
T0005750964,1
T0005750965,2
T0005750970,2
T0005750973,2
T0005750977,3
T0005750978,3
T0005750981,2
T0005750982,3
T0005750984,2
T0005750987,2
T0005750990,3
T0005750994,1
T0005750995,2
T0005750997,1
T0005751005,1
T0005751010,1
T0005751017,3
T0005751018,2
T0005751019,1
T0005751022,1
T0005751024,2
T0005751025,1
T0005751028,3
T0005751032,2
T0005751037,3
T0005751044,2
T0005751047,3
T0005751049,3
T0005751050,3
T0005751051,1
T0005751052,2
T0005751055,3
T0005751057,1
T0005751058,2
T0005751072,1
T0005751075,2
T0005751077,2
T0005751078,2
T0005751079,1
T0005751081,3
T0005751082,1
T0005751085,1
T0005751090,3
T0005751093,2
T0005751095,2
T0005751096,1
T0005751097,2
T0005751098,1
T0005751099,3
T0005751100,3
T0005751103,2
T0005751104,3
T0005751108,2
T0005751111,3
T0005751114,3
T0005751115,2
T0005751116,2
T0005751120,2
T0005751124,3
T0005751126,3
T0005751127,1
T0005751128,2
T0005751129,3
T0005751136,3
T0005751137,1
T0005751139,2
T0005751140,2
T0005751145,2
T0005751149,2
T0005751150,1
T0005751153,3
T0005751157,2
T0005751160,2
T0005751161,1
T0005751162,2
T0005751163,1
T0005751165,3
T0005751167,2
T0005751172,3
T0005751174,2
T0005751175,1
T0005751179,2
T0005751180,2
T0005751182,2
T0005751191,1
T0005751193,2
T0005751195,3
T0005751197,3
T0005751198,2
T0005751199,3
T0005751200,3
T0005751202,3
T0005751209,2
T0005751210,2
T0005751213,2
T0005751217,3
T0005751219,2
T0005751223,2
T0005751226,3
T0005751233,2
T0005751234,1
T0005751235,2
T0005751236,3
T0005751237,3
T0005751243,2
T0005751245,2
T0005751248,2
T0005751250,2
T0005751255,3
T0005751256,3
T0005751264,2
T0005751265,1
T0005751267,2
T0005751270,2
T0005751272,3
T0005751275,2
T0005751276,2
T0005751278,2
T0005751283,3
T0005751286,2
T0005751287,3
T0005751289,2
T0005751290,2
T0005751296,3
T0005751306,2
T0005751307,1
T0005751312,2
T0005751316,2
T0005751318,1
T0005751319,3
T0005751320,1
T0005751327,2
T0005751329,2
T0005751331,3
T0005751333,1
T0005751336,1
T0005751341,2
T0005751342,2
T0005751344,3
T0005751345,1
T0005751346,2
T0005751347,2
T0005751350,3
T0005751356,2
T0005751358,3
T0005751360,1
T0005751363,2
T0005751365,2
T0005751368,2
T0005751370,2
T0005751373,2
T0005751374,3
T0005751376,3
T0005751377,2
T0005751378,1
T0005751379,2
T0005751380,3
T0005751386,1
T0005751388,2
T0005751389,2
T0005751392,2
T0005751393,1
T0005751395,1
T0005751399,1
T0005751402,1
T0005751404,3
T0005751406,3
T0005751408,1
T0005751411,3
T0005751415,1
T0005751416,2
T0005751419,2
T0005751421,2
T0005751425,1
T0005751432,2
T0005751433,2
T0005751434,2
T0005751440,1
T0005751441,1
T0005751447,2
T0005751450,2
T0005751454,3
T0005751455,3
T0005751456,3
T0005751457,3
T0005751458,2
T0005751459,2
T0005751466,2
T0005751467,2
T0005751468,2
T0005751471,2
T0005751472,2
T0005751474,3
T0005751476,2
T0005751477,2
T0005751479,3
T0005751481,2
T0005751482,3
T0005751483,1
T0005751485,3
T0005751486,1
T0005751487,2
T0005751489,3
T0005751491,3
T0005751494,2
T0005751495,2
T0005751499,2
T0005751501,1
T0005751502,2
T0005751503,2
T0005751506,3
T0005751507,1
T0005751511,2
T0005751513,3
T0005751514,1
T0005751518,3
T0005751521,1
T0005751523,2
T0005751527,3
T0005751528,2
T0005751529,1
T0005751530,3
T0005751531,2
T0005751533,2
T0005751537,3
T0005751538,2
T0005751539,3
T0005751540,3
T0005751544,2
T0005751546,1
T0005751548,3
T0005751550,2
T0005751554,3
T0005751556,2
T0005751560,3
T0005751563,3
T0005751565,2
T0005751567,1
T0005751568,2
T0005751569,1
T0005751570,2
T0005751574,2
T0005751575,2
T0005751576,2
T0005751577,2
T0005751579,1
T0005751581,3
T0005751582,2
T0005751583,3
T0005751584,2
T0005751585,3
T0005751587,2
T0005751592,2
T0005751594,2
T0005751596,2
T0005751600,3
T0005751601,3
T0005751602,3
T0005751604,2
T0005751608,3
T0005751613,2
T0005751614,1
T0005751616,2
T0005751617,2
T0005751618,3
T0005751619,2
T0005751626,3
T0005751628,1
T0005751629,2
T0005751634,2
T0005751635,1
T0005751636,1
T0005751637,3
T0005751641,1
T0005751647,1
T0005751654,2
T0005751655,3
T0005751656,2
T0005751660,1
T0005751666,3
T0005751669,2
T0005751670,3
T0005751672,2
T0005751677,2
T0005751680,3
T0005751681,2
T0005751682,3
T0005751684,1
T0005751685,1
T0005751686,3
T0005751694,3
T0005751696,2
T0005751697,1
T0005751698,1
T0005751700,3
T0005751701,2
T0005751706,3
T0005751710,3
T0005751711,2
T0005751721,3
T0005751722,2
T0005751723,2
T0005751724,2
T0005751725,1
T0005751728,2
T0005751730,2
T0005751731,2
T0005751734,2
T0005751737,1
T0005751738,2
T0005751739,1
T0005751742,1
T0005751743,2
T0005751744,3
T0005751753,3
T0005751755,3
T0005751757,2
T0005751758,2
T0005751760,1
T0005751761,1
T0005751762,1
T0005751763,2
T0005751766,3
T0005751768,3
T0005751771,1
T0005751775,2
T0005751780,1
T0005751782,1
T0005751783,2
T0005751786,1
T0005751789,3
T0005751792,2
T0005751795,1
T0005751796,2
T0005751798,2
T0005751802,3
T0005751803,2
T0005751806,2
T0005751807,3
T0005751808,3
T0005751809,2
T0005751810,1
T0005751812,2
T0005751814,3
T0005751816,2
T0005751817,3
T0005751818,2
T0005751820,2
T0005751828,1
T0005751833,3
T0005751835,2
T0005751837,1
T0005751843,3
T0005751846,1
T0005751847,3
T0005751848,3
T0005751851,1
T0005751853,3
T0005751855,2
T0005751856,3
T0005751858,2
T0005751865,2
T0005751866,3
T0005751867,3
T0005751869,3
T0005751872,2
T0005751873,3
T0005751877,2
T0005751878,2
T0005751880,2
T0005751883,3
T0005751887,3
T0005751888,3
T0005751890,2
T0005751891,1
T0005751892,2
T0005751894,2
T0005751895,2
T0005751900,1
T0005751901,3
T0005751902,1
T0005751904,2
T0005751910,3
T0005751912,2
T0005751915,3
T0005751916,1
T0005751917,2
T0005751919,2
T0005751920,3
T0005751925,3
T0005751931,2
T0005751934,3
T0005751937,3
T0005751938,3
T0005751940,2
T0005751941,2
T0005751943,3
T0005751945,2
T0005751949,2
T0005751951,2
T0005751952,3
T0005751953,3
T0005751954,2
T0005751956,1
T0005751960,1
T0005751965,2
T0005751970,1
T0005751971,3
T0005751973,3
T0005751978,3
T0005751980,3
T0005751984,3
T0005751992,2
T0005751993,3
T0005751996,3
T0005751997,3
T0005751998,2
T0005751999,3
T0005752000,2
T0005752003,2
T0005752006,2
T0005752007,2
T0005752009,2
T0005752012,2
T0005752015,1
T0005752017,2
T0005752018,2
T0005752019,2
T0005752021,3
T0005752022,2
T0005752024,2
T0005752025,2
T0005752027,2
T0005752028,3
T0005752029,2
T0005752031,1
T0005752032,2
T0005752042,2
T0005752044,2
T0005752045,2
T0005752048,3
T0005752051,1
T0005752054,2
T0005752058,2
T0005752059,2
T0005752060,3
T0005752061,3
T0005752067,3
T0005752069,1
T0005752073,2
T0005752076,2
T0005752079,1
T0005752081,2
T0005752082,3
T0005752084,2
T0005752085,2
T0005752093,2
T0005752094,1
T0005752095,3
T0005752099,2
T0005752105,2
T0005752106,2
T0005752108,3
T0005752114,2
T0005752120,3
T0005752121,2
T0005752123,2
T0005752126,2
T0005752128,1
T0005752130,3
T0005752131,3
T0005752133,2
T0005752135,1
T0005752140,2
T0005752146,3
T0005752149,1
T0005752150,2
T0005752153,2
T0005752154,2
T0005752162,3
T0005752167,1
T0005752171,2
T0005752174,2
T0005752175,1
T0005752178,2
T0005752179,3
T0005752181,3
T0005752190,2
T0005752193,2
T0005752194,3
T0005752195,2
T0005752196,2
T0005752198,2
T0005752199,2
T0005752200,3
T0005752201,1
T0005752203,3
T0005752206,2
T0005752207,1
T0005752209,1
T0005752210,1
T0005752212,1
T0005752214,1
T0005752215,3
T0005752217,1
T0005752218,3
T0005752223,2
T0005752227,3
T0005752230,2
T0005752231,2
T0005752233,3
T0005752235,1
T0005752240,2
T0005752243,2
T0005752244,2
T0005752247,2
T0005752249,2
T0005752251,3
T0005752253,2
T0005752254,1
T0005752257,3
T0005752260,1
T0005752264,3
T0005752267,3
T0005752268,1
T0005752269,3
T0005752270,3
T0005752275,2
T0005752279,2
T0005752283,2
T0005752284,2
T0005752285,1
T0005752286,1
T0005752287,2
T0005752291,3
T0005752293,1
T0005752297,3
T0005752298,1
T0005752300,2
T0005752301,3
T0005752304,1
T0005752307,1
T0005752308,1
T0005752311,2
T0005752313,3
T0005752314,1
T0005752316,2
T0005752317,2
T0005752318,3
T0005752319,3
T0005752321,1
T0005752322,2
T0005752323,2
T0005752324,3
T0005752325,2
T0005752327,2
T0005752328,3
T0005752333,2
T0005752335,3
T0005752336,3
T0005752337,3
T0005752339,3
T0005752340,3
T0005752341,3
T0005752344,2
T0005752345,2
T0005752346,2
T0005752348,2
T0005752349,3
T0005752350,1
T0005752352,2
T0005752357,2
T0005752358,3
T0005752360,2
T0005752363,2
T0005752374,2
T0005752377,1
T0005752379,3
T0005752381,3
T0005752382,1
T0005752386,3
T0005752387,2
T0005752389,3
T0005752390,2
T0005752391,2
T0005752393,3
T0005752394,3
T0005752395,1
T0005752396,2
T0005752397,1
T0005752399,3
T0005752406,1
T0005752407,3
T0005752409,2
T0005752410,3
T0005752415,2
T0005752421,3
T0005752424,1
T0005752426,2
T0005752429,2
T0005752434,2
T0005752435,1
T0005752437,2
T0005752439,3
T0005752441,2
T0005752444,2
T0005752445,1
T0005752446,2
T0005752448,2
T0005752451,1
T0005752460,2
T0005752462,2
T0005752463,3
T0005752468,2
T0005752469,2
T0005752470,3
T0005752471,2
T0005752473,2
T0005752478,1
T0005752484,2
T0005752487,1
T0005752489,2
T0005752491,3
T0005752492,2
T0005752494,2
T0005752495,2
T0005752497,3
T0005752498,3
T0005752499,3
T0005752500,2
T0005752501,1
T0005752505,2
T0005752506,2
T0005752507,2
T0005752509,2
T0005752510,3
T0005752511,3
T0005752512,1
T0005752518,1
T0005752520,2
T0005752521,2
T0005752523,3
T0005752524,1
T0005752527,3
T0005752531,3
T0005752537,2
T0005752538,2
T0005752540,1
T0005752542,3
T0005752544,2
T0005752545,3
T0005752546,3
T0005752548,1
T0005752554,2
T0005752556,2
T0005752559,2
T0005752560,3
T0005752562,2
T0005752563,3
T0005752565,1
T0005752576,2
T0005752577,2
T0005752581,2
T0005752582,2
T0005752584,2
T0005752586,2
T0005752591,1
T0005752594,2
T0005752595,2
T0005752596,3
T0005752598,3
T0005752601,3
T0005752602,1
T0005752603,2
T0005752604,1
T0005752605,1
T0005752607,1
T0005752615,2
T0005752617,2
T0005752620,2
T0005752626,3
T0005752627,3
T0005752630,2
T0005752632,3
T0005752641,3
T0005752642,2
T0005752644,2
T0005752649,2
T0005752652,3
T0005752653,2
T0005752654,1
T0005752656,1
T0005752657,2
T0005752658,2
T0005752660,3
T0005752663,1
T0005752664,2
T0005752665,3
T0005752667,3
T0005752668,2
T0005752669,2
T0005752673,3
T0005752677,3
T0005752678,1
T0005752683,3
T0005752684,3
T0005752685,3
T0005752687,3
T0005752689,2
T0005752690,2
T0005752694,2
T0005752695,3
T0005752698,3
T0005752699,2
T0005752700,2
T0005752704,3
T0005752708,1
T0005752716,3
T0005752719,1
T0005752722,2
T0005752723,3
T0005752724,1
T0005752726,1
T0005752728,3
T0005752730,2
T0005752731,2
T0005752734,2
T0005752737,1
T0005752738,3
T0005752739,2
T0005752740,2
T0005752743,2
T0005752747,1
T0005752749,2
T0005752750,1
T0005752751,2
T0005752756,2
T0005752758,1
T0005752759,2
T0005752760,2
T0005752761,2
T0005752770,1
T0005752772,3
T0005752773,2
T0005752774,3
T0005752778,2
T0005752781,2
T0005752783,2
T0005752786,3
T0005752788,1
T0005752789,1
T0005752791,1
T0005752793,3
T0005752794,1
T0005752795,2
T0005752796,2
T0005752798,2
T0005752799,2
T0005752801,3
T0005752803,1
T0005752806,3
T0005752807,3
T0005752808,3
T0005752815,3
T0005752817,1
T0005752822,3
T0005752825,3
T0005752827,2
T0005752830,3
T0005752836,2
T0005752840,2
T0005752841,1
T0005752845,2
T0005752847,3
T0005752849,1
T0005752855,3
T0005752856,3
T0005752857,1
T0005752861,1
T0005752864,1
T0005752866,2
T0005752868,3
T0005752869,2
T0005752871,3
T0005752872,2
T0005752875,1
T0005752877,3
T0005752878,3
T0005752879,3
T0005752881,2
T0005752883,3
T0005752885,1
T0005752888,2
T0005752889,3
T0005752895,3
T0005752896,2
T0005752899,2
T0005752902,2
T0005752903,2
T0005752905,2
T0005752910,1
T0005752913,3
T0005752920,1
T0005752925,2
T0005752926,2
T0005752927,2
T0005752928,3
T0005752929,2
T0005752930,2
T0005752931,2
T0005752936,2
T0005752938,3
T0005752942,2
T0005752944,2
T0005752945,2
T0005752951,1
T0005752952,3
T0005752954,2
T0005752956,2
T0005752959,2
T0005752967,1
T0005752971,3
T0005752974,2
T0005752975,2
T0005752976,2
T0005752978,3
T0005752981,2
T0005752984,3
T0005752986,3
T0005752988,2
T0005752990,3
T0005752991,3
T0005752993,2
T0005752994,2
T0005752997,3
T0005753005,2
T0005753006,2
T0005753010,2
T0005753011,1
T0005753012,2
T0005753017,2
T0005753019,2
T0005753025,2
T0005753026,3
T0005753027,1
T0005753030,3
T0005753031,2
T0005753034,1
T0005753035,2
T0005753036,1
T0005753046,2
T0005753047,2
T0005753052,3
T0005753053,2
T0005753054,3
T0005753056,3
T0005753059,3
T0005753060,1
T0005753062,3
T0005753063,2
T0005753065,2
T0005753066,2
T0005753067,2
T0005753069,2
T0005753070,2
T0005753072,2
T0005753073,3
T0005753074,3
T0005753080,2
T0005753085,2
T0005753086,3
T0005753088,2
T0005753089,3
T0005753090,3
T0005753092,2
T0005753093,1
T0005753094,1
T0005753096,2
T0005753097,2
T0005753099,3
T0005753102,3
T0005753104,3
T0005753106,1
T0005753109,3
T0005753110,3
T0005753115,2
T0005753117,2
T0005753120,2
T0005753122,1
T0005753125,2
T0005753127,2
T0005753129,2
T0005753132,3
T0005753133,3
T0005753134,2
T0005753135,2
T0005753137,2
T0005753140,3
T0005753141,2
T0005753144,2
T0005753146,3
T0005753147,3
T0005753149,3
T0005753153,1
T0005753157,2
T0005753162,3
T0005753163,3
T0005753164,2
T0005753165,3
T0005753166,2
T0005753167,3
T0005753169,2
T0005753171,1
T0005753173,3
T0005753175,2
T0005753177,3
T0005753181,1
T0005753182,2
T0005753184,2
T0005753186,3
T0005753188,2
T0005753189,3
T0005753191,1
T0005753193,1
T0005753194,2
T0005753196,2
T0005753199,1
T0005753203,3
T0005753206,2
T0005753207,2
T0005753209,2
T0005753210,2
T0005753214,3
T0005753215,3
T0005753219,3
T0005753221,2
T0005753223,3
T0005753227,3
T0005753229,2
T0005753231,2
T0005753235,2
T0005753236,1
T0005753238,2
T0005753244,1
T0005753247,3
T0005753249,1
T0005753250,3
T0005753251,3
T0005753252,1
T0005753255,2
T0005753259,1
T0005753260,3
T0005753262,2
T0005753266,2
T0005753273,3
T0005753275,2
T0005753276,1
T0005753277,3
T0005753280,2
T0005753286,3
T0005753288,2
T0005753289,3
T0005753291,2
T0005753292,2
T0005753293,1
T0005753295,2
T0005753296,3
T0005753297,2
T0005753305,2
T0005753309,3
T0005753311,1
T0005753317,3
T0005753319,1
T0005753320,1
T0005753323,2
T0005753324,2
T0005753326,1
T0005753331,3
T0005753333,3
T0005753334,2
T0005753337,2
T0005753338,2
T0005753339,3
T0005753342,3
T0005753344,3
T0005753346,2
T0005753347,2
T0005753349,2
T0005753350,2
T0005753352,3
T0005753354,2
T0005753355,2
T0005753356,2
T0005753357,1
T0005753359,1
T0005753373,2
T0005753374,2
T0005753375,3
T0005753376,2
T0005753378,2
T0005753382,3
T0005753386,2
T0005753388,3
T0005753389,1
T0005753390,3
T0005753391,2
T0005753392,2
T0005753394,1
T0005753398,2
T0005753401,3
T0005753404,3
T0005753405,1
T0005753406,2
T0005753407,2
T0005753408,2
T0005753409,2
T0005753410,3
T0005753412,3
T0005753413,2
T0005753415,3
T0005753421,1
T0005753422,2
T0005753426,2
T0005753432,1
T0005753433,1
T0005753434,2
T0005753436,3
T0005753441,1
T0005753445,3
T0005753448,3
T0005753451,2
T0005753454,2
T0005753456,2
T0005753458,1
T0005753463,1
T0005753464,3
T0005753465,2
T0005753466,3
T0005753467,1
T0005753469,2
T0005753470,2
T0005753480,2
T0005753485,2
T0005753486,3
T0005753491,2
T0005753493,2
T0005753494,2
T0005753504,3
T0005753507,1
T0005753508,2
T0005753512,2
T0005753515,3
T0005753517,2
T0005753520,3
T0005753525,2
T0005753526,2
T0005753531,2
T0005753534,3
T0005753540,3
T0005753542,2
T0005753544,2
T0005753548,2
T0005753551,2
T0005753553,2
T0005753557,2
T0005753560,2
T0005753565,1
T0005753573,2
T0005753574,1
T0005753575,3
T0005753587,3
T0005753588,2
T0005753591,3
T0005753592,2
T0005753595,1
T0005753598,1
T0005753604,2
T0005753614,2
T0005753616,1
T0005753617,2
T0005753622,3
T0005753626,1
T0005753627,2
T0005753628,2
T0005753630,3
T0005753632,3
T0005753633,1
T0005753636,3
T0005753637,1
T0005753639,2
T0005753642,2
T0005753643,1
T0005753645,1
T0005753648,1
T0005753650,3
T0005753654,2
T0005753662,3
T0005753663,3
T0005753664,1
T0005753667,1
T0005753675,3
T0005753676,3
T0005753679,1
T0005753681,3
T0005753682,2
T0005753683,2
T0005753686,2
T0005753687,2
T0005753695,3
T0005753697,3
T0005753700,2
T0005753701,2
T0005753704,2
T0005753705,3
T0005753706,2
T0005753708,3
T0005753709,3
T0005753710,2
T0005753712,2
T0005753713,1
T0005753716,2
T0005753717,2
T0005753722,3
T0005753723,2
T0005753724,2
T0005753728,1
T0005753734,3
T0005753735,2
T0005753737,2
T0005753738,2
T0005753739,3
T0005753740,1
T0005753743,2
T0005753745,2
T0005753755,2
T0005753759,2
T0005753760,2
T0005753763,2
T0005753765,2
T0005753770,1
T0005753774,2
T0005753775,2
T0005753777,3
T0005753779,2
T0005753781,3
T0005753783,1
T0005753784,2
T0005753785,3
T0005753787,3
T0005753790,2
T0005753792,2
T0005753794,1
T0005753797,1
T0005753798,3
T0005753801,1
T0005753808,3
T0005753812,3
T0005753813,2
T0005753815,3
T0005753816,2
T0005753818,2
T0005753819,1
T0005753820,2
T0005753822,1
T0005753823,2
T0005753824,2
T0005753825,3
T0005753827,1
T0005753828,2
T0005753833,3
T0005753834,1
T0005753836,1
T0005753837,2
T0005753838,3
T0005753843,3
T0005753847,1
T0005753849,2
T0005753850,2
T0005753851,1
T0005753857,3
T0005753866,3
T0005753867,2
T0005753868,2
T0005753870,3
T0005753871,2
T0005753877,1
T0005753878,1
T0005753880,3
T0005753882,2
T0005753890,3
T0005753891,3
T0005753894,2
T0005753900,3
T0005753905,1
T0005753906,2
T0005753909,3
T0005753912,3
T0005753918,1
T0005753920,1
T0005753921,3
T0005753922,2
T0005753923,2
T0005753928,1
T0005753929,1
T0005753930,3
T0005753932,3
T0005753934,2
T0005753935,3
T0005753938,3
T0005753946,3
T0005753948,2
T0005753953,2
T0005753957,2
T0005753961,3
T0005753963,2
T0005753964,2
T0005753968,3
T0005753971,2
T0005753976,2
T0005753977,2
T0005753979,3
T0005753984,2
T0005753987,1
T0005753988,2
T0005753989,1
T0005753991,1
T0005753993,3
T0005753995,2
T0005753996,3
T0005753998,3
T0005754000,1
T0005754005,2
T0005754012,2
T0005754013,1
T0005754014,3
T0005754016,3
T0005754017,1
T0005754018,3
T0005754019,2
T0005754020,3
T0005754023,2
T0005754026,2
T0005754027,2
T0005754034,2
T0005754040,2
T0005754041,3
T0005754043,2
T0005754044,3
T0005754048,2
T0005754049,1
T0005754053,3
T0005754055,2
T0005754059,2
T0005754060,1
T0005754068,2
T0005754069,2
T0005754073,2
T0005754074,1
T0005754076,2
T0005754079,1
T0005754080,2
T0005754081,2
T0005754085,2
T0005754087,2
T0005754090,1
T0005754091,2
T0005754092,1
T0005754093,2
T0005754094,3
T0005754104,3
T0005754107,2
T0005754108,3
T0005754114,2
T0005754115,1
T0005754121,3
T0005754124,1
T0005754125,1
T0005754127,2
T0005754129,3
T0005754131,3
T0005754132,2
T0005754133,3
T0005754134,2
T0005754135,3
T0005754136,2
T0005754141,1
T0005754142,1
T0005754143,2
T0005754146,3
T0005754151,3
T0005754157,2
T0005754158,2
T0005754159,1
T0005754161,3
T0005754164,3
T0005754166,1
T0005754167,2
T0005754168,2
T0005754170,2
T0005754172,2
T0005754173,2
T0005754184,2
T0005754186,2
T0005754188,2
T0005754190,2
T0005754192,2
T0005754193,3
T0005754196,2
T0005754198,2
T0005754200,3
T0005754203,2
T0005754207,3
T0005754208,2
T0005754209,1
T0005754210,2
T0005754211,3
T0005754213,2
T0005754220,2
T0005754221,2
T0005754223,2
T0005754224,1
T0005754226,2
T0005754231,3
T0005754233,1
T0005754236,3
T0005754238,3
T0005754241,2
T0005754242,2
T0005754243,2
T0005754248,2
T0005754249,1
T0005754250,1
T0005754253,3
T0005754254,3
T0005754255,2
T0005754256,2
T0005754259,1
T0005754262,2
T0005754263,3
T0005754265,1
T0005754267,2
T0005754276,2
T0005754282,2
T0005754284,3
T0005754285,3
T0005754287,2
T0005754288,3
T0005754291,2
T0005754292,1
T0005754298,1
T0005754301,2
T0005754304,2
T0005754311,2
T0005754318,2
T0005754319,2
T0005754320,1
T0005754322,2
T0005754325,1
T0005754327,2
T0005754329,2
T0005754330,1
T0005754332,2
T0005754333,3
T0005754343,3
T0005754346,3
T0005754347,3
T0005754348,2
T0005754349,3
T0005754350,3
T0005754352,1
T0005754353,3
T0005754354,2
T0005754357,1
T0005754359,3
T0005754361,2
T0005754363,2
T0005754365,1
T0005754367,2
T0005754368,1
T0005754371,1
T0005754375,2
T0005754377,2
T0005754380,3
T0005754381,2
T0005754385,1
T0005754387,3
T0005754389,2
T0005754392,2
T0005754395,2
T0005754396,1
T0005754397,2
T0005754398,2
T0005754401,3
T0005754403,2
T0005754405,3
T0005754406,1
T0005754412,1
T0005754414,1
T0005754418,2
T0005754420,3
T0005754423,3
T0005754430,1
T0005754438,2
T0005754442,1
T0005754448,2
T0005754456,3
T0005754458,3
T0005754459,3
T0005754464,3
T0005754465,2
T0005754466,2
T0005754469,3
T0005754470,1
T0005754472,3
T0005754473,2
T0005754474,2
T0005754475,1
T0005754477,3
T0005754478,1
T0005754481,2
T0005754482,2
T0005754483,2
T0005754484,2
T0005754485,3
T0005754493,2
T0005754494,2
T0005754496,2
T0005754502,2
T0005754503,3
T0005754510,3
T0005754512,1
T0005754517,2
T0005754518,2
T0005754519,2
T0005754522,2
T0005754528,1
T0005754530,2
T0005754534,3
T0005754535,3
T0005754537,3
T0005754540,2
T0005754542,3
T0005754550,2
T0005754551,3
T0005754552,3
T0005754554,2
T0005754557,2
T0005754559,2
T0005754560,2
T0005754562,2
T0005754566,2
T0005754567,1
T0005754571,3
T0005754576,3
T0005754577,1
T0005754579,1
T0005754580,1
T0005754581,2
T0005754582,2
T0005754583,3
T0005754589,1
T0005754590,2
T0005754593,3
T0005754594,3
T0005754595,3
T0005754602,1
T0005754604,3
T0005754605,2
T0005754607,1
T0005754616,2
T0005754617,2
T0005754620,3
T0005754622,3
T0005754626,3
T0005754628,2
T0005754629,2
T0005754631,3
T0005754633,1
T0005754635,2
T0005754638,3
T0005754641,2
T0005754642,2
T0005754643,2
T0005754647,2
T0005754649,3
T0005754650,3
T0005754651,1
T0005754653,3
T0005754654,2
T0005754656,1
T0005754657,3
T0005754659,1
T0005754661,2
T0005754662,2
T0005754663,2
T0005754664,3
T0005754667,1
T0005754668,3
T0005754670,2
T0005754671,2
T0005754673,3
T0005754675,2
T0005754676,3
T0005754679,3
T0005754681,3
T0005754682,1
T0005754684,2
T0005754693,2
T0005754694,3
T0005754695,2
T0005754696,2
T0005754697,2
T0005754699,2
T0005754700,2
T0005754702,2
T0005754704,2
T0005754705,1
T0005754708,2
T0005754710,3
T0005754712,2
T0005754714,3
T0005754715,3
T0005754716,1
T0005754720,3
T0005754721,1
T0005754722,1
T0005754723,3
T0005754725,2
T0005754730,2
T0005754733,1
T0005754736,1
T0005754741,2
T0005754742,2
T0005754744,2
T0005754747,2
T0005754754,2
T0005754757,3
T0005754759,3
T0005754760,3
T0005754761,2
T0005754763,3
T0005754764,2
T0005754771,2
T0005754772,3
T0005754775,2
T0005754776,1
T0005754778,1
T0005754780,3
T0005754783,2
T0005754785,2
T0005754787,1
T0005754788,2
T0005754797,2
T0005754800,3
T0005754801,3
T0005754803,2
T0005754804,3
T0005754807,1
T0005754810,3
T0005754811,1
T0005754814,1
T0005754815,2
T0005754820,2
T0005754821,3
T0005754829,3
T0005754830,2
T0005754831,1
T0005754833,1
T0005754835,2
T0005754836,3
T0005754837,2
T0005754839,1
T0005754841,3
T0005754846,3
T0005754848,2
T0005754849,1
T0005754852,3
T0005754854,2
T0005754858,2
T0005754859,2
T0005754864,1
T0005754866,1
T0005754867,2
T0005754868,3
T0005754869,2
T0005754873,3
T0005754876,2
T0005754879,3
T0005754880,2
T0005754883,2
T0005754891,2
T0005754892,3
T0005754894,3
T0005754895,3
T0005754897,2
T0005754898,2
T0005754899,2
T0005754906,3
T0005754908,1
T0005754910,1
T0005754911,3
T0005754913,2
T0005754914,3
T0005754916,3
T0005754920,2
T0005754922,2
T0005754923,3
T0005754924,2
T0005754925,3
T0005754927,1
T0005754931,2
T0005754935,2
T0005754937,3
T0005754939,2
T0005754941,3
T0005754943,2
T0005754947,3
T0005754949,2
T0005754954,2
T0005754958,2
T0005754962,3
T0005754975,2
T0005754976,3
T0005754977,2
T0005754979,3
T0005754984,3
T0005754985,2
T0005754988,2
T0005754990,3
T0005754991,3
T0005754994,2
T0005754996,1
T0005754997,3
T0005755002,1
T0005755004,3
T0005755006,2
T0005755008,2
T0005755010,2
T0005755012,2
T0005755016,1
T0005755018,2
T0005755020,3
T0005755023,3
T0005755024,3
T0005755028,2
T0005755032,2
T0005755034,3
T0005755042,1
T0005755046,1
T0005755048,2
T0005755049,3
T0005755052,2
T0005755067,1
T0005755068,3
T0005755069,2
T0005755070,3
T0005755072,2
T0005755073,2
T0005755074,1
T0005755076,2
T0005755079,2
T0005755080,2
T0005755085,3
T0005755088,2
T0005755091,3
T0005755092,2
T0005755094,3
T0005755095,2
T0005755097,2
T0005755101,3
T0005755104,2
T0005755106,2
T0005755108,1
T0005755109,3
T0005755110,2
T0005755111,2
T0005755114,2
T0005755115,2
T0005755117,2
T0005755123,3
T0005755125,2
T0005755127,3
T0005755129,3
T0005755130,2
T0005755137,1
T0005755138,2
T0005755139,3
T0005755142,1
T0005755148,2
T0005755157,2
T0005755160,3
T0005755166,2
T0005755170,3
T0005755175,2
T0005755177,3
T0005755179,3
T0005755180,3
T0005755182,3
T0005755192,3
T0005755193,1
T0005755194,1
T0005755195,2
T0005755196,1
T0005755201,2
T0005755202,2
T0005755211,3
T0005755212,2
T0005755216,2
T0005755217,3
T0005755218,3
T0005755221,2
T0005755223,1
T0005755225,1
T0005755227,3
T0005755231,3
T0005755232,2
T0005755233,1
T0005755236,3
T0005755239,2
T0005755240,3
T0005755245,1
T0005755247,3
T0005755249,3
T0005755261,2
T0005755262,3
T0005755265,3
T0005755266,2
T0005755268,2
T0005755273,2
T0005755275,2
T0005755277,1
T0005755278,2
T0005755279,3
T0005755283,2
T0005755287,3
T0005755291,2
T0005755294,3
T0005755295,1
T0005755298,3
T0005755301,2
T0005755302,1
T0005755303,2
T0005755307,3
T0005755308,2
T0005755313,2
T0005755314,1
T0005755316,2
T0005755317,2
T0005755321,1
T0005755323,2
T0005755329,2
T0005755332,3
T0005755333,3
T0005755339,1
T0005755342,3
T0005755345,2
T0005755346,2
T0005755349,2
T0005755351,3
T0005755358,2
T0005755360,1
T0005755365,3
T0005755370,2
T0005755372,3
T0005755376,2
T0005755377,3
T0005755379,2
T0005755380,2
T0005755382,2
T0005755383,2
T0005755385,3
T0005755386,3
T0005755389,2
T0005755392,1
T0005755393,1
T0005755400,1
T0005755402,2
T0005755403,3
T0005755410,2
T0005755411,2
T0005755412,3
T0005755413,3
T0005755414,2
T0005755417,1
T0005755418,3
T0005755420,2
T0005755424,2
T0005755425,3
T0005755430,2
T0005755434,1
T0005755435,3
T0005755440,3
T0005755446,1
T0005755447,1
T0005755449,2
T0005755450,2
T0005755453,3
T0005755454,3
T0005755461,3
T0005755462,3
T0005755464,1
T0005755467,2
T0005755468,2
T0005755469,3
T0005755472,3
T0005755474,2
T0005755478,2
T0005755479,2
T0005755480,1
T0005755481,3
T0005755482,2
T0005755484,2
T0005755486,2
T0005755490,2
T0005755491,1
T0005755494,2
T0005755496,2
T0005755497,2
T0005755499,1
T0005755500,1
T0005755502,3
T0005755505,2
T0005755509,1
T0005755510,2
T0005755517,3
T0005755521,2
T0005755530,1
T0005755533,3
T0005755537,2
T0005755539,2
T0005755540,2
T0005755541,1
T0005755543,1
T0005755545,2
T0005755546,3
T0005755547,3
T0005755549,1
T0005755555,1
T0005755556,2
T0005755561,3
T0005755564,1
T0005755568,1
T0005755569,2
T0005755575,3
T0005755577,2
T0005755578,2
T0005755579,2
T0005755580,3
T0005755581,2
T0005755582,3
T0005755585,1
T0005755586,2
T0005755589,3
T0005755591,1
T0005755595,1
T0005755597,1
T0005755601,1
T0005755602,3
T0005755604,2
T0005755609,2
T0005755612,1
T0005755613,1
T0005755614,2
T0005755616,1
T0005755617,2
T0005755618,3
T0005755619,1
T0005755622,2
T0005755625,2
T0005755628,2
T0005755629,2
T0005755633,2
T0005755642,3
T0005755646,2
T0005755650,3
T0005755652,2
T0005755653,3
T0005755654,2
T0005755658,2
T0005755664,1
T0005755667,1
T0005755668,1
T0005755671,2
T0005755672,1
T0005755673,2
T0005755674,2
T0005755675,2
T0005755677,2
T0005755681,2
T0005755690,3
T0005755691,2
T0005755692,1
T0005755693,1
T0005755694,3
T0005755699,2
T0005755702,2
T0005755706,3
T0005755708,2
T0005755709,3
T0005755711,3
T0005755714,1
T0005755715,2
T0005755716,2
T0005755717,1
T0005755718,3
T0005755720,2
T0005755721,2
T0005755722,3
T0005755728,2
T0005755729,1
T0005755732,1
T0005755735,2
T0005755736,3
T0005755739,2
T0005755747,3
T0005755760,2
T0005755763,2
T0005755764,3
T0005755767,2
T0005755768,2
T0005755770,3
T0005755772,2
T0005755773,1
T0005755774,1
T0005755777,1
T0005755781,2
T0005755782,1
T0005755785,1
T0005755787,3
T0005755788,1
T0005755789,3
T0005755794,2
T0005755795,3
T0005755803,2
T0005755805,2
T0005755812,3
T0005755813,3
T0005755815,3
T0005755816,3
T0005755819,3
T0005755821,2
T0005755822,2
T0005755824,3
T0005755828,2
T0005755831,3
T0005755832,2
T0005755833,3
T0005755835,1
T0005755837,2
T0005755838,2
T0005755840,3
T0005755844,2
T0005755848,2
T0005755850,3
T0005755851,2
T0005755852,2
T0005755859,1
T0005755861,3
T0005755862,3
T0005755876,2
T0005755877,1
T0005755880,1
T0005755882,2
T0005755885,3
T0005755886,3
T0005755887,3
T0005755891,2
T0005755893,1
T0005755898,1
T0005755903,2
T0005755904,1
T0005755908,3
T0005755911,1
T0005755912,1
T0005755921,2
T0005755922,2
T0005755923,2
T0005755926,3
T0005755927,2
T0005755928,2
T0005755929,2
T0005755931,3
T0005755934,2
T0005755939,3
T0005755943,2
T0005755944,1
T0005755948,2
T0005755953,2
T0005755956,1
T0005755960,1
T0005755962,3
T0005755963,3
T0005755964,1
T0005755966,1
T0005755967,3
T0005755978,1
T0005755981,3
T0005755982,3
T0005755983,3
T0005755984,2
T0005755986,1
T0005755987,2
T0005755989,3
T0005755993,2
T0005755994,3
T0005755998,2
T0005756000,2
T0005756001,2
T0005756006,1
T0005756009,2
T0005756010,1
T0005756011,3
T0005756013,1
T0005756014,1
T0005756015,2
T0005756016,3
T0005756017,2
T0005756018,3
T0005756019,1
T0005756024,2
T0005756027,2
T0005756028,2
T0005756039,2
T0005756041,2
T0005756043,1
T0005756045,3
T0005756047,2
T0005756048,3
T0005756051,3
T0005756053,2
T0005756055,2
T0005756056,3
T0005756058,3
T0005756064,1
T0005756065,3
T0005756066,2
T0005756067,1
T0005756068,3
T0005756069,2
T0005756072,2
T0005756073,3
T0005756074,1
T0005756076,1
T0005756080,1
T0005756085,2
T0005756087,3
T0005756088,2
T0005756089,1
T0005756090,2
T0005756097,2
T0005756102,2
T0005756105,3
T0005756107,2
T0005756109,1
T0005756111,2
T0005756115,3
T0005756116,2
T0005756118,2
T0005756119,2
T0005756123,2
T0005756128,1
T0005756132,2
T0005756133,2
T0005756138,2
T0005756141,2
T0005756142,1
T0005756143,3
T0005756144,1
T0005756146,3
T0005756149,3
T0005756150,2
T0005756152,3
T0005756153,2
T0005756155,2
T0005756156,2
T0005756158,2
T0005756160,3
T0005756163,2
T0005756168,2
T0005756170,3
T0005756171,2
T0005756173,1
T0005756174,2
T0005756176,3
T0005756180,1
T0005756181,3
T0005756187,3
T0005756189,3
T0005756190,3
T0005756192,2
T0005756193,3
T0005756194,2
T0005756203,2
T0005756204,2
T0005756207,2
T0005756208,3
T0005756220,3
T0005756222,1
T0005756223,3
T0005756225,2
T0005756226,1
T0005756227,1
T0005756229,3
T0005756230,3
T0005756231,2
T0005756233,3
T0005756235,3
T0005756241,3
T0005756242,3
T0005756245,3
T0005756248,3
T0005756249,1
T0005756251,3
T0005756255,3
T0005756256,2
T0005756257,2
T0005756260,2
T0005756264,2
T0005756265,2
T0005756268,1
T0005756269,3
T0005756274,2
T0005756277,3
T0005756278,2
T0005756280,1
T0005756281,2
T0005756283,3
T0005756287,2
T0005756288,3
T0005756290,2
T0005756292,2
T0005756294,2
T0005756297,3
T0005756298,3
T0005756299,2
T0005756301,2
T0005756303,2
T0005756304,2
T0005756306,2
T0005756307,2
T0005756309,1
T0005756311,2
T0005756314,1
T0005756316,1
T0005756317,1
T0005756318,3
T0005756319,3
T0005756322,3
T0005756325,2
T0005756330,3
T0005756331,2
T0005756334,3
T0005756336,2
T0005756337,3
T0005756340,2
T0005756344,2
T0005756350,2
T0005756354,2
T0005756356,2
T0005756357,2
T0005756359,1
T0005756362,2
T0005756368,2
T0005756369,1
T0005756371,3
T0005756372,3
T0005756375,3
T0005756377,2
T0005756378,2
T0005756380,3
T0005756381,2
T0005756384,2
T0005756386,2
T0005756390,3
T0005756391,2
T0005756395,2
T0005756398,2
T0005756403,1
T0005756404,2
T0005756406,2
T0005756408,2
T0005756409,1
T0005756410,3
T0005756411,2
T0005756412,2
T0005756413,1
T0005756416,3
T0005756417,3
T0005756422,3
T0005756433,3
T0005756434,2
T0005756436,1
T0005756438,2
T0005756439,2
T0005756440,3
T0005756445,2
T0005756446,2
T0005756449,2
T0005756450,3
T0005756452,2
T0005756454,2
T0005756456,2
T0005756460,1
T0005756462,1
T0005756465,1
T0005756466,2
T0005756467,1
T0005756468,2
T0005756470,3
T0005756471,2
T0005756472,1
T0005756475,3
T0005756476,3
T0005756477,3
T0005756480,2
T0005756481,2
T0005756484,2
T0005756488,2
T0005756490,2
T0005756491,2
T0005756492,2
T0005756494,1
T0005756495,2
T0005756496,3
T0005756498,2
T0005756499,2
T0005756500,3
T0005756502,2
T0005756505,3
T0005756508,2
T0005756509,2
T0005756511,2
T0005756513,2
T0005756514,1
T0005756515,2
T0005756518,3
T0005756520,2
T0005756522,2
T0005756523,2
T0005756524,3
T0005756526,2
T0005756528,2
T0005756532,1
T0005756533,1
T0005756535,2
T0005756539,2
T0005756541,1
T0005756545,3
T0005756550,1
T0005756551,2
T0005756552,2
T0005756556,2
T0005756558,2
T0005756560,1
T0005756566,2
T0005756569,1
T0005756576,2
T0005756577,3
T0005756578,2
T0005756579,3
T0005756580,2
T0005756583,1
T0005756586,2
T0005756587,3
T0005756593,2
T0005756596,1
T0005756598,2
T0005756600,3
T0005756601,3
T0005756604,3
T0005756605,1
T0005756606,2
T0005756608,2
T0005756610,1
T0005756611,3
T0005756613,1
T0005756619,2
T0005756622,2
T0005756625,1
T0005756626,2
T0005756627,2
T0005756637,2
T0005756638,1
T0005756639,2
T0005756643,3
T0005756644,2
T0005756645,2
T0005756646,2
T0005756647,2
T0005756650,2
T0005756657,2
T0005756658,1
T0005756663,1
T0005756668,3
T0005756669,3
T0005756672,3
T0005756673,3
T0005756674,2
T0005756675,2
T0005756678,2
T0005756682,1
T0005756685,1
T0005756686,2
T0005756691,2
T0005756693,2
T0005756694,2
T0005756695,2
T0005756698,2
T0005756700,2
T0005756709,3
T0005756713,1
T0005756714,2
T0005756715,3
T0005756716,3
T0005756717,2
T0005756718,3
T0005756719,2
T0005756722,3
T0005756724,2
T0005756725,2
T0005756727,2
T0005756729,2
T0005756734,1
T0005756736,2
T0005756737,3
T0005756742,2
T0005756745,2
T0005756747,3
T0005756749,1
T0005756752,1
T0005756753,2
T0005756762,2
T0005756763,2
T0005756769,2
T0005756770,3
T0005756771,3
T0005756772,3
T0005756773,3
T0005756778,2
T0005756780,1
T0005756781,1
T0005756788,2
T0005756795,1
T0005756797,1
T0005756803,2
T0005756810,2
T0005756811,3
T0005756820,2
T0005756822,2
T0005756825,2
T0005756826,3
T0005756828,2
T0005756833,1
T0005756834,3
T0005756837,3
T0005756838,1
T0005756839,2
T0005756844,1
T0005756846,2
T0005756848,2
T0005756851,2
T0005756853,2
T0005756854,2
T0005756855,2
T0005756856,2
T0005756859,3
T0005756868,1
T0005756869,3
T0005756871,3
T0005756872,2
T0005756874,2
T0005756876,2
T0005756877,2
T0005756879,1
T0005756880,3
T0005756882,2
T0005756886,3
T0005756887,3
T0005756889,2
T0005756890,2
T0005756894,3
T0005756897,3
T0005756898,3
T0005756902,3
T0005756904,3
T0005756909,2
T0005756912,3
T0005756913,2
T0005756916,2
T0005756917,2
T0005756918,3
T0005756923,3
T0005756924,2
T0005756927,3
T0005756929,1
T0005756930,3
T0005756933,2
T0005756935,2
T0005756939,3
T0005756941,2
T0005756944,3
T0005756946,2
T0005756949,3
T0005756950,2
T0005756953,2
T0005756954,2
T0005756961,2
T0005756967,2
T0005756972,2
T0005756974,3
T0005756975,3
T0005756981,3
T0005756982,2
T0005756983,1
T0005756986,3
T0005756987,3
T0005756988,2
T0005756991,2
T0005756993,1
T0005756994,1
T0005757000,3
T0005757002,2
T0005757003,2
T0005757008,3
T0005757010,2
T0005757012,1
T0005757014,2
T0005757016,2
T0005757021,2
T0005757022,3
T0005757024,3
T0005757026,3
T0005757027,2
T0005757031,1
T0005757033,2
T0005757034,3
T0005757035,3
T0005757038,1
T0005757039,3
T0005757045,2
T0005757046,2
T0005757047,1
T0005757048,3
T0005757049,3
T0005757052,1
T0005757053,3
T0005757054,3
T0005757056,2
T0005757057,2
T0005757058,2
T0005757065,2
T0005757066,2
T0005757071,2
T0005757075,3
T0005757076,3
T0005757079,2
T0005757082,3
T0005757085,3
T0005757087,2
T0005757088,2
T0005757089,2
T0005757091,3
T0005757092,2
T0005757095,1
T0005757098,3
T0005757103,2
T0005757106,3
T0005757107,1
T0005757110,1
T0005757111,1
T0005757116,1
T0005757121,2
T0005757122,2
T0005757124,2
T0005757125,3
T0005757126,2
T0005757127,3
T0005757132,1
T0005757139,3
T0005757143,2
T0005757147,2
T0005757151,2
T0005757156,2
T0005757159,1
T0005757160,2
T0005757167,1
T0005757173,2
T0005757174,2
T0005757178,3
T0005757179,3
T0005757181,1
T0005757182,3
T0005757185,1
T0005757194,3
T0005757195,2
T0005757198,2
T0005757199,2
T0005757208,1
T0005757210,1
T0005757212,2
T0005757215,2
T0005757218,2
T0005757219,3
T0005757221,3
T0005757222,2
T0005757226,2
T0005757228,2
T0005757229,3
T0005757235,2
T0005757242,2
T0005757247,2
T0005757250,1
T0005757252,1
T0005757255,3
T0005757256,3
T0005757262,1
T0005757264,2
T0005757265,3
T0005757267,2
T0005757268,1
T0005757269,3
T0005757270,3
T0005757277,2
T0005757278,2
T0005757279,2
T0005757280,1
T0005757282,1
T0005757286,1
T0005757289,3
T0005757290,1
T0005757291,2
T0005757293,3
T0005757299,3
T0005757301,3
T0005757303,2
T0005757304,3
T0005757308,3
T0005757309,2
T0005757311,2
T0005757312,3
T0005757314,2
T0005757315,3
T0005757316,1
T0005757318,2
T0005757320,1
T0005757323,2
T0005757326,2
T0005757331,2
T0005757336,2
T0005757339,2
T0005757342,3
T0005757348,3
T0005757349,2
T0005757351,2
T0005757352,2
T0005757356,3
T0005757358,3
T0005757363,2
T0005757364,1
T0005757365,2
T0005757366,1
T0005757367,1
T0005757374,3
T0005757375,3
T0005757378,1
T0005757380,3
T0005757381,2
T0005757385,1
T0005757390,3
T0005757394,1
T0005757397,2
T0005757401,2
T0005757407,1
T0005757408,1
T0005757410,2
T0005757416,3
T0005757419,2
T0005757420,1
T0005757421,3
T0005757422,3
T0005757425,3
T0005757426,3
T0005757431,2
T0005757437,2
T0005757447,3
T0005757448,2
T0005757450,2
T0005757451,3
T0005757456,2
T0005757458,3
T0005757459,3
T0005757462,1
T0005757463,3
T0005757464,3
T0005757465,1
T0005757471,2
T0005757473,1
T0005757476,2
T0005757479,3
T0005757480,2
T0005757482,3
T0005757484,2
T0005757485,2
T0005757488,2
T0005757492,2
T0005757495,3
T0005757496,3
T0005757497,2
T0005757498,3
T0005757501,2
T0005757512,3
T0005757515,3
T0005757516,2
T0005757519,1
T0005757525,1
T0005757526,2
T0005757530,2
T0005757531,2
T0005757533,3
T0005757534,2
T0005757535,1
T0005757537,3
T0005757542,1
T0005757543,2
T0005757545,3
T0005757547,2
T0005757548,1
T0005757549,3
T0005757552,2
T0005757563,3
T0005757568,2
T0005757572,3
T0005757582,1
T0005757583,2
T0005757584,3
T0005757586,3
T0005757587,2
T0005757591,3
T0005757592,3
T0005757597,3
T0005757598,2
T0005757599,2
T0005757600,1
T0005757601,2
T0005757602,2
T0005757608,1
T0005757609,3
T0005757610,2
T0005757612,2
T0005757615,1
T0005757624,1
T0005757628,2
T0005757630,1
T0005757637,3
T0005757639,3
T0005757642,2
T0005757643,2
T0005757645,2
T0005757646,3
T0005757647,3
T0005757651,2
T0005757653,2
T0005757662,2
T0005757663,2
T0005757668,1
T0005757669,3
T0005757671,1
T0005757674,2
T0005757675,2
T0005757677,3
T0005757678,2
T0005757679,2
T0005757680,2
T0005757682,1
T0005757683,2
T0005757684,3
T0005757686,2
T0005757688,3
T0005757697,3
T0005757699,1
T0005757700,3
T0005757701,2
T0005757710,3
T0005757711,3
T0005757713,3
T0005757718,2
T0005757719,2
T0005757721,3
T0005757722,2
T0005757726,2
T0005757731,1
T0005757733,3
T0005757734,3
T0005757737,2
T0005757738,1
T0005757741,2
T0005757743,1
T0005757746,3
T0005757748,1
T0005757752,2
T0005757757,3
T0005757760,2
T0005757761,3
T0005757762,1
T0005757763,2
T0005757766,2
T0005757767,1
T0005757768,1
T0005757769,2
T0005757772,2
T0005757774,1
T0005757775,3
T0005757779,2
T0005757780,3
T0005757781,1
T0005757783,3
T0005757786,2
T0005757788,3
T0005757791,3
T0005757792,3
T0005757793,2
T0005757801,3
T0005757802,3
T0005757803,2
T0005757805,3
T0005757807,3
T0005757810,2
T0005757820,1
T0005757822,2
T0005757824,3
T0005757826,2
T0005757828,3
T0005757832,2
T0005757835,2
T0005757836,2
T0005757840,3
T0005757846,3
T0005757847,2
T0005757848,2
T0005757849,2
T0005757851,3
T0005757852,3
T0005757854,3
T0005757856,3
T0005757857,3
T0005757861,1
T0005757862,2
T0005757864,2
T0005757866,3
T0005757868,3
T0005757869,1
T0005757870,3
T0005757871,3
T0005757874,2
T0005757876,2
T0005757878,1
T0005757883,2
T0005757886,3
T0005757895,1
T0005757897,3
T0005757900,2
T0005757902,3
T0005757904,2
T0005757905,3
T0005757909,2
T0005757910,2
T0005757912,1
T0005757914,3
T0005757928,2
T0005757931,2
T0005757936,2
T0005757937,2
T0005757944,2
T0005757945,2
T0005757947,3
T0005757950,2
T0005757952,3
T0005757961,3
T0005757963,3
T0005757966,3
T0005757970,1
T0005757975,2
T0005757978,2
T0005757979,2
T0005757984,3
T0005757986,1
T0005757988,3
T0005757990,2
T0005757991,3
T0005757992,1
T0005757993,1
T0005757996,3
T0005757998,1
T0005758000,2
T0005758001,3
T0005758004,1
T0005758005,3
T0005758006,2
T0005758008,2
T0005758009,2
T0005758010,2
T0005758019,1
T0005758026,3
T0005758028,2
T0005758033,2
T0005758034,2
T0005758035,1
T0005758037,1
T0005758040,2
T0005758044,1
T0005758045,1
T0005758046,2
T0005758047,3
T0005758048,2
T0005758055,2
T0005758057,2
T0005758058,2
T0005758059,2
T0005758062,2
T0005758066,1
T0005758068,2
T0005758069,1
T0005758071,1
T0005758074,3
T0005758075,2
T0005758077,2
T0005758084,2
T0005758085,2
T0005758086,2
T0005758087,2
T0005758088,2
T0005758089,1
T0005758090,1
T0005758091,2
T0005758092,3
T0005758094,2
T0005758097,1
T0005758098,2
T0005758099,2
T0005758100,2
T0005758102,2
T0005758109,2
T0005758114,2
T0005758117,3
T0005758122,3
T0005758123,2
T0005758126,2
T0005758127,2
T0005758129,1
T0005758131,3
T0005758132,3
T0005758135,2
T0005758137,3
T0005758140,1
T0005758141,1
T0005758142,2
T0005758147,1
T0005758148,3
T0005758151,2
T0005758156,3
T0005758160,3
T0005758162,3
T0005758167,2
T0005758169,3
T0005758172,3
T0005758173,3
T0005758180,2
T0005758181,3
T0005758184,3
T0005758186,3
T0005758187,2
T0005758189,2
T0005758190,1
T0005758191,3
T0005758194,3
T0005758195,3
T0005758197,2
T0005758199,1
T0005758200,2
T0005758201,2
T0005758202,1
T0005758203,1
T0005758204,2
T0005758206,3
T0005758207,1
T0005758208,2
T0005758209,3
T0005758213,2
T0005758216,3
T0005758218,3
T0005758219,1
T0005758220,3
T0005758221,1
T0005758222,2
T0005758227,1
T0005758232,2
T0005758233,3
T0005758234,2
T0005758236,2
T0005758237,3
T0005758240,2
T0005758242,1
T0005758244,3
T0005758245,2
T0005758246,2
T0005758247,2
T0005758248,1
T0005758252,2
T0005758256,2
T0005758257,2
T0005758258,3
T0005758260,2
T0005758263,2
T0005758267,3
T0005758268,2
T0005758273,2
T0005758275,2
T0005758280,2
T0005758284,2
T0005758285,1
T0005758286,2
T0005758291,2
T0005758292,3
T0005758294,3
T0005758295,2
T0005758296,2
T0005758297,2
T0005758299,2
T0005758301,2
T0005758310,2
T0005758316,1
T0005758317,3
T0005758318,3
T0005758321,3
T0005758322,2
T0005758325,2
T0005758327,2
T0005758331,3
T0005758335,3
T0005758337,3
T0005758340,3
T0005758343,2
T0005758346,3
T0005758347,2
T0005758349,2
T0005758351,2
T0005758352,1
T0005758353,2
T0005758356,2
T0005758357,2
T0005758360,1
T0005758361,1
T0005758362,1
T0005758364,2
T0005758365,2
T0005758367,1
T0005758370,3
T0005758372,1
T0005758373,2
T0005758378,3
T0005758379,2
T0005758383,3
T0005758387,3
T0005758388,2
T0005758389,2
T0005758390,3
T0005758391,2
T0005758392,3
T0005758393,3
T0005758396,2
T0005758397,2
T0005758398,3
T0005758399,1
T0005758400,3
T0005758401,3
T0005758402,1
T0005758408,2
T0005758409,2
T0005758413,1
T0005758414,1
T0005758415,1
T0005758416,2
T0005758417,2
T0005758423,2
T0005758424,1
T0005758425,2
T0005758429,1
T0005758432,3
T0005758434,3
T0005758435,3
T0005758438,3
T0005758439,3
T0005758440,2
T0005758442,3
T0005758443,3
T0005758445,1
T0005758447,2
T0005758449,2
T0005758451,2
T0005758452,1
T0005758459,2
T0005758462,1
T0005758463,3
T0005758465,2
T0005758469,3
T0005758470,2
T0005758472,3
T0005758478,3
T0005758479,2
T0005758481,2
T0005758483,2
T0005758485,2
T0005758486,3
T0005758488,2
T0005758489,3
T0005758496,2
T0005758498,1
T0005758499,1
T0005758500,2
T0005758501,1
T0005758502,2
T0005758506,3
T0005758508,2
T0005758509,3
T0005758516,2
T0005758518,2
T0005758519,1
T0005758521,2
T0005758522,2
T0005758526,2
T0005758527,3
T0005758530,2
T0005758531,3
T0005758535,2
T0005758539,3
T0005758542,2
T0005758544,2
T0005758545,3
T0005758546,2
T0005758547,2
T0005758548,2
T0005758549,3
T0005758550,1
T0005758552,1
T0005758555,3
T0005758556,3
T0005758558,3
T0005758560,2
T0005758561,2
T0005758563,2
T0005758564,3
T0005758565,2
T0005758566,2
T0005758567,3
T0005758568,2
T0005758570,2
T0005758577,1
T0005758587,2
T0005758589,3
T0005758591,2
T0005758595,2
T0005758598,3
T0005758599,1
T0005758601,2
T0005758605,3
T0005758608,2
T0005758616,2
T0005758617,1
T0005758618,2
T0005758620,2
T0005758621,2
T0005758622,3
T0005758627,2
T0005758628,2
T0005758631,2
T0005758634,3
T0005758636,2
T0005758642,1
T0005758643,2
T0005758645,2
T0005758647,2
T0005758650,1
T0005758651,3
T0005758652,1
T0005758656,2
T0005758658,3
T0005758659,2
T0005758662,2
T0005758664,2
T0005758666,1
T0005758667,2
T0005758670,1
T0005758672,2
T0005758673,2
T0005758678,3
T0005758679,2
T0005758683,2
T0005758685,2
T0005758686,1
T0005758689,1
T0005758695,3
T0005758699,2
T0005758701,2
T0005758703,2
T0005758704,3
T0005758707,1
T0005758708,2
T0005758709,3
T0005758711,2
T0005758712,2
T0005758714,2
T0005758715,3
T0005758716,2
T0005758719,2
T0005758722,2
T0005758724,2
T0005758726,2
T0005758728,1
T0005758729,2
T0005758731,2
T0005758739,3
T0005758742,2
T0005758748,2
T0005758749,2
T0005758750,2
T0005758753,2
T0005758755,1
T0005758762,3
T0005758764,2
T0005758765,3
T0005758766,2
T0005758767,2
T0005758769,2
T0005758770,2
T0005758773,1
T0005758780,2
T0005758787,3
T0005758788,3
T0005758789,3
T0005758793,2
T0005758795,3
T0005758796,1
T0005758797,1
T0005758798,2
T0005758799,2
T0005758801,3
T0005758803,2
T0005758804,3
T0005758807,2
T0005758808,2
T0005758809,2
T0005758811,2
T0005758813,1
T0005758814,3
T0005758816,2
T0005758817,3
T0005758820,3
T0005758823,3
T0005758826,3
T0005758827,3
T0005758828,1
T0005758829,2
T0005758831,3
T0005758834,1
T0005758839,2
T0005758842,1
T0005758844,2
T0005758846,3
T0005758849,2
T0005758850,3
T0005758851,2
T0005758856,3
T0005758858,2
T0005758868,3
T0005758869,1
T0005758876,1
T0005758879,2
T0005758881,3
T0005758882,3
T0005758883,2
T0005758884,2
T0005758885,2
T0005758888,3
T0005758897,2
T0005758908,1
T0005758909,3
T0005758910,1
T0005758914,1
T0005758915,2
T0005758919,2
T0005758920,3
T0005758924,3
T0005758928,2
T0005758932,2
T0005758935,2
T0005758936,2
T0005758944,2
T0005758947,2
T0005758959,3
T0005758960,3
T0005758961,1
T0005758962,1
T0005758970,3
T0005758971,2
T0005758973,1
T0005758976,1
T0005758978,2
T0005758986,3
T0005758987,3
T0005758988,2
T0005758993,2
T0005758995,1
T0005758996,3
T0005758999,3
T0005759000,2
T0005759001,2
T0005759003,3
T0005759007,3
T0005759008,1
T0005759009,1
T0005759010,2
T0005759011,2
T0005759013,3
T0005759014,2
T0005759016,3
T0005759020,2
T0005759021,2
T0005759025,1
T0005759026,1
T0005759028,2
T0005759029,2
T0005759033,2
T0005759037,2
T0005759041,2
T0005759042,2
T0005759044,3
T0005759046,2
T0005759047,2
T0005759052,2
T0005759055,2
T0005759056,2
T0005759058,3
T0005759065,1
T0005759066,1
T0005759067,1
T0005759073,2
T0005759079,2
T0005759080,3
T0005759081,1
T0005759082,3
T0005759086,2
T0005759088,2
T0005759092,2
T0005759096,2
T0005759097,3
T0005759098,1
T0005759099,2
T0005759101,3
T0005759107,2
T0005759108,1
T0005759109,3
T0005759111,2
T0005759113,2
T0005759114,1
T0005759115,2
T0005759119,2
T0005759122,2
T0005759123,2
T0005759124,3
T0005759127,3
T0005759128,1
T0005759129,3
T0005759132,2
T0005759134,1
T0005759140,1
T0005759142,1
T0005759145,2
T0005759146,2
T0005759147,2
T0005759149,2
T0005759151,3
T0005759152,2
T0005759153,2
T0005759154,1
T0005759158,2
T0005759159,3
T0005759160,1
T0005759164,1
T0005759166,3
T0005759167,2
T0005759168,1
T0005759169,2
T0005759170,1
T0005759176,3
T0005759177,3
T0005759181,3
T0005759182,2
T0005759189,2
T0005759190,2
T0005759191,2
T0005759193,2
T0005759194,2
T0005759195,2
T0005759198,2
T0005759199,2
T0005759201,1
T0005759202,2
T0005759204,2
T0005759206,2
T0005759207,3
T0005759208,2
T0005759211,1
T0005759214,3
T0005759215,1
T0005759216,2
T0005759222,2
T0005759224,2
T0005759227,1
T0005759228,1
T0005759229,2
T0005759231,2
T0005759234,1
T0005759240,3
T0005759241,2
T0005759242,2
T0005759243,1
T0005759245,2
T0005759247,3
T0005759249,2
T0005759263,1
T0005759264,2
T0005759267,2
T0005759271,2
T0005759274,1
T0005759275,3
T0005759280,1
T0005759281,3
T0005759282,3
T0005759283,2
T0005759290,1
T0005759292,3
T0005759293,2
T0005759297,2
T0005759299,3
T0005759302,2
T0005759305,3
T0005759306,2
T0005759307,3
T0005759308,2
T0005759311,1
T0005759313,2
T0005759315,2
T0005759317,2
T0005759318,2
T0005759324,2
T0005759325,2
T0005759330,2
T0005759331,1
T0005759333,2
T0005759334,2
T0005759335,3
T0005759339,1
T0005759340,3
T0005759341,2
T0005759344,2
T0005759351,2
T0005759360,2
T0005759364,2
T0005759366,3
T0005759367,3
T0005759368,3
T0005759370,2
T0005759374,2
T0005759375,3
T0005759378,2
T0005759379,2
T0005759380,3
T0005759381,2
T0005759384,2
T0005759385,1
T0005759386,3
T0005759388,2
T0005759393,3
T0005759395,3
T0005759399,1
T0005759402,3
T0005759403,1
T0005759404,3
T0005759406,2
T0005759407,1
T0005759409,2
T0005759412,1
T0005759413,2
T0005759415,3
T0005759416,2
T0005759417,2
T0005759420,3
T0005759421,2
T0005759423,2
T0005759426,2
T0005759427,2
T0005759437,2
T0005759438,2
T0005759440,1
T0005759441,2
T0005759443,2
T0005759444,1
T0005759448,2
T0005759449,3
T0005759451,2
T0005759452,3
T0005759454,3
T0005759456,3
T0005759457,2
T0005759460,1
T0005759463,2
T0005759469,2
T0005759470,2
T0005759473,2
T0005759477,3
T0005759480,2
T0005759483,1
T0005759488,3
T0005759489,1
T0005759490,2
T0005759492,2
T0005759493,2
T0005759494,1
T0005759495,3
T0005759499,2
T0005759502,3
T0005759505,2
T0005759507,3
T0005759509,2
T0005759512,3
T0005759513,3
T0005759514,1
T0005759516,2
T0005759517,1
T0005759518,3
T0005759520,2
T0005759525,3
T0005759534,2
T0005759536,3
T0005759538,3
T0005759545,2
T0005759551,1
T0005759558,2
T0005759563,2
T0005759565,2
T0005759567,3
T0005759572,2
T0005759573,2
T0005759576,3
T0005759577,1
T0005759578,3
T0005759579,1
T0005759580,1
T0005759582,3
T0005759585,2
T0005759586,2
T0005759594,1
T0005759596,1
T0005759598,2
T0005759602,1
T0005759603,3
T0005759605,3
T0005759607,2
T0005759609,3
T0005759610,3
T0005759611,3
T0005759612,2
T0005759615,3
T0005759617,2
T0005759619,3
T0005759620,2
T0005759622,2
T0005759625,1
T0005759626,2
T0005759628,2
T0005759633,3
T0005759634,2
T0005759635,2
T0005759637,3
T0005759640,2
T0005759641,2
T0005759642,1
T0005759645,2
T0005759647,2
T0005759648,2
T0005759649,3
T0005759652,2
T0005759653,3
T0005759654,2
T0005759657,2
T0005759664,3
T0005759666,2
T0005759670,3
T0005759676,3
T0005759678,2
T0005759680,2
T0005759683,3
T0005759686,1
T0005759688,2
T0005759689,3
T0005759690,2
T0005759691,3
T0005759692,2
T0005759694,1
T0005759695,2
T0005759696,3
T0005759700,2
T0005759702,2
T0005759706,2
T0005759708,2
T0005759709,3
T0005759710,2
T0005759711,3
T0005759717,1
T0005759720,1
T0005759724,2
T0005759726,2
T0005759733,1
T0005759735,3
T0005759738,2
T0005759739,2
T0005759741,1
T0005759743,2
T0005759744,3
T0005759745,2
T0005759746,1
T0005759755,1
T0005759760,1
T0005759761,3
T0005759764,1
T0005759766,3
T0005759770,1
T0005759774,3
T0005759776,3
T0005759777,2
T0005759779,1
T0005759780,2
T0005759781,2
T0005759784,3
T0005759787,1
T0005759793,1
T0005759797,3
T0005759802,3
T0005759803,3
T0005759804,2
T0005759805,2
T0005759807,3
T0005759808,3
T0005759811,2
T0005759812,2
T0005759815,3
T0005759816,2
T0005759817,2
T0005759819,1
T0005759825,2
T0005759831,2
T0005759833,2
T0005759836,1
T0005759839,3
T0005759840,2
T0005759842,2
T0005759844,3
T0005759845,3
T0005759846,1
T0005759847,1
T0005759849,3
T0005759851,1
T0005759852,1
T0005759853,3
T0005759854,2
T0005759858,2
T0005759861,1
T0005759862,2
T0005759863,1
T0005759864,2
T0005759865,1
T0005759866,2
T0005759869,3
T0005759872,2
T0005759875,1
T0005759876,3
T0005759878,1
T0005759887,1
T0005759891,3
T0005759894,3
T0005759902,2
T0005759907,3
T0005759911,2
T0005759918,2
T0005759929,2
T0005759930,1
T0005759931,1
T0005759934,3
T0005759939,1
T0005759943,2
T0005759948,1
T0005759949,3
T0005759951,2
T0005759963,3
T0005759965,1
T0005759969,2
T0005759972,1
T0005759975,2
T0005759977,1
T0005759979,2
T0005759983,1
T0005759985,3
T0005759987,2
T0005759991,2
T0005759994,2
T0005759995,1
T0005759997,2
T0005759999,2
T0005760001,2
T0005760003,2
T0005760006,3
T0005760007,2
T0005760008,3
T0005760016,2
T0005760017,3
T0005760024,2
T0005760025,2
T0005760026,3
T0005760032,2
T0005760033,2
T0005760041,1
T0005760042,1
T0005760045,2
T0005760047,2
T0005760048,2
T0005760050,2
T0005760052,3
T0005760054,2
T0005760055,2
T0005760056,2
T0005760057,3
T0005760059,2
T0005760060,2
T0005760064,3
T0005760068,3
T0005760070,2
T0005760071,2
T0005760073,1
T0005760078,3
T0005760082,3
T0005760083,2
T0005760086,3
T0005760087,1
T0005760088,2
T0005760092,2
T0005760110,1
T0005760111,3
T0005760113,1
T0005760117,2
T0005760119,1
T0005760121,2
T0005760122,1
T0005760128,2
T0005760130,2
T0005760134,2
T0005760136,2
T0005760140,3
T0005760142,2
T0005760145,3
T0005760146,3
T0005760161,2
T0005760163,3
T0005760172,1
T0005760173,2
T0005760177,3
T0005760178,2
T0005760182,3
T0005760186,3
T0005760187,2
T0005760192,2
T0005760195,2
T0005760202,2
T0005760203,1
T0005760204,1
T0005760205,2
T0005760206,3
T0005760214,2
T0005760215,3
T0005760218,2
T0005760219,3
T0005760222,2
T0005760223,2
T0005760226,2
T0005760227,2
T0005760232,2
T0005760234,3
T0005760235,1
T0005760236,2
T0005760239,2
T0005760241,3
T0005760246,2
T0005760250,1
T0005760251,3
T0005760252,2
T0005760255,2
T0005760256,2
T0005760259,3
T0005760260,3
T0005760261,2
T0005760262,2
T0005760273,3
T0005760277,3
T0005760280,1
T0005760283,1
T0005760286,2
T0005760288,2
T0005760291,2
T0005760296,2
T0005760297,3
T0005760299,2
T0005760300,3
T0005760301,2
T0005760302,2
T0005760305,3
T0005760307,1
T0005760308,2
T0005760310,2
T0005760311,3
T0005760314,2
T0005760318,2
T0005760321,1
T0005760323,2
T0005760324,2
T0005760326,3
T0005760331,2
T0005760334,2
T0005760335,1
T0005760337,1
T0005760338,1
T0005760339,3
T0005760340,3
T0005760342,2
T0005760353,1
T0005760354,3
T0005760356,2
T0005760359,1
T0005760363,3
T0005760365,3
T0005760368,2
T0005760370,2
T0005760371,3
T0005760372,3
T0005760382,2
T0005760389,3
T0005760391,2
T0005760392,3
T0005760394,3
T0005760395,2
T0005760398,2
T0005760400,2
T0005760401,3
T0005760402,2
T0005760405,2
T0005760406,3
T0005760407,2
T0005760410,2
T0005760417,3
T0005760418,2
T0005760419,2
T0005760422,2
T0005760426,2
T0005760441,2
T0005760442,2
T0005760443,2
T0005760447,2
T0005760448,3
T0005760449,2
T0005760456,2
T0005760457,2
T0005760460,2
T0005760462,2
T0005760463,2
T0005760464,2
T0005760465,3
T0005760466,2
T0005760467,2
T0005760474,2
T0005760476,3
T0005760478,3
T0005760479,2
T0005760480,1
T0005760482,2
T0005760483,3
T0005760484,3
T0005760485,1
T0005760487,2
T0005760488,2
T0005760493,3
T0005760497,1
T0005760499,2
T0005760501,3
T0005760502,2
T0005760503,2
T0005760508,2
T0005760509,2
T0005760512,2
T0005760513,1
T0005760514,1
T0005760517,3
T0005760521,2
T0005760522,3
T0005760527,2
T0005760530,3
T0005760531,1
T0005760535,1
T0005760539,2
T0005760541,2
T0005760542,3
T0005760543,1
T0005760544,3
T0005760545,2
T0005760546,3
T0005760547,2
T0005760548,1
T0005760549,1
T0005760550,2
T0005760553,2
T0005760556,1
T0005760557,2
T0005760558,2
T0005760559,1
T0005760560,2
T0005760561,2
T0005760562,2
T0005760563,3
T0005760566,1
T0005760567,2
T0005760568,2
T0005760571,2
T0005760572,2
T0005760573,3
T0005760574,2
T0005760575,2
T0005760576,1
T0005760577,1
T0005760579,2
T0005760580,3
T0005760581,2
T0005760585,2
T0005760589,1
T0005760594,3
T0005760596,3
T0005760602,1
T0005760603,2
T0005760604,3
T0005760606,1
T0005760612,2
T0005760619,1
T0005760620,1
T0005760621,3
T0005760622,1
T0005760623,3
T0005760626,1
T0005760628,3
T0005760630,2
T0005760631,2
T0005760632,1
T0005760633,2
T0005760634,3
T0005760635,2
T0005760637,2
T0005760641,2
T0005760643,2
T0005760644,2
T0005760647,1
T0005760649,2
T0005760650,2
T0005760652,2
T0005760653,2
T0005760654,3
T0005760656,2
T0005760660,2
T0005760661,2
T0005760665,3
T0005760667,1
T0005760672,3
T0005760675,2
T0005760676,2
T0005760677,3
T0005760680,1
T0005760682,2
T0005760685,2
T0005760686,2
T0005760688,3
T0005760689,2
T0005760691,2
T0005760692,2
T0005760693,3
T0005760694,3
T0005760698,1
T0005760699,3
T0005760701,2
T0005760705,1
T0005760706,2
T0005760708,2
T0005760709,2
T0005760711,1
T0005760712,2
T0005760714,2
T0005760719,2
T0005760722,2
T0005760724,3
T0005760725,3
T0005760728,3
T0005760733,2
T0005760736,3
T0005760737,3
T0005760739,1
T0005760740,2
T0005760742,3
T0005760744,2
T0005760745,2
T0005760747,3
T0005760748,3
T0005760750,3
T0005760752,2
T0005760754,3
T0005760756,2
T0005760757,2
T0005760758,1
T0005760760,3
T0005760761,2
T0005760767,2
T0005760769,3
T0005760773,1
T0005760774,1
T0005760775,3
T0005760776,2
T0005760779,2
T0005760782,3
T0005760783,3
T0005760793,2
T0005760798,3
T0005760799,3
T0005760800,2
T0005760802,2
T0005760806,3
T0005760809,1
T0005760810,2
T0005760811,3
T0005760819,1
T0005760822,2
T0005760823,2
T0005760824,3
T0005760825,3
T0005760826,2
T0005760828,2
T0005760830,2
T0005760833,3
T0005760834,3
T0005760842,2
T0005760844,3
T0005760845,2
T0005760846,2
T0005760847,2
T0005760848,3
T0005760850,3
T0005760857,2
T0005760865,1
T0005760870,2
T0005760871,1
T0005760875,1
T0005760879,3
T0005760881,2
T0005760884,2
T0005760885,2
T0005760886,1
T0005760887,1
T0005760889,1
T0005760892,2
T0005760896,3
T0005760897,1
T0005760899,3
T0005760900,1
T0005760901,2
T0005760903,2
T0005760904,1
T0005760907,2
T0005760910,3
T0005760915,2
T0005760916,1
T0005760917,1
T0005760920,2
T0005760926,3
T0005760927,1
T0005760929,2
T0005760933,2
T0005760936,1
T0005760937,3
T0005760938,3
T0005760939,3
T0005760940,1
T0005760941,3
T0005760944,2
T0005760945,3
T0005760946,2
T0005760947,3
T0005760948,2
T0005760950,2
T0005760951,3
T0005760953,2
T0005760955,3
T0005760959,3
T0005760960,2
T0005760961,3
T0005760970,2
T0005760971,2
T0005760972,2
T0005760974,1
T0005760979,3
T0005760981,1
T0005760982,2
T0005760988,2
T0005760989,1
T0005760993,1
T0005760997,2
T0005760998,3
T0005761000,2
T0005761003,3
T0005761005,1
T0005761012,2
T0005761016,1
T0005761019,1
T0005761021,2
T0005761023,2
T0005761026,3
T0005761032,1
T0005761043,2
T0005761044,2
T0005761046,2
T0005761047,2
T0005761050,3
T0005761052,1
T0005761053,2
T0005761056,1
T0005761058,2
T0005761061,3
T0005761063,2
T0005761064,2
T0005761072,2
T0005761073,3
T0005761078,3
T0005761080,3
T0005761084,2
T0005761088,3
T0005761090,2
T0005761091,1
T0005761092,2
T0005761093,2
T0005761094,2
T0005761097,3
T0005761098,3
T0005761099,3
T0005761103,3
T0005761104,2
T0005761106,1
T0005761108,2
T0005761109,1
T0005761112,3
T0005761114,2
T0005761116,2
T0005761117,1
T0005761118,3
T0005761119,2
T0005761121,2
T0005761127,1
T0005761128,3
T0005761132,3
T0005761136,2
T0005761137,2
T0005761138,2
T0005761140,2
T0005761144,2
T0005761153,2
T0005761155,2
T0005761159,3
T0005761161,2
T0005761164,1
T0005761165,1
T0005761166,3
T0005761169,1
T0005761171,2
T0005761172,3
T0005761173,2
T0005761175,2
T0005761177,3
T0005761180,2
T0005761181,2
T0005761189,3
T0005761193,1
T0005761195,1
T0005761197,2
T0005761198,2
T0005761200,2
T0005761201,2
T0005761203,2
T0005761207,3
T0005761211,2
T0005761212,2
T0005761213,2
T0005761216,3
T0005761220,2
T0005761227,2
T0005761228,3
T0005761229,2
T0005761232,2
T0005761234,2
T0005761249,2
T0005761253,3
T0005761254,3
T0005761255,3
T0005761259,2
T0005761261,3
T0005761268,3
T0005761269,3
T0005761270,2
T0005761271,2
T0005761273,2
T0005761275,2
T0005761277,1
T0005761281,2
T0005761284,2
T0005761285,3
T0005761286,3
T0005761287,2
T0005761290,2
T0005761292,2
T0005761293,3
T0005761294,1
T0005761301,2
T0005761303,1
T0005761304,1
T0005761308,2
T0005761309,2
T0005761310,3
T0005761312,2
T0005761320,3
T0005761321,3
T0005761322,3
T0005761323,3
T0005761326,2
T0005761329,1
T0005761332,3
T0005761333,2
T0005761334,1
T0005761335,2
T0005761336,2
T0005761337,3
T0005761338,2
T0005761340,3
T0005761341,2
T0005761342,3
T0005761346,2
T0005761351,2
T0005761352,2
T0005761354,2
T0005761356,1
T0005761357,3
T0005761360,3
T0005761365,1
T0005761370,2
T0005761371,2
T0005761377,1
T0005761381,3
T0005761388,2
T0005761390,2
T0005761392,1
T0005761394,2
T0005761395,3
T0005761403,2
T0005761404,2
T0005761405,1
T0005761408,3
T0005761409,3
T0005761410,3
T0005761412,2
T0005761415,3
T0005761417,3
T0005761419,1
T0005761425,2
T0005761429,1
T0005761432,1
T0005761436,1
T0005761439,1
T0005761442,3
T0005761443,2
T0005761445,1
T0005761450,2
T0005761451,2
T0005761452,2
T0005761453,2
T0005761454,1
T0005761455,2
T0005761457,3
T0005761459,2
T0005761462,3
T0005761463,3
T0005761464,3
T0005761465,3
T0005761466,3
T0005761472,1
T0005761476,2
T0005761478,3
T0005761481,1
T0005761484,3
T0005761485,1
T0005761487,3
T0005761490,2
T0005761491,2
T0005761495,2
T0005761498,1
T0005761500,3
T0005761504,2
T0005761505,2
T0005761506,2
T0005761507,3
T0005761513,2
T0005761517,3
T0005761519,3
T0005761520,3
T0005761522,2
T0005761523,3
T0005761526,2
T0005761527,2
T0005761528,2
T0005761530,3
T0005761533,1
T0005761537,3
T0005761538,2
T0005761540,1
T0005761543,3
T0005761544,2
T0005761545,2
T0005761546,3
T0005761549,3
T0005761550,3
T0005761551,2
T0005761553,2
T0005761558,2
T0005761559,1
T0005761560,3
T0005761563,2
T0005761564,1
T0005761569,2
T0005761570,2
T0005761571,3
T0005761573,1
T0005761575,2
T0005761577,3
T0005761579,3
T0005761580,3
T0005761582,1
T0005761583,3
T0005761587,2
T0005761592,3
T0005761594,2
T0005761595,2
T0005761596,1
T0005761600,2
T0005761609,3
T0005761610,2
T0005761611,2
T0005761615,1
T0005761616,2
T0005761619,2
T0005761620,2
T0005761622,2
T0005761624,2
T0005761626,3
T0005761627,3
T0005761628,2
T0005761629,2
T0005761634,3
T0005761637,2
T0005761638,2
T0005761639,1
T0005761640,3
T0005761641,1
T0005761642,3
T0005761646,3
T0005761647,2
T0005761652,2
T0005761657,2
T0005761659,2
T0005761660,1
T0005761662,2
T0005761664,2
T0005761668,3
T0005761669,2
T0005761674,2
T0005761676,1
T0005761678,2
T0005761680,2
T0005761681,1
T0005761686,2
T0005761688,3
T0005761694,2
T0005761697,3
T0005761698,2
T0005761700,3
T0005761705,3
T0005761706,2
T0005761718,2
T0005761720,2
T0005761723,2
T0005761731,2
T0005761732,1
T0005761734,2
T0005761736,2
T0005761737,3
T0005761739,3
T0005761747,2
T0005761749,2
T0005761750,2
T0005761751,2
T0005761755,3
T0005761759,3
T0005761760,2
T0005761764,3
T0005761768,3
T0005761774,1
T0005761776,1
T0005761777,1
T0005761780,3
T0005761785,3
T0005761786,1
T0005761788,1
T0005761792,2
T0005761797,1
T0005761798,3
T0005761799,3
T0005761800,2
T0005761803,3
T0005761806,2
T0005761807,3
T0005761808,1
T0005761809,3
T0005761812,3
T0005761817,2
T0005761818,3
T0005761823,2
T0005761825,2
T0005761830,3
T0005761831,1
T0005761833,3
T0005761835,1
T0005761836,1
T0005761838,3
T0005761840,3
T0005761845,1
T0005761849,2
T0005761850,1
T0005761851,2
T0005761853,2
T0005761858,3
T0005761861,3
T0005761863,2
T0005761866,2
T0005761871,2
T0005761877,3
T0005761879,3
T0005761880,1
T0005761881,3
T0005761883,2
T0005761885,3
T0005761886,2
T0005761888,2
T0005761891,3
T0005761892,3
T0005761894,2
T0005761895,2
T0005761899,3
T0005761901,2
T0005761902,1
T0005761905,2
T0005761907,2
T0005761913,1
T0005761916,2
T0005761917,2
T0005761920,3
T0005761921,2
T0005761922,3
T0005761924,3
T0005761925,2
T0005761926,3
T0005761927,1
T0005761931,2
T0005761936,1
T0005761944,1
T0005761946,1
T0005761947,3
T0005761948,2
T0005761950,2
T0005761952,2
T0005761956,3
T0005761963,2
T0005761971,2
T0005761972,2
T0005761973,2
T0005761976,1
T0005761977,3
T0005761978,2
T0005761979,2
T0005761981,2
T0005761984,2
T0005761987,3
T0005761990,2
T0005761991,2
T0005761992,2
T0005761994,1
T0005761998,3
T0005761999,1
T0005762001,2
T0005762004,2
T0005762006,1
T0005762008,2
T0005762018,3
T0005762026,2
T0005762029,2
T0005762030,2
T0005762032,2
T0005762033,2
T0005762036,3
T0005762037,3
T0005762038,3
T0005762039,1
T0005762040,3
T0005762043,3
T0005762050,2
T0005762051,2
T0005762052,2
T0005762053,3
T0005762056,2
T0005762058,1
T0005762059,1
T0005762063,2
T0005762066,2
T0005762067,3
T0005762069,2
T0005762071,1
T0005762073,2
T0005762074,2
T0005762078,2
T0005762079,2
T0005762082,2
T0005762084,1
T0005762086,1
T0005762088,3
T0005762092,3
T0005762093,3
T0005762095,1
T0005762102,2
T0005762108,1
T0005762111,1
T0005762112,2
T0005762115,1
T0005762119,1
T0005762121,3
T0005762122,1
T0005762124,3
T0005762125,3
T0005762134,1
T0005762139,2
T0005762143,2
T0005762145,2
T0005762147,2
T0005762149,3
T0005762151,2
T0005762152,2
T0005762156,2
T0005762157,2
T0005762158,1
T0005762159,2
T0005762163,1
T0005762164,1
T0005762169,1
T0005762170,2
T0005762176,2
T0005762179,1
T0005762180,3
T0005762182,3
T0005762185,2
T0005762186,3
T0005762187,2
T0005762190,2
T0005762191,1
T0005762194,1
T0005762200,2
T0005762205,3
T0005762209,1
T0005762216,2
T0005762217,3
T0005762218,3
T0005762219,2
T0005762225,2
T0005762227,2
T0005762229,2
T0005762230,1
T0005762232,1
T0005762235,2
T0005762237,3
T0005762239,2
T0005762241,2
T0005762243,3
T0005762246,1
T0005762247,3
T0005762248,2
T0005762251,2
T0005762252,3
T0005762253,2
T0005762256,3
T0005762259,2
T0005762263,1
T0005762267,2
T0005762268,2
T0005762272,3
T0005762273,2
T0005762274,2
T0005762275,3
T0005762276,2
T0005762277,2
T0005762278,2
T0005762283,2
T0005762290,2
T0005762291,3
T0005762294,2
T0005762295,2
T0005762296,3
T0005762297,2
T0005762303,2
T0005762305,2
T0005762309,2
T0005762311,3
T0005762317,3
T0005762321,3
T0005762322,3
T0005762325,2
T0005762329,2
T0005762330,2
T0005762331,2
T0005762332,1
T0005762333,3
T0005762334,2
T0005762335,3
T0005762338,3
T0005762339,2
T0005762345,2
T0005762349,3
T0005762351,1
T0005762353,1
T0005762355,2
T0005762356,2
T0005762358,1
T0005762359,2
T0005762361,2
T0005762362,3
T0005762369,1
T0005762372,1
T0005762376,2
T0005762377,2
T0005762379,3
T0005762380,3
T0005762381,2
T0005762383,2
T0005762386,3
T0005762387,3
T0005762388,2
T0005762392,2
T0005762395,1
T0005762398,3
T0005762399,2
T0005762400,2
T0005762404,2
T0005762405,3
T0005762408,2
T0005762413,1
T0005762416,3
T0005762424,2
T0005762429,3
T0005762430,2
T0005762432,2
T0005762436,2
T0005762442,3
T0005762445,3
T0005762446,2
T0005762447,1
T0005762449,1
T0005762451,2
T0005762454,2
T0005762456,2
T0005762460,3
T0005762466,2
T0005762467,3
T0005762470,3
T0005762473,1
T0005762475,2
T0005762476,3
T0005762477,2
T0005762478,1
T0005762481,2
T0005762483,2
T0005762487,2
T0005762488,2
T0005762493,3
T0005762494,3
T0005762495,2
T0005762500,3
T0005762502,2
T0005762507,2
T0005762510,2
T0005762513,1
T0005762515,2
T0005762518,2
T0005762519,3
T0005762523,2
T0005762524,2
T0005762525,2
T0005762526,2
T0005762527,2
T0005762528,2
T0005762529,2
T0005762532,2
T0005762533,1
T0005762535,1
T0005762541,1
T0005762542,2
T0005762544,3
T0005762546,2
T0005762548,3
T0005762549,2
T0005762551,3
T0005762552,2
T0005762555,3
T0005762556,1
T0005762557,3
T0005762561,3
T0005762566,3
T0005762567,3
T0005762576,3
T0005762580,2
T0005762582,2
T0005762585,3
T0005762588,1
T0005762589,1
T0005762595,2
T0005762597,2
T0005762599,3
T0005762601,2
T0005762602,2
T0005762606,2
T0005762610,1
T0005762618,2
T0005762619,2
T0005762620,1
T0005762622,3
T0005762623,2
T0005762626,2
T0005762627,2
T0005762629,3
T0005762630,3
T0005762632,3
T0005762637,3
T0005762639,3
T0005762640,1
T0005762649,2
T0005762650,3
T0005762651,2
T0005762655,2
T0005762657,2
T0005762658,3
T0005762659,1
T0005762660,2
T0005762661,2
T0005762665,2
T0005762669,1
T0005762670,2
T0005762675,2
T0005762679,2
T0005762680,2
T0005762681,2
T0005762684,3
T0005762686,2
T0005762691,3
T0005762692,3
T0005762694,3
T0005762695,2
T0005762698,3
T0005762702,1
T0005762703,3
T0005762704,2
T0005762705,1
T0005762717,3
T0005762719,1
T0005762722,3
T0005762724,2
T0005762726,2
T0005762727,1
T0005762729,2
T0005762732,2
T0005762735,3
T0005762736,3
T0005762737,2
T0005762740,3
T0005762742,2
T0005762746,3
T0005762747,2
T0005762748,2
T0005762752,2
T0005762753,2
T0005762761,1
T0005762765,1
T0005762767,2
T0005762768,3
T0005762771,3
T0005762775,2
T0005762778,2
T0005762782,2
T0005762784,2
T0005762787,2
T0005762789,3
T0005762793,1
T0005762795,2
T0005762796,2
T0005762804,3
T0005762806,3
T0005762807,1
T0005762810,2
T0005762816,3
T0005762818,1
T0005762824,1
T0005762828,2
T0005762829,2
T0005762831,2
T0005762832,2
T0005762833,2
T0005762837,2
T0005762838,3
T0005762841,1
T0005762842,2
T0005762845,3
T0005762848,2
T0005762853,2
T0005762855,2
T0005762856,1
T0005762859,3
T0005762860,2
T0005762863,1
T0005762868,2
T0005762871,2
T0005762872,2
T0005762873,1
T0005762875,3
T0005762880,2
T0005762881,2
T0005762886,2
T0005762888,3
T0005762890,1
T0005762891,2
T0005762892,1
T0005762898,2
T0005762901,2
T0005762904,1
T0005762905,2
T0005762913,3
T0005762917,3
T0005762926,3
T0005762927,3
T0005762929,1
T0005762936,2
T0005762938,2
T0005762939,1
T0005762941,3
T0005762944,3
T0005762946,1
T0005762947,3
T0005762948,1
T0005762953,3
T0005762956,2
T0005762957,3
T0005762960,1
T0005762961,2
T0005762963,1
T0005762965,3
T0005762966,2
T0005762969,2
T0005762972,3
T0005762973,3
T0005762977,1
T0005762982,1
T0005762983,1
T0005762984,3
T0005762987,2
T0005762993,2
T0005762996,1
T0005762997,2
T0005762999,3
T0005763005,3
T0005763006,1
T0005763009,2
T0005763010,3
T0005763011,2
T0005763012,3
T0005763014,1
T0005763016,3
T0005763017,2
T0005763018,3
T0005763020,2
T0005763021,3
T0005763022,2
T0005763024,1
T0005763026,3
T0005763028,2
T0005763031,1
T0005763032,2
T0005763033,1
T0005763034,2
T0005763035,3
T0005763036,3
T0005763038,2
T0005763041,3
T0005763043,1
T0005763044,1
T0005763045,2
T0005763046,3
T0005763047,3
T0005763053,2
T0005763054,2
T0005763055,2
T0005763056,2
T0005763058,2
T0005763060,2
T0005763063,2
T0005763069,2
T0005763070,2
T0005763072,3
T0005763073,3
T0005763077,1
T0005763078,1
T0005763079,3
T0005763080,2
T0005763081,2
T0005763083,1
T0005763084,3
T0005763087,2
T0005763093,3
T0005763094,2
T0005763098,3
T0005763103,1
T0005763105,2
T0005763106,2
T0005763107,3
T0005763108,3
T0005763109,3
T0005763111,1
T0005763115,2
T0005763117,3
T0005763120,3
T0005763123,2
T0005763126,2
T0005763127,3
T0005763129,2
T0005763132,2
T0005763134,3
T0005763136,2
T0005763137,2
T0005763139,2
T0005763140,1
T0005763141,3
T0005763144,3
T0005763149,1
T0005763150,2
T0005763151,2
T0005763156,1
T0005763157,3
T0005763160,2
T0005763162,1
T0005763168,2
T0005763169,3
T0005763170,2
T0005763171,1
T0005763172,1
T0005763176,2
T0005763179,1
T0005763180,3
T0005763185,3
T0005763188,3
T0005763189,2
T0005763190,2
T0005763193,3
T0005763196,3
T0005763201,2
T0005763205,2
T0005763206,2
T0005763208,1
T0005763210,2
T0005763213,1
T0005763216,1
T0005763220,3
T0005763226,2
T0005763230,1
T0005763237,2
T0005763238,3
T0005763240,2
T0005763242,2
T0005763245,2
T0005763248,2
T0005763250,3
T0005763251,1
T0005763253,2
T0005763255,3
T0005763257,1
T0005763261,2
T0005763262,2
T0005763267,2
T0005763269,2
T0005763270,2
T0005763273,1
T0005763276,2
T0005763277,1
T0005763279,1
T0005763284,2
T0005763285,2
T0005763286,3
T0005763287,3
T0005763290,1
T0005763291,2
T0005763293,2
T0005763294,3
T0005763296,2
T0005763302,3
T0005763304,3
T0005763308,1
T0005763310,2
T0005763315,2
T0005763317,1
T0005763319,2
T0005763324,3
T0005763327,1
T0005763330,2
T0005763331,1
T0005763332,2
T0005763334,2
T0005763336,3
T0005763338,2
T0005763339,2
T0005763340,1
T0005763343,2
T0005763344,3
T0005763346,1
T0005763348,2
T0005763349,2
T0005763353,2
T0005763355,2
T0005763357,3
T0005763359,2
T0005763362,2
T0005763363,1
T0005763366,2
T0005763370,3
T0005763372,2
T0005763375,1
T0005763376,1
T0005763380,2
T0005763382,1
T0005763383,3
T0005763384,3
T0005763387,1
T0005763392,2
T0005763397,2
T0005763399,2
T0005763400,3
T0005763407,1
T0005763408,2
T0005763410,3
T0005763413,2
T0005763414,3
T0005763416,2
T0005763418,2
T0005763420,3
T0005763421,2
T0005763425,3
T0005763429,1
T0005763431,2
T0005763432,3
T0005763435,3
T0005763436,2
T0005763438,2
T0005763440,3
T0005763447,2
T0005763450,3
T0005763454,2
T0005763455,1
T0005763456,2
T0005763459,2
T0005763461,2
T0005763462,2
T0005763463,3
T0005763465,2
T0005763471,1
T0005763472,1
T0005763476,1
T0005763479,2
T0005763485,2
T0005763486,2
T0005763490,2
T0005763492,2
T0005763495,2
T0005763496,2
T0005763497,2
T0005763500,2
T0005763501,1
T0005763502,2
T0005763503,3
T0005763504,3
T0005763508,1
T0005763509,3
T0005763511,2
T0005763514,1
T0005763517,2
T0005763519,2
T0005763520,2
T0005763524,2
T0005763527,3
T0005763530,2
T0005763531,1
T0005763533,2
T0005763534,2
T0005763535,2
T0005763539,2
T0005763541,3
T0005763542,1
T0005763543,3
T0005763545,3
T0005763548,2
T0005763554,2
T0005763555,3
T0005763561,1
T0005763565,3
T0005763570,3
T0005763571,2
T0005763574,3
T0005763576,3
T0005763577,3
T0005763580,3
T0005763581,3
T0005763584,3
T0005763585,3
T0005763586,1
T0005763588,2
T0005763590,2
T0005763593,2
T0005763596,2
T0005763599,3
T0005763603,1
T0005763606,3
T0005763615,3
T0005763618,2
T0005763620,2
T0005763622,3
T0005763624,2
T0005763627,3
T0005763632,2
T0005763633,2
T0005763635,1
T0005763637,3
T0005763638,2
T0005763639,3
T0005763644,1
T0005763647,1
T0005763649,2
T0005763654,1
T0005763656,1
T0005763659,3
T0005763661,2
T0005763664,2
T0005763665,1
T0005763666,3
T0005763675,2
T0005763676,2
T0005763685,3
T0005763688,3
T0005763690,2
T0005763694,3
T0005763697,1
T0005763700,2
T0005763703,2
T0005763704,1
T0005763705,1
T0005763707,2
T0005763710,2
T0005763712,2
T0005763715,2
T0005763716,2
T0005763717,1
T0005763722,2
T0005763723,1
T0005763733,2
T0005763738,2
T0005763744,1
T0005763747,2
T0005763748,2
T0005763750,2
T0005763752,3
T0005763753,2
T0005763755,3
T0005763756,2
T0005763758,3
T0005763760,1
T0005763765,2
T0005763766,1
T0005763768,2
T0005763770,3
T0005763772,3
T0005763775,3
T0005763777,3
T0005763778,3
T0005763779,3
T0005763780,3
T0005763782,2
T0005763787,3
T0005763790,3
T0005763794,2
T0005763795,1
T0005763799,3
T0005763800,3
T0005763802,1
T0005763803,1
T0005763804,3
T0005763808,3
T0005763815,3
T0005763823,2
T0005763824,3
T0005763825,3
T0005763826,2
T0005763827,1
T0005763828,1
T0005763832,1
T0005763835,2
T0005763836,2
T0005763837,2
T0005763843,3
T0005763851,3
T0005763853,2
T0005763857,2
T0005763858,3
T0005763859,2
T0005763861,2
T0005763863,2
T0005763864,3
T0005763865,2
T0005763868,1
T0005763870,2
T0005763873,2
T0005763874,3
T0005763879,1
T0005763881,2
T0005763882,2
T0005763883,2
T0005763886,3
T0005763894,1
T0005763896,2
T0005763901,1
T0005763902,1
T0005763903,1
T0005763904,2
T0005763905,2
T0005763906,3
T0005763912,2
T0005763914,2
T0005763916,2
T0005763918,2
T0005763920,2
T0005763929,1
T0005763930,2
T0005763931,2
T0005763933,1
T0005763939,2
T0005763940,2
T0005763941,2
T0005763943,3
T0005763945,2
T0005763946,3
T0005763948,1
T0005763952,1
T0005763954,3
T0005763958,1
T0005763961,2
T0005763965,1
T0005763967,2
T0005763968,1
T0005763973,1
T0005763974,3
T0005763983,3
T0005763984,2
T0005763990,2
T0005763993,3
T0005763996,2
T0005763998,1
T0005764001,3
T0005764004,2
T0005764007,2
T0005764012,2
T0005764013,1
T0005764014,2
T0005764017,1
T0005764021,2
T0005764025,1
T0005764027,3
T0005764028,3
T0005764031,2
T0005764035,2
T0005764037,1
T0005764038,2
T0005764044,2
T0005764046,3
T0005764048,3
T0005764049,2
T0005764050,2
T0005764051,2
T0005764052,2
T0005764056,2
T0005764058,2
T0005764062,2
T0005764068,2
T0005764070,2
T0005764072,2
T0005764073,2
T0005764074,1
T0005764076,2
T0005764077,3
T0005764078,2
T0005764079,3
T0005764081,3
T0005764088,3
T0005764089,1
T0005764096,2
T0005764097,3
T0005764100,3
T0005764102,1
T0005764103,3
T0005764108,2
T0005764112,3
T0005764114,1
T0005764120,1
T0005764124,2
T0005764125,2
T0005764127,3
T0005764130,2
T0005764135,2
T0005764138,2
T0005764147,1
T0005764151,3
T0005764154,2
T0005764157,3
T0005764158,1
T0005764159,1
T0005764160,2
T0005764161,3
T0005764171,1
T0005764174,2
T0005764176,1
T0005764180,3
T0005764190,3
T0005764192,3
T0005764193,2
T0005764194,2
T0005764195,2
T0005764199,2
T0005764202,1
T0005764203,3
T0005764204,2
T0005764206,2
T0005764207,3
T0005764208,1
T0005764217,3
T0005764218,3
T0005764219,2
T0005764221,2
T0005764222,3
T0005764223,3
T0005764227,1
T0005764228,2
T0005764231,3
T0005764237,2
T0005764238,1
T0005764240,1
T0005764245,3
T0005764246,1
T0005764250,1
T0005764253,3
T0005764254,3
T0005764255,2
T0005764256,3
T0005764258,3
T0005764261,2
T0005764264,3
T0005764268,1
T0005764270,2
T0005764273,2
T0005764276,3
T0005764277,1
T0005764278,3
T0005764281,2
T0005764288,3
T0005764292,1
T0005764296,2
T0005764297,1
T0005764304,3
T0005764306,2
T0005764308,2
T0005764310,2
T0005764313,2
T0005764316,2
T0005764319,2
T0005764320,3
T0005764323,2
T0005764325,3
T0005764327,2
T0005764329,2
T0005764330,2
T0005764332,2
T0005764333,1
T0005764336,2
T0005764338,2
T0005764342,2
T0005764343,2
T0005764348,3
T0005764349,1
T0005764350,1
T0005764351,2
T0005764354,2
T0005764355,3
T0005764358,2
T0005764363,3
T0005764366,3
T0005764369,1
T0005764371,3
T0005764373,2
T0005764376,1
T0005764377,1
T0005764378,2
T0005764379,2
T0005764381,2
T0005764383,1
T0005764389,1
T0005764395,2
T0005764396,1
T0005764397,3
T0005764400,3
T0005764401,2
T0005764404,1
T0005764410,2
T0005764414,3
T0005764415,3
T0005764416,2
T0005764421,3
T0005764422,3
T0005764423,2
T0005764424,1
T0005764429,3
T0005764434,2
T0005764436,1
T0005764437,2
T0005764439,1
T0005764441,2
T0005764444,3
T0005764445,3
T0005764451,3
T0005764452,3
T0005764454,2
T0005764456,2
T0005764457,2
T0005764459,2
T0005764463,2
T0005764464,3
T0005764465,3
T0005764466,2
T0005764468,3
T0005764469,1
T0005764477,2
T0005764478,1
T0005764482,2
T0005764483,2
T0005764484,2
T0005764488,2
T0005764492,2
T0005764493,1
T0005764499,2
T0005764501,2
T0005764503,2
T0005764504,2
T0005764505,2
T0005764506,3
T0005764507,2
T0005764508,2
T0005764511,2
T0005764515,1
T0005764517,2
T0005764521,2
T0005764523,3
T0005764524,3
T0005764526,1
T0005764527,3
T0005764530,2
T0005764533,2
T0005764542,3
T0005764543,3
T0005764547,3
T0005764549,2
T0005764550,3
T0005764551,3
T0005764554,1
T0005764558,2
T0005764562,1
T0005764566,1
T0005764570,2
T0005764572,2
T0005764575,3
T0005764576,2
T0005764577,2
T0005764578,2
T0005764581,3
T0005764582,3
T0005764584,3
T0005764585,3
T0005764587,2
T0005764590,3
T0005764591,3
T0005764592,2
T0005764594,1
T0005764595,3
T0005764596,3
T0005764597,3
T0005764600,3
T0005764612,2
T0005764613,1
T0005764614,3
T0005764616,3
T0005764617,2
T0005764619,3
T0005764624,2
T0005764625,2
T0005764627,3
T0005764629,3
T0005764632,3
T0005764633,2
T0005764636,2
T0005764640,2
T0005764643,2
T0005764647,1
T0005764649,2
T0005764650,2
T0005764651,2
T0005764653,2
T0005764654,1
T0005764655,1
T0005764668,3
T0005764672,2
T0005764673,3
T0005764674,2
T0005764676,1
T0005764678,3
T0005764681,2
T0005764682,3
T0005764683,3
T0005764684,3
T0005764685,2
T0005764687,1
T0005764690,3
T0005764692,1
T0005764694,3
T0005764696,1
T0005764698,3
T0005764699,2
T0005764700,2
T0005764706,2
T0005764707,1
T0005764717,1
T0005764718,1
T0005764721,2
T0005764723,2
T0005764725,2
T0005764728,3
T0005764731,1
T0005764732,2
T0005764737,2
T0005764738,3
T0005764743,2
T0005764745,2
T0005764747,3
T0005764752,2
T0005764754,3
T0005764755,2
T0005764756,2
T0005764757,2
T0005764760,2
T0005764764,1
T0005764766,2
T0005764770,2
T0005764771,1
T0005764772,3
T0005764773,3
T0005764775,2
T0005764784,3
T0005764785,2
T0005764787,2
T0005764789,1
T0005764791,2
T0005764793,1
T0005764794,2
T0005764799,2
T0005764806,2
T0005764809,3
T0005764810,3
T0005764816,1
T0005764817,1
T0005764821,3
T0005764824,2
T0005764825,2
T0005764827,1
T0005764828,1
T0005764829,3
T0005764831,3
T0005764833,2
T0005764835,3
T0005764837,1
T0005764839,3
T0005764841,2
T0005764845,3
T0005764846,3
T0005764848,3
T0005764850,2
T0005764852,2
T0005764856,2
T0005764861,2
T0005764864,3
T0005764865,1
T0005764866,3
T0005764867,3
T0005764877,2
T0005764878,2
T0005764881,2
T0005764884,2
T0005764885,2
T0005764887,1
T0005764889,3
T0005764892,2
T0005764894,2
T0005764895,2
T0005764896,2
T0005764900,3
T0005764903,2
T0005764907,3
T0005764908,3
T0005764909,2
T0005764910,3
T0005764911,2
T0005764912,1
T0005764913,1
T0005764917,2
T0005764919,2
T0005764920,1
T0005764925,2
T0005764926,2
T0005764927,2
T0005764929,3
T0005764931,2
T0005764933,2
T0005764934,1
T0005764936,3
T0005764938,3
T0005764940,1
T0005764942,3
T0005764945,3
T0005764948,2
T0005764949,2
T0005764956,2
T0005764961,2
T0005764962,3
T0005764971,3
T0005764973,3
T0005764974,3
T0005764975,1
T0005764976,3
T0005764977,3
T0005764978,2
T0005764979,1
T0005764980,2
T0005764981,2
T0005764982,2
T0005764985,3
T0005764986,2
T0005764989,3
T0005764991,3
T0005764993,2
T0005764994,3
T0005764995,1
T0005764996,2
T0005765005,2
T0005765010,3
T0005765012,2
T0005765013,2
T0005765015,3
T0005765017,2
T0005765018,2
T0005765021,3
T0005765022,1
T0005765023,2
T0005765024,3
T0005765026,3
T0005765030,2
T0005765032,2
T0005765034,3
T0005765037,3
T0005765038,1
T0005765046,3
T0005765050,3
T0005765051,1
T0005765057,1
T0005765061,2
T0005765062,2
T0005765064,1
T0005765065,2
T0005765066,3
T0005765068,1
T0005765069,3
T0005765071,3
T0005765074,1
T0005765075,3
T0005765076,3
T0005765083,3
T0005765084,2
T0005765085,2
T0005765087,2
T0005765090,3
T0005765091,2
T0005765093,2
T0005765094,3
T0005765095,3
T0005765096,1
T0005765100,2
T0005765104,2
T0005765105,1
T0005765107,1
T0005765110,3
T0005765111,1
T0005765112,3
T0005765113,1
T0005765114,3
T0005765118,2
T0005765119,2
T0005765120,3
T0005765127,2
T0005765131,2
T0005765140,3
T0005765141,2
T0005765144,2
T0005765146,2
T0005765147,2
T0005765151,3
T0005765153,3
T0005765157,3
T0005765158,3
T0005765167,2
T0005765169,2
T0005765179,2
T0005765180,2
T0005765185,2
T0005765186,2
T0005765190,1
T0005765192,2
T0005765195,2
T0005765196,2
T0005765199,2
T0005765201,3
T0005765203,2
T0005765205,2
T0005765208,2
T0005765209,2
T0005765212,2
T0005765215,2
T0005765216,3
T0005765220,2
T0005765224,1
T0005765226,1
T0005765227,1
T0005765231,2
T0005765233,2
T0005765236,2
T0005765239,3
T0005765241,3
T0005765244,3
T0005765245,2
T0005765246,2
T0005765248,3
T0005765250,1
T0005765251,2
T0005765252,1
T0005765255,2
T0005765259,1
T0005765260,1
T0005765265,2
T0005765266,3
T0005765268,3
T0005765272,2
T0005765273,3
T0005765274,2
T0005765275,2
T0005765277,2
T0005765280,3
T0005765282,3
T0005765286,2
T0005765287,1
T0005765295,2
T0005765297,3
T0005765299,3
T0005765300,1
T0005765302,3
T0005765304,2
T0005765307,1
T0005765308,2
T0005765312,2
T0005765313,2
T0005765318,3
T0005765319,2
T0005765321,3
T0005765328,3
T0005765329,3
T0005765330,3
T0005765331,3
T0005765333,3
T0005765335,3
T0005765339,2
T0005765344,2
T0005765348,2
T0005765349,2
T0005765352,3
T0005765354,3
T0005765357,2
T0005765359,3
T0005765361,1
T0005765366,1
T0005765367,1
T0005765368,1
T0005765369,1
T0005765370,3
T0005765372,2
T0005765373,2
T0005765376,2
T0005765378,1
T0005765379,2
T0005765383,3
T0005765389,3
T0005765392,2
T0005765394,2
T0005765395,2
T0005765396,1
T0005765397,2
T0005765398,2
T0005765405,2
T0005765407,2
T0005765412,3
T0005765415,1
T0005765418,3
T0005765420,2
T0005765422,1
T0005765423,2
T0005765429,2
T0005765431,3
T0005765435,2
T0005765437,2
T0005765438,2
T0005765440,3
T0005765442,3
T0005765446,2
T0005765450,1
T0005765460,3
T0005765463,3
T0005765465,1
T0005765469,3
T0005765470,2
T0005765472,2
T0005765474,2
T0005765476,3
T0005765477,3
T0005765478,3
T0005765480,3
T0005765481,1
T0005765483,2
T0005765484,1
T0005765487,3
T0005765489,3
T0005765490,3
T0005765491,1
T0005765495,2
T0005765497,2
T0005765503,2
T0005765505,2
T0005765508,2
T0005765510,3
T0005765511,1
T0005765512,2
T0005765513,3
T0005765520,3
T0005765521,2
T0005765524,2
T0005765526,2
T0005765527,2
T0005765528,2
T0005765530,1
T0005765531,3
T0005765532,2
T0005765534,1
T0005765537,2
T0005765540,2
T0005765543,2
T0005765545,3
T0005765546,2
T0005765549,3
T0005765551,3
T0005765556,2
T0005765557,3
T0005765559,2
T0005765560,3
T0005765561,3
T0005765567,2
T0005765569,2
T0005765572,1
T0005765574,2
T0005765575,2
T0005765581,2
T0005765587,2
T0005765588,2
T0005765592,3
T0005765593,3
T0005765595,3
T0005765600,2
T0005765604,1
T0005765609,2
T0005765611,1
T0005765612,1
T0005765614,2
T0005765615,3
T0005765616,3
T0005765622,2
T0005765625,3
T0005765626,3
T0005765627,3
T0005765628,1
T0005765630,2
T0005765634,1
T0005765635,2
T0005765636,3
T0005765638,2
T0005765639,3
T0005765642,3
T0005765643,3
T0005765644,3
T0005765648,2
T0005765649,3
T0005765657,2
T0005765660,3
T0005765661,2
T0005765664,1
T0005765667,2
T0005765668,2
T0005765671,1
T0005765678,2
T0005765684,1
T0005765687,2
T0005765688,2
T0005765689,2
T0005765692,2
T0005765695,3
T0005765699,2
T0005765710,2
T0005765712,1
T0005765715,2
T0005765717,3
T0005765718,2
T0005765720,3
T0005765723,3
T0005765724,3
T0005765725,1
T0005765726,3
T0005765728,3
T0005765730,2
T0005765734,3
T0005765735,2
T0005765737,2
T0005765738,2
T0005765739,1
T0005765742,2
T0005765743,2
T0005765744,1
T0005765747,2
T0005765753,2
T0005765754,2
T0005765755,2
T0005765761,1
T0005765764,3
T0005765765,2
T0005765768,2
T0005765769,3
T0005765772,2
T0005765774,3
T0005765775,2
T0005765776,1
T0005765778,2
T0005765779,3
T0005765784,3
T0005765785,2
T0005765786,3
T0005765787,2
T0005765790,2
T0005765791,3
T0005765792,2
T0005765793,2
T0005765797,3
T0005765803,1
T0005765805,2
T0005765806,1
T0005765811,3
T0005765812,1
T0005765813,2
T0005765814,1
T0005765815,3
T0005765817,1
T0005765820,3
T0005765821,3
T0005765822,1
T0005765824,3
T0005765825,2
T0005765830,2
T0005765832,1
T0005765833,3
T0005765835,1
T0005765836,3
T0005765839,3
T0005765840,1
T0005765841,1
T0005765842,2
T0005765844,3
T0005765845,3
T0005765846,2
T0005765849,2
T0005765850,3
T0005765857,2
T0005765869,2
T0005765876,2
T0005765878,1
T0005765882,1
T0005765884,2
T0005765885,1
T0005765888,1
T0005765893,2
T0005765894,3
T0005765896,2
T0005765901,2
T0005765904,3
T0005765907,2
T0005765908,1
T0005765910,2
T0005765912,3
T0005765914,1
T0005765920,3
T0005765922,3
T0005765923,2
T0005765925,1
T0005765926,2
T0005765927,2
T0005765929,2
T0005765935,3
T0005765936,2
T0005765940,3
T0005765943,2
T0005765944,2
T0005765947,2
T0005765948,2
T0005765951,1
T0005765952,1
T0005765956,2
T0005765963,1
T0005765964,1
T0005765965,1
T0005765966,2
T0005765968,2
T0005765969,3
T0005765970,3
T0005765971,2
T0005765972,3
T0005765973,2
T0005765976,2
T0005765979,3
T0005765986,2
T0005765987,2
T0005765988,2
T0005765989,2
T0005765992,2
T0005765996,2
T0005765997,2
T0005766000,1
T0005766001,2
T0005766004,2
T0005766007,3
T0005766008,2
T0005766009,2
T0005766011,3
T0005766013,1
T0005766017,2
T0005766018,2
T0005766020,2
T0005766022,2
T0005766027,2
T0005766031,3
T0005766033,1
T0005766034,2
T0005766035,2
T0005766036,3
T0005766039,1
T0005766042,3
T0005766045,3
T0005766054,1
T0005766060,2
T0005766061,3
T0005766065,2
T0005766067,1
T0005766070,3
T0005766071,3
T0005766073,2
T0005766075,2
T0005766076,3
T0005766079,2
T0005766083,3
T0005766084,1
T0005766085,2
T0005766087,2
T0005766088,2
T0005766089,2
T0005766093,2
T0005766094,3
T0005766096,1
T0005766098,1
T0005766101,2
T0005766106,3
T0005766107,3
T0005766115,1
T0005766117,2
T0005766125,2
T0005766131,2
T0005766132,2
T0005766133,2
T0005766134,3
T0005766135,2
T0005766136,1
T0005766137,3
T0005766138,3
T0005766139,3
T0005766141,2
T0005766144,2
T0005766145,2
T0005766146,2
T0005766147,2
T0005766148,3
T0005766149,3
T0005766150,2
T0005766152,1
T0005766153,1
T0005766157,3
T0005766160,1
T0005766163,2
T0005766168,2
T0005766169,3
T0005766171,2
T0005766173,2
T0005766174,2
T0005766178,2
T0005766180,3
T0005766181,1
T0005766182,1
T0005766183,1
T0005766186,1
T0005766189,3
T0005766190,1
T0005766192,3
T0005766196,2
T0005766197,2
T0005766201,3
T0005766207,1
T0005766208,3
T0005766210,1
T0005766212,3
T0005766213,1
T0005766215,1
T0005766218,2
T0005766219,1
T0005766222,3
T0005766224,3
T0005766225,1
T0005766226,1
T0005766227,2
T0005766228,3
T0005766234,1
T0005766235,2
T0005766237,2
T0005766238,2
T0005766242,3
T0005766244,2
T0005766246,2
T0005766248,1
T0005766249,3
T0005766250,3
T0005766251,1
T0005766253,1
T0005766258,3
T0005766259,3
T0005766264,2
T0005766265,3
T0005766266,2
T0005766268,1
T0005766271,3
T0005766272,1
T0005766273,3
T0005766274,2
T0005766278,2
T0005766279,3
T0005766282,2
T0005766284,3
T0005766285,1
T0005766286,2
T0005766288,3
T0005766292,1
T0005766295,2
T0005766296,3
T0005766298,3
T0005766300,3
T0005766304,3
T0005766310,3
T0005766311,1
T0005766312,2
T0005766317,2
T0005766321,2
T0005766322,3
T0005766323,3
T0005766325,2
T0005766326,2
T0005766327,2
T0005766331,2
T0005766332,3
T0005766333,1
T0005766335,1
T0005766336,1
T0005766340,3
T0005766341,2
T0005766342,2
T0005766345,3
T0005766349,2
T0005766351,2
T0005766352,1
T0005766360,2
T0005766362,3
T0005766363,3
T0005766368,3
T0005766372,1
T0005766373,2
T0005766374,3
T0005766377,1
T0005766379,3
T0005766381,3
T0005766384,3
T0005766386,2
T0005766390,2
T0005766392,3
T0005766394,3
T0005766396,2
T0005766398,2
T0005766401,2
T0005766405,3
T0005766406,2
T0005766407,3
T0005766408,2
T0005766410,3
T0005766411,3
T0005766419,3
T0005766420,1
T0005766421,2
T0005766423,3
T0005766424,3
T0005766429,3
T0005766430,1
T0005766432,3
T0005766433,2
T0005766437,3
T0005766438,2
T0005766440,1
T0005766444,2
T0005766445,2
T0005766446,1
T0005766449,1
T0005766454,3
T0005766455,3
T0005766456,2
T0005766457,2
T0005766464,3
T0005766465,2
T0005766466,1
T0005766469,2
T0005766471,2
T0005766473,3
T0005766474,2
T0005766476,2
T0005766477,3
T0005766480,3
T0005766482,2
T0005766484,3
T0005766485,3
T0005766486,3
T0005766493,2
T0005766496,1
T0005766497,2
T0005766500,2
T0005766501,1
T0005766502,3
T0005766505,2
T0005766506,2
T0005766507,2
T0005766508,2
T0005766511,3
T0005766513,3
T0005766515,3
T0005766517,3
T0005766520,2
T0005766522,1
T0005766523,2
T0005766524,3
T0005766525,2
T0005766526,1
T0005766527,3
T0005766528,2
T0005766530,2
T0005766531,3
T0005766533,1
T0005766534,3
T0005766535,1
T0005766540,2
T0005766545,2
T0005766547,3
T0005766550,2
T0005766551,1
T0005766552,2
T0005766557,1
T0005766558,3
T0005766559,1
T0005766560,1
T0005766564,2
T0005766566,1
T0005766572,3
T0005766574,2
T0005766575,2
T0005766576,1
T0005766577,2
T0005766580,1
T0005766582,2
T0005766583,3
T0005766586,3
T0005766587,2
T0005766588,1
T0005766596,2
T0005766597,1
T0005766602,3
T0005766604,2
T0005766608,2
T0005766610,2
T0005766614,2
T0005766615,1
T0005766616,2
T0005766617,1
T0005766621,2
T0005766625,2
T0005766627,3
T0005766630,2
T0005766631,1
T0005766632,1
T0005766634,3
T0005766636,2
T0005766637,2
T0005766644,2
T0005766646,1
T0005766648,2
T0005766652,1
T0005766658,1
T0005766663,2
T0005766664,2
T0005766665,2
T0005766671,2
T0005766673,2
T0005766675,3
T0005766676,1
T0005766678,2
T0005766684,2
T0005766685,2
T0005766689,3
T0005766690,2
T0005766693,3
T0005766695,3
T0005766697,1
T0005766698,2
T0005766707,1
T0005766709,1
T0005766710,2
T0005766711,2
T0005766712,3
T0005766713,3
T0005766718,2
T0005766721,3
T0005766723,1
T0005766724,2
T0005766728,3
T0005766731,2
T0005766733,2
T0005766734,2
T0005766736,1
T0005766740,2
T0005766743,3
T0005766744,2
T0005766745,2
T0005766747,3
T0005766753,2
T0005766754,2
T0005766756,3
T0005766758,2
T0005766762,2
T0005766764,3
T0005766767,2
T0005766772,1
T0005766773,3
T0005766778,2
T0005766783,3
T0005766784,3
T0005766788,2
T0005766794,2
T0005766795,1
T0005766797,2
T0005766798,3
T0005766801,2
T0005766802,3
T0005766803,2
T0005766807,2
T0005766808,2
T0005766812,1
T0005766817,1
T0005766821,2
T0005766829,3
T0005766830,1
T0005766831,2
T0005766832,2
T0005766833,2
T0005766835,2
T0005766838,2
T0005766839,2
T0005766840,1
T0005766843,1
T0005766846,2
T0005766847,2
T0005766852,2
T0005766855,1
T0005766856,3
T0005766858,2
T0005766863,3
T0005766864,2
T0005766868,1
T0005766870,2
T0005766873,3
T0005766875,1
T0005766876,3
T0005766877,3
T0005766879,3
T0005766882,1
T0005766883,2
T0005766885,3
T0005766886,1
T0005766888,3
T0005766891,2
T0005766892,2
T0005766894,3
T0005766895,3
T0005766896,2
T0005766897,2
T0005766900,3
T0005766901,1
T0005766904,1
T0005766907,3
T0005766910,3
T0005766912,2
T0005766913,3
T0005766914,1
T0005766915,3
T0005766918,2
T0005766922,1
T0005766923,2
T0005766925,2
T0005766926,2
T0005766928,2
T0005766930,1
T0005766933,3
T0005766935,3
T0005766937,1
T0005766940,2
T0005766941,2
T0005766942,1
T0005766943,2
T0005766950,2
T0005766953,3
T0005766954,1
T0005766957,2
T0005766959,2
T0005766960,2
T0005766963,2
T0005766964,3
T0005766965,3
T0005766968,2
T0005766969,2
T0005766971,3
T0005766974,2
T0005766975,3
T0005766978,2
T0005766979,2
T0005766980,3
T0005766984,2
T0005766985,2
T0005766987,1
T0005766993,1
T0005766996,1
T0005766997,2
T0005766998,1
T0005767001,1
T0005767002,2
T0005767005,1
T0005767006,1
T0005767007,3
T0005767010,3
T0005767011,3
T0005767012,3
T0005767013,2
T0005767014,1
T0005767017,3
T0005767024,2
T0005767025,2
T0005767028,3
T0005767035,3
T0005767040,3
T0005767043,3
T0005767047,1
T0005767055,3
T0005767056,2
T0005767058,2
T0005767059,2
T0005767063,2
T0005767064,2
T0005767066,2
T0005767067,3
T0005767068,3
T0005767075,3
T0005767082,3
T0005767091,3
T0005767094,1
T0005767095,3
T0005767096,3
T0005767098,2
T0005767099,2
T0005767104,3
T0005767105,2
T0005767107,3
T0005767109,2
T0005767114,2
T0005767118,1
T0005767121,1
T0005767127,2
T0005767130,3
T0005767133,3
T0005767134,2
T0005767135,3
T0005767136,2
T0005767138,2
T0005767139,1
T0005767144,3
T0005767146,2
T0005767147,3
T0005767148,3
T0005767153,1
T0005767155,3
T0005767158,2
T0005767160,1
T0005767161,2
T0005767163,2
T0005767165,2
T0005767166,3
T0005767167,1
T0005767171,3
T0005767173,2
T0005767174,1
T0005767175,2
T0005767182,3
T0005767187,1
T0005767190,1
T0005767192,1
T0005767204,2
T0005767207,1
T0005767210,2
T0005767217,2
T0005767218,2
T0005767220,1
T0005767222,2
T0005767223,2
T0005767224,3
T0005767227,1
T0005767229,2
T0005767235,3
T0005767236,2
T0005767241,3
T0005767242,1
T0005767243,2
T0005767246,2
T0005767250,2
T0005767252,3
T0005767254,2
T0005767262,3
T0005767265,3
T0005767267,2
T0005767269,1
T0005767273,3
T0005767278,2
T0005767279,1
T0005767285,3
T0005767288,3
T0005767289,2
T0005767290,3
T0005767291,3
T0005767292,2
T0005767294,1
T0005767297,2
T0005767298,3
T0005767302,2
T0005767304,1
T0005767305,3
T0005767309,3
T0005767310,2
T0005767315,3
T0005767323,2
T0005767324,3
T0005767332,3
T0005767333,3
T0005767335,2
T0005767344,1
T0005767347,1
T0005767349,3
T0005767351,2
T0005767357,2
T0005767358,2
T0005767363,2
T0005767364,2
T0005767367,2
T0005767373,2
T0005767374,3
T0005767378,3
T0005767385,1
T0005767386,2
T0005767395,2
T0005767398,2
T0005767399,3
T0005767400,2
T0005767401,1
T0005767404,3
T0005767406,2
T0005767407,1
T0005767410,1
T0005767418,3
T0005767420,2
T0005767421,3
T0005767422,2
T0005767423,1
T0005767424,2
T0005767425,2
T0005767426,1
T0005767427,2
T0005767431,2
T0005767432,2
T0005767435,3
T0005767437,2
T0005767440,2
T0005767441,3
T0005767442,3
T0005767445,2
T0005767446,1
T0005767448,3
T0005767450,2
T0005767456,2
T0005767458,2
T0005767462,1
T0005767463,2
T0005767464,3
T0005767468,2
T0005767473,2
T0005767475,2
T0005767478,2
T0005767479,2
T0005767481,2
T0005767482,2
T0005767489,2
T0005767492,1
T0005767496,3
T0005767497,3
T0005767500,3
T0005767505,2
T0005767509,2
T0005767511,2
T0005767513,3
T0005767514,3
T0005767516,2
T0005767517,2
T0005767519,1
T0005767522,2
T0005767526,1
T0005767529,1
T0005767530,3
T0005767535,3
T0005767536,1
T0005767539,2
T0005767541,2
T0005767544,2
T0005767548,2
T0005767551,1
T0005767552,2
T0005767554,2
T0005767559,2
T0005767562,1
T0005767566,2
T0005767571,3
T0005767572,1
T0005767573,1
T0005767576,1
T0005767578,3
T0005767585,1
T0005767587,2
T0005767588,3
T0005767593,3
T0005767596,1
T0005767599,3
T0005767601,1
T0005767604,2
T0005767606,3
T0005767610,2
T0005767611,1
T0005767613,3
T0005767614,1
T0005767615,2
T0005767616,2
T0005767618,2
T0005767619,2
T0005767623,1
T0005767624,1
T0005767626,2
T0005767631,2
T0005767638,1
T0005767643,2
T0005767644,2
T0005767646,2
T0005767656,2
T0005767657,3
T0005767659,2
T0005767660,2
T0005767664,1
T0005767665,2
T0005767669,2
T0005767670,3
T0005767671,2
T0005767673,1
T0005767675,1
T0005767676,2
T0005767678,1
T0005767682,3
T0005767683,1
T0005767684,2
T0005767695,3
T0005767696,3
T0005767700,3
T0005767701,1
T0005767702,3
T0005767706,2
T0005767707,3
T0005767709,2
T0005767711,2
T0005767712,2
T0005767716,2
T0005767721,1
T0005767725,2
T0005767726,2
T0005767727,2
T0005767728,2
T0005767732,2
T0005767740,2
T0005767741,1
T0005767742,2
T0005767745,2
T0005767750,1
T0005767758,2
T0005767759,2
T0005767760,1
T0005767764,1
T0005767766,2
T0005767767,2
T0005767768,2
T0005767770,2
T0005767773,3
T0005767777,3
T0005767781,2
T0005767782,3
T0005767787,3
T0005767790,1
T0005767791,3
T0005767793,2
T0005767797,2
T0005767798,2
T0005767805,2
T0005767808,2
T0005767809,3
T0005767814,1
T0005767816,3
T0005767819,3
T0005767820,2
T0005767821,3
T0005767822,2
T0005767824,3
T0005767825,2
T0005767827,2
T0005767828,2
T0005767829,1
T0005767831,3
T0005767833,2
T0005767835,3
T0005767838,3
T0005767842,2
T0005767843,2
T0005767846,1
T0005767847,2
T0005767848,2
T0005767849,1
T0005767851,3
T0005767852,1
T0005767856,2
T0005767858,1
T0005767863,2
T0005767864,3
T0005767868,3
T0005767872,3
T0005767873,2
T0005767877,3
T0005767886,1
T0005767887,2
T0005767890,3
T0005767891,3
T0005767894,2
T0005767898,1
T0005767900,2
T0005767902,2
T0005767903,2
T0005767905,1
T0005767911,3
T0005767913,2
T0005767914,2
T0005767923,2
T0005767924,2
T0005767926,2
T0005767927,3
T0005767929,3
T0005767930,2
T0005767937,2
T0005767939,2
T0005767940,3
T0005767941,2
T0005767947,2
T0005767950,3
T0005767952,1
T0005767954,2
T0005767956,2
T0005767958,1
T0005767959,2
T0005767960,2
T0005767963,2
T0005767965,1
T0005767966,2
T0005767967,2
T0005767968,1
T0005767969,2
T0005767971,1
T0005767973,2
T0005767974,3
T0005767975,1
T0005767979,2
T0005767983,3
T0005767985,2
T0005767988,3
T0005767989,2
T0005767990,1
T0005767996,3
T0005768002,2
T0005768004,3
T0005768005,3
T0005768006,2
T0005768012,2
T0005768013,2
T0005768015,3
T0005768017,2
T0005768018,1
T0005768019,1
T0005768020,3
T0005768021,2
T0005768023,1
T0005768026,2
T0005768033,3
T0005768035,3
T0005768038,2
T0005768045,3
T0005768046,2
T0005768047,3
T0005768052,3
T0005768054,3
T0005768056,2
T0005768057,1
T0005768058,2
T0005768060,2
T0005768061,2
T0005768062,3
T0005768065,1
T0005768070,3
T0005768071,2
T0005768072,1
T0005768073,2
T0005768077,2
T0005768078,2
T0005768079,2
T0005768082,1
T0005768090,3
T0005768095,1
T0005768099,3
T0005768101,2
T0005768103,1
T0005768104,2
T0005768111,3
T0005768113,2
T0005768116,1
T0005768117,1
T0005768120,2
T0005768126,2
T0005768127,2
T0005768128,3
T0005768133,3
T0005768134,2
T0005768135,3
T0005768136,2
T0005768143,1
T0005768144,1
T0005768146,3
T0005768147,2
T0005768151,3
T0005768153,3
T0005768154,2
T0005768157,2
T0005768164,1
T0005768167,3
T0005768170,1
T0005768171,3
T0005768173,3
T0005768177,3
T0005768178,3
T0005768183,3
T0005768184,2
T0005768186,3
T0005768192,1
T0005768194,2
T0005768196,3
T0005768197,2
T0005768198,2
T0005768202,2
T0005768204,3
T0005768205,2
T0005768212,3
T0005768213,1
T0005768215,3
T0005768216,3
T0005768217,3
T0005768219,1
T0005768220,3
T0005768225,2
T0005768228,1
T0005768229,3
T0005768232,2
T0005768234,1
T0005768235,2
T0005768237,3
T0005768241,3
T0005768243,3
T0005768245,1
T0005768247,3
T0005768248,1
T0005768253,2
T0005768258,3
T0005768260,3
T0005768261,2
T0005768264,2
T0005768266,1
T0005768267,2
T0005768273,2
T0005768275,3
T0005768278,2
T0005768280,2
T0005768283,3
T0005768284,3
T0005768285,2
T0005768286,3
T0005768287,3
T0005768290,3
T0005768291,2
T0005768292,2
T0005768296,2
T0005768298,2
T0005768300,2
T0005768301,3
T0005768303,3
T0005768310,3
T0005768314,3
T0005768316,2
T0005768318,1
T0005768320,1
T0005768323,2
T0005768324,3
T0005768326,2
T0005768329,3
T0005768330,2
T0005768334,3
T0005768340,3
T0005768342,3
T0005768348,3
T0005768351,3
T0005768353,3
T0005768354,2
T0005768358,1
T0005768359,2
T0005768361,3
T0005768362,1
T0005768364,3
T0005768365,2
T0005768366,2
T0005768372,2
T0005768374,1
T0005768377,1
T0005768379,1
T0005768381,1
T0005768382,2
T0005768383,2
T0005768384,3
T0005768385,2
T0005768386,2
T0005768390,3
T0005768392,3
T0005768393,3
T0005768394,2
T0005768396,2
T0005768398,3
T0005768401,3
T0005768404,3
T0005768406,2
T0005768407,3
T0005768408,1
T0005768409,3
T0005768410,1
T0005768412,1
T0005768415,2
T0005768416,2
T0005768418,2
T0005768420,2
T0005768421,3
T0005768422,1
T0005768423,3
T0005768427,1
T0005768428,3
T0005768429,2
T0005768432,1
T0005768433,1
T0005768434,3
T0005768435,2
T0005768436,1
T0005768446,3
T0005768447,3
T0005768449,3
T0005768450,2
T0005768453,3
T0005768454,2
T0005768461,2
T0005768467,1
T0005768473,1
T0005768474,2
T0005768476,2
T0005768477,2
T0005768479,3
T0005768480,2
T0005768482,1
T0005768484,1
T0005768489,2
T0005768495,2
T0005768500,1
T0005768501,3
T0005768502,3
T0005768509,2
T0005768510,3
T0005768512,2
T0005768519,3
T0005768521,1
T0005768523,3
T0005768524,3
T0005768529,2
T0005768532,1
T0005768533,2
T0005768535,2
T0005768540,2
T0005768542,1
T0005768544,3
T0005768545,1
T0005768551,1
T0005768555,3
T0005768556,2
T0005768558,3
T0005768559,1
T0005768560,2
T0005768563,2
T0005768564,2
T0005768568,3
T0005768569,3
T0005768570,3
T0005768571,3
T0005768572,2
T0005768573,2
T0005768576,2
T0005768580,2
T0005768582,3
T0005768583,3
T0005768588,1
T0005768589,3
T0005768591,3
T0005768593,2
T0005768596,3
T0005768601,2
T0005768602,2
T0005768604,1
T0005768606,2
T0005768607,2
T0005768608,3
T0005768611,1
T0005768612,3
T0005768613,3
T0005768616,3
T0005768619,2
T0005768622,1
T0005768624,3
T0005768625,2
T0005768626,2
T0005768627,2
T0005768629,2
T0005768637,2
T0005768639,3
T0005768641,3
T0005768642,1
T0005768645,3
T0005768647,3
T0005768648,3
T0005768650,3
T0005768653,3
T0005768654,1
T0005768665,2
T0005768666,3
T0005768670,2
T0005768673,3
T0005768674,2
T0005768677,2
T0005768679,2
T0005768681,2
T0005768683,2
T0005768687,2
T0005768689,2
T0005768690,1
T0005768697,1
T0005768698,2
T0005768703,1
T0005768704,1
T0005768705,2
T0005768712,3
T0005768713,2
T0005768714,3
T0005768717,3
T0005768719,3
T0005768721,2
T0005768722,1
T0005768724,1
T0005768726,2
T0005768729,2
T0005768731,2
T0005768732,3
T0005768741,1
T0005768743,2
T0005768744,2
T0005768747,1
T0005768750,2
T0005768754,2
T0005768755,1
T0005768756,2
T0005768765,3
T0005768766,1
T0005768767,3
T0005768770,2
T0005768772,3
T0005768775,2
T0005768779,2
T0005768781,2
T0005768785,3
T0005768786,1
T0005768787,1
T0005768790,2
T0005768794,3
T0005768796,2
T0005768797,2
T0005768798,2
T0005768803,2
T0005768806,2
T0005768809,2
T0005768813,2
T0005768814,1
T0005768815,2
T0005768817,2
T0005768823,2
T0005768824,1
T0005768825,2
T0005768828,2
T0005768830,2
T0005768831,3
T0005768834,1
T0005768836,2
T0005768842,3
T0005768844,2
T0005768849,3
T0005768850,2
T0005768853,2
T0005768854,1
T0005768857,2
T0005768859,3
T0005768860,3
T0005768861,2
T0005768862,2
T0005768866,1
T0005768870,1
T0005768872,1
T0005768873,2
T0005768874,1
T0005768877,1
T0005768878,2
T0005768880,2
T0005768882,2
T0005768885,1
T0005768886,2
T0005768887,2
T0005768889,2
T0005768890,3
T0005768891,2
T0005768892,2
T0005768893,2
T0005768897,3
T0005768898,3
T0005768899,2
T0005768907,2
T0005768911,2
T0005768914,2
T0005768919,2
T0005768922,3
T0005768924,1
T0005768925,2
T0005768928,2
T0005768931,2
T0005768933,3
T0005768936,2
T0005768941,3
T0005768942,2
T0005768948,3
T0005768956,1
T0005768958,1
T0005768960,2
T0005768961,3
T0005768969,1
T0005768970,3
T0005768971,3
T0005768973,2
T0005768978,3
T0005768980,2
T0005768987,2
T0005768988,1
T0005768989,2
T0005768995,3
T0005768996,2
T0005769001,1
T0005769007,1
T0005769010,3
T0005769011,2
T0005769019,3
T0005769020,3
T0005769024,2
T0005769026,3
T0005769027,3
T0005769028,2
T0005769034,3
T0005769036,2
T0005769039,2
T0005769041,2
T0005769045,1
T0005769046,1
T0005769047,2
T0005769050,3
T0005769053,1
T0005769056,2
T0005769060,3
T0005769061,3
T0005769064,3
T0005769067,3
T0005769068,2
T0005769072,2
T0005769073,2
T0005769077,2
T0005769081,3
T0005769082,2
T0005769089,3
T0005769090,3
T0005769091,1
T0005769092,3
T0005769093,2
T0005769095,3
T0005769097,2
T0005769098,3
T0005769099,3
T0005769103,3
T0005769107,2
T0005769111,1
T0005769112,2
T0005769114,1
T0005769115,2
T0005769116,3
T0005769117,2
T0005769119,3
T0005769120,3
T0005769121,2
T0005769127,3
T0005769130,2
T0005769131,2
T0005769134,3
T0005769136,3
T0005769138,1
T0005769142,1
T0005769143,3
T0005769144,2
T0005769146,3
T0005769148,2
T0005769151,3
T0005769152,1
T0005769157,3
T0005769160,1
T0005769163,2
T0005769166,3
T0005769168,3
T0005769170,2
T0005769173,1
T0005769176,3
T0005769180,2
T0005769182,3
T0005769184,1
T0005769185,2
T0005769189,3
T0005769194,2
T0005769207,2
T0005769215,2
T0005769216,3
T0005769220,2
T0005769222,1
T0005769223,2
T0005769224,2
T0005769225,1
T0005769228,2
T0005769232,2
T0005769233,2
T0005769235,2
T0005769237,3
T0005769238,2
T0005769239,1
T0005769243,2
T0005769244,3
T0005769251,1
T0005769254,3
T0005769255,2
T0005769257,3
T0005769258,2
T0005769261,3
T0005769264,1
T0005769267,3
T0005769268,2
T0005769269,2
T0005769271,2
T0005769272,2
T0005769273,2
T0005769275,1
T0005769276,3
T0005769279,1
T0005769280,2
T0005769284,2
T0005769285,1
T0005769286,1
T0005769289,3
T0005769291,2
T0005769292,2
T0005769297,1
T0005769303,1
T0005769305,1
T0005769310,1
T0005769311,2
T0005769312,1
T0005769313,2
T0005769315,2
T0005769317,3
T0005769318,3
T0005769320,2
T0005769323,3
T0005769324,3
T0005769328,2
T0005769332,2
T0005769333,3
T0005769334,1
T0005769341,3
T0005769343,3
T0005769345,2
T0005769347,3
T0005769350,2
T0005769351,2
T0005769354,3
T0005769356,2
T0005769357,3
T0005769360,1
T0005769362,3
T0005769364,2
T0005769368,2
T0005769369,3
T0005769371,1
T0005769372,3
T0005769376,3
T0005769377,2
T0005769378,1
T0005769381,2
T0005769383,1
T0005769385,1
T0005769387,3
T0005769390,3
T0005769392,2
T0005769394,2
T0005769396,1
T0005769397,3
T0005769399,2
T0005769400,3
T0005769401,3
T0005769402,1
T0005769405,2
T0005769406,1
T0005769409,1
T0005769411,2
T0005769414,3
T0005769415,2
T0005769416,2
T0005769421,2
T0005769423,1
T0005769424,1
T0005769426,3
T0005769429,3
T0005769431,2
T0005769433,2
T0005769437,2
T0005769450,2
T0005769454,3
T0005769455,3
T0005769459,3
T0005769460,3
T0005769461,2
T0005769464,1
T0005769465,3
T0005769466,2
T0005769467,2
T0005769469,2
T0005769473,2
T0005769474,1
T0005769475,3
T0005769479,2
T0005769481,2
T0005769482,2
T0005769484,2
T0005769485,2
T0005769492,2
T0005769496,2
T0005769499,3
T0005769501,1
T0005769502,1
T0005769506,3
T0005769507,2
T0005769511,3
T0005769516,3
T0005769518,2
T0005769524,2
T0005769525,1
T0005769527,3
T0005769528,2
T0005769529,2
T0005769530,3
T0005769531,3
T0005769532,2
T0005769535,2
T0005769541,3
T0005769542,2
T0005769543,2
T0005769546,1
T0005769548,3
T0005769549,1
T0005769552,2
T0005769556,2
T0005769560,1
T0005769561,1
T0005769562,1
T0005769563,1
T0005769564,3
T0005769566,3
T0005769568,3
T0005769569,2
T0005769572,3
T0005769578,2
T0005769579,1
T0005769580,1
T0005769585,2
T0005769589,1
T0005769592,2
T0005769597,2
T0005769599,2
T0005769600,2
T0005769602,2
T0005769603,2
T0005769606,2
T0005769607,2
T0005769610,3
T0005769611,2
T0005769612,2
T0005769613,2
T0005769617,2
T0005769619,2
T0005769620,2
T0005769621,2
T0005769622,3
T0005769625,2
T0005769626,3
T0005769627,3
T0005769628,2
T0005769629,1
T0005769630,2
T0005769633,2
T0005769637,1
T0005769640,1
T0005769644,2
T0005769650,3
T0005769651,2
T0005769652,2
T0005769653,3
T0005769655,1
T0005769656,2
T0005769657,3
T0005769659,3
T0005769665,2
T0005769667,2
T0005769668,3
T0005769674,1
T0005769675,3
T0005769676,2
T0005769679,2
T0005769680,1
T0005769682,3
T0005769683,2
T0005769684,2
T0005769685,2
T0005769690,1
T0005769691,2
T0005769692,1
T0005769693,2
T0005769696,1
T0005769699,3
T0005769703,3
T0005769704,2
T0005769707,1
T0005769709,2
T0005769711,3
T0005769712,2
T0005769713,2
T0005769714,3
T0005769718,3
T0005769720,2
T0005769721,3
T0005769725,3
T0005769727,2
T0005769729,2
T0005769732,3
T0005769743,3
T0005769747,1
T0005769753,3
T0005769754,2
T0005769759,2
T0005769760,1
T0005769761,1
T0005769763,3
T0005769767,3
T0005769771,3
T0005769772,2
T0005769774,3
T0005769777,3
T0005769781,2
T0005769782,1
T0005769783,3
T0005769784,2
T0005769786,2
T0005769788,2
T0005769789,2
T0005769790,3
T0005769791,2
T0005769796,2
T0005769798,1
T0005769799,1
T0005769801,1
T0005769803,1
T0005769806,3
T0005769807,2
T0005769808,3
T0005769812,2
T0005769817,2
T0005769819,2
T0005769824,3
T0005769825,2
T0005769829,2
T0005769831,3
T0005769833,2
T0005769835,1
T0005769837,3
T0005769841,1
T0005769847,3
T0005769848,2
T0005769849,3
T0005769850,1
T0005769852,2
T0005769853,2
T0005769854,2
T0005769856,2
T0005769859,3
T0005769861,3
T0005769868,1
T0005769869,2
T0005769873,3
T0005769874,2
T0005769877,3
T0005769879,2
T0005769883,2
T0005769884,1
T0005769885,2
T0005769886,1
T0005769889,2
T0005769891,3
T0005769894,2
T0005769896,2
T0005769897,2
T0005769899,1
T0005769904,3
T0005769907,3
T0005769908,2
T0005769915,2
T0005769916,2
T0005769917,1
T0005769920,3
T0005769921,2
T0005769923,2
T0005769924,2
T0005769928,1
T0005769929,2
T0005769931,2
T0005769935,3
T0005769936,3
T0005769939,3
T0005769942,2
T0005769944,2
T0005769947,1
T0005769948,3
T0005769949,2
T0005769951,3
T0005769952,1
T0005769954,2
T0005769956,2
T0005769959,3
T0005769960,2
T0005769963,3
T0005769968,2
T0005769973,2
T0005769975,2
T0005769977,1
T0005769979,3
T0005769982,3
T0005769987,2
T0005769988,3
T0005769990,3
T0005769992,2
T0005769993,2
T0005769994,1
T0005769996,1
T0005770000,1
T0005770005,1
T0005770006,2
T0005770013,2
T0005770014,3
T0005770015,1
T0005770017,1
T0005770018,2
T0005770019,2
T0005770024,3
T0005770026,3
T0005770028,2
T0005770031,3
T0005770033,1
T0005770036,3
T0005770038,2
T0005770043,1
T0005770046,1
T0005770047,1
T0005770048,2
T0005770050,1
T0005770051,2
T0005770053,2
T0005770055,2
T0005770058,2
T0005770062,1
T0005770064,2
T0005770069,3
T0005770070,2
T0005770071,2
T0005770072,2
T0005770074,2
T0005770075,2
T0005770078,2
T0005770081,3
T0005770086,2
T0005770088,2
T0005770097,2
T0005770098,3
T0005770099,3
T0005770100,3
T0005770101,2
T0005770102,2
T0005770103,1
T0005770106,3
T0005770109,2
T0005770111,3
T0005770113,3
T0005770116,1
T0005770122,2
T0005770125,3
T0005770127,2
T0005770128,2
T0005770139,1
T0005770148,2
T0005770149,2
T0005770150,2
T0005770153,2
T0005770157,2
T0005770158,1
T0005770162,2
T0005770167,3
T0005770169,3
T0005770171,3
T0005770172,1
T0005770174,3
T0005770177,1
T0005770178,3
T0005770180,1
T0005770181,2
T0005770195,2
T0005770197,1
T0005770201,2
T0005770202,1
T0005770204,2
T0005770212,3
T0005770214,2
T0005770215,3
T0005770217,3
T0005770221,1
T0005770222,3
T0005770223,2
T0005770225,1
T0005770226,2
T0005770230,1
T0005770235,1
T0005770236,1
T0005770238,1
T0005770242,2
T0005770243,1
T0005770244,2
T0005770246,3
T0005770248,1
T0005770250,2
T0005770252,2
T0005770253,1
T0005770256,2
T0005770259,2
T0005770261,2
T0005770265,1
T0005770266,2
T0005770269,2
T0005770270,1
T0005770271,1
T0005770274,2
T0005770275,3
T0005770282,2
T0005770283,1
T0005770285,1
T0005770286,2
T0005770287,1
T0005770288,2
T0005770289,1
T0005770290,3
T0005770291,2
T0005770293,2
T0005770294,2
T0005770303,1
T0005770305,3
T0005770306,2
T0005770308,1
T0005770309,2
T0005770311,2
T0005770312,3
T0005770317,2
T0005770321,2
T0005770322,2
T0005770323,2
T0005770326,2
T0005770328,2
T0005770330,2
T0005770333,2
T0005770335,3
T0005770338,2
T0005770340,2
T0005770341,2
T0005770347,3
T0005770353,2
T0005770359,3
T0005770360,2
T0005770362,2
T0005770365,1
T0005770367,3
T0005770370,3
T0005770373,2
T0005770375,3
T0005770378,2
T0005770380,2
T0005770381,3
T0005770382,2
T0005770385,3
T0005770387,2
T0005770392,2
T0005770395,2
T0005770397,3
T0005770399,2
T0005770400,2
T0005770401,1
T0005770403,2
T0005770405,3
T0005770406,2
T0005770407,1
T0005770410,2
T0005770413,3
T0005770414,2
T0005770416,1
T0005770418,3
T0005770419,3
T0005770422,1
T0005770425,2
T0005770426,1
T0005770431,2
T0005770432,2
T0005770436,2
T0005770438,3
T0005770439,1
T0005770440,2
T0005770441,3
T0005770442,3
T0005770443,1
T0005770445,1
T0005770447,2
T0005770448,2
T0005770450,2
T0005770452,2
T0005770454,1
T0005770458,1
T0005770460,2
T0005770464,3
T0005770465,3
T0005770467,2
T0005770469,2
T0005770472,3
T0005770473,3
T0005770474,1
T0005770475,2
T0005770479,3
T0005770481,1
T0005770483,2
T0005770487,3
T0005770496,2
T0005770498,3
T0005770502,2
T0005770503,3
T0005770504,1
T0005770506,2
T0005770508,3
T0005770509,1
T0005770510,3
T0005770512,1
T0005770513,2
T0005770516,2
T0005770519,3
T0005770520,3
T0005770521,2
T0005770525,3
T0005770528,2
T0005770530,3
T0005770531,2
T0005770532,2
T0005770535,2
T0005770536,2
T0005770537,2
T0005770538,2
T0005770542,2
T0005770551,3
T0005770553,1
T0005770554,2
T0005770558,3
T0005770559,3
T0005770560,2
T0005770563,3
T0005770564,1
T0005770566,2
T0005770567,2
T0005770568,2
T0005770569,1
T0005770570,3
T0005770571,3
T0005770573,2
T0005770576,2
T0005770577,2
T0005770580,1
T0005770581,2
T0005770584,1
T0005770587,2
T0005770589,1
T0005770591,2
T0005770595,2
T0005770596,1
T0005770597,1
T0005770598,3
T0005770602,3
T0005770603,1
T0005770606,2
T0005770607,2
T0005770608,1
T0005770609,1
T0005770610,2
T0005770612,1
T0005770614,2
T0005770615,2
T0005770617,1
T0005770618,3
T0005770619,2
T0005770620,3
T0005770622,2
T0005770623,3
T0005770624,2
T0005770630,2
T0005770634,2
T0005770637,2
T0005770640,2
T0005770641,2
T0005770645,2
T0005770646,3
T0005770650,2
T0005770654,3
T0005770655,2
T0005770656,2
T0005770662,2
T0005770664,3
T0005770668,1
T0005770671,3
T0005770675,3
T0005770677,3
T0005770678,2
T0005770680,2
T0005770681,1
T0005770684,3
T0005770688,3
T0005770691,2
T0005770699,2
T0005770700,1
T0005770701,2
T0005770702,1
T0005770705,2
T0005770706,3
T0005770707,1
T0005770708,2
T0005770713,1
T0005770716,1
T0005770717,3
T0005770718,1
T0005770721,2
T0005770723,1
T0005770724,2
T0005770727,3
T0005770728,1
T0005770731,1
T0005770732,3
T0005770733,3
T0005770734,2
T0005770736,2
T0005770737,2
T0005770738,3
T0005770741,3
T0005770745,2
T0005770747,1
T0005770750,3
T0005770751,2
T0005770753,3
T0005770755,3
T0005770757,2
T0005770765,1
T0005770767,2
T0005770768,3
T0005770769,2
T0005770770,1
T0005770771,2
T0005770774,2
T0005770775,2
T0005770776,2
T0005770785,3
T0005770788,3
T0005770792,2
T0005770794,1
T0005770801,1
T0005770803,3
T0005770812,3
T0005770813,1
T0005770816,3
T0005770821,2
T0005770823,3
T0005770824,2
T0005770826,3
T0005770827,1
T0005770828,2
T0005770830,3
T0005770831,2
T0005770832,3
T0005770833,2
T0005770838,2
T0005770843,2
T0005770851,2
T0005770852,1
T0005770857,3
T0005770859,1
T0005770867,2
T0005770868,2
T0005770870,2
T0005770871,2
T0005770879,2
T0005770880,2
T0005770881,1
T0005770882,2
T0005770884,3
T0005770885,3
T0005770891,2
T0005770892,2
T0005770893,2
T0005770894,3
T0005770896,1
T0005770897,1
T0005770898,2
T0005770903,2
T0005770904,1
T0005770909,2
T0005770912,2
T0005770913,3
T0005770914,2
T0005770919,3
T0005770920,2
T0005770921,1
T0005770925,2
T0005770926,2
T0005770929,3
T0005770931,3
T0005770933,3
T0005770934,3
T0005770935,3
T0005770936,3
T0005770942,2
T0005770943,2
T0005770944,2
T0005770945,1
T0005770951,1
T0005770952,2
T0005770953,2
T0005770958,3
T0005770962,2
T0005770968,2
T0005770969,1
T0005770970,1
T0005770972,2
T0005770975,2
T0005770976,3
T0005770978,1
T0005770979,2
T0005770981,2
T0005770986,2
T0005770987,2
T0005770988,2
T0005770989,2
T0005770991,2
T0005770992,3
T0005770994,3
T0005771000,3
T0005771007,2
T0005771008,3
T0005771013,3
T0005771014,2
T0005771020,3
T0005771022,2
T0005771027,3
T0005771030,2
T0005771033,3
T0005771034,2
T0005771037,2
T0005771039,1
T0005771040,3
T0005771045,2
T0005771046,2
T0005771047,1
T0005771049,2
T0005771050,2
T0005771054,2
T0005771055,2
T0005771059,2
T0005771061,2
T0005771066,3
T0005771067,3
T0005771068,3
T0005771069,3
T0005771070,2
T0005771072,2
T0005771077,2
T0005771083,2
T0005771084,2
T0005771085,3
T0005771086,2
T0005771087,1
T0005771088,1
T0005771089,3
T0005771092,1
T0005771095,3
T0005771096,2
T0005771098,3
T0005771099,3
T0005771102,2
T0005771103,2
T0005771104,2
T0005771108,2
T0005771109,2
T0005771111,2
T0005771112,2
T0005771114,2
T0005771116,2
T0005771117,2
T0005771122,2
T0005771124,2
T0005771127,1
T0005771128,2
T0005771130,2
T0005771131,2
T0005771134,1
T0005771135,3
T0005771138,1
T0005771139,1
T0005771145,3
T0005771146,3
T0005771147,3
T0005771148,3
T0005771149,2
T0005771150,1
T0005771151,2
T0005771153,2
T0005771155,2
T0005771159,2
T0005771163,2
T0005771164,2
T0005771166,2
T0005771170,2
T0005771176,1
T0005771180,1
T0005771181,2
T0005771183,3
T0005771184,1
T0005771186,3
T0005771188,3
T0005771192,2
T0005771193,2
T0005771196,3
T0005771197,2
T0005771199,3
T0005771200,3
T0005771201,2
T0005771202,2
T0005771208,2
T0005771210,2
T0005771214,2
T0005771215,1
T0005771217,1
T0005771218,2
T0005771221,2
T0005771224,1
T0005771225,1
T0005771227,2
T0005771235,1
T0005771237,3
T0005771240,2
T0005771242,3
T0005771243,2
T0005771244,2
T0005771245,2
T0005771247,1
T0005771248,2
T0005771250,2
T0005771255,3
T0005771257,2
T0005771259,2
T0005771261,3
T0005771267,2
T0005771269,2
T0005771272,1
T0005771276,3
T0005771277,2
T0005771278,1
T0005771280,3
T0005771283,2
T0005771285,2
T0005771286,1
T0005771290,1
T0005771292,2
T0005771293,2
T0005771294,2
T0005771295,2
T0005771297,3
T0005771298,2
T0005771299,3
T0005771301,1
T0005771303,2
T0005771304,2
T0005771307,2
T0005771308,2
T0005771314,2
T0005771318,3
T0005771319,3
T0005771320,1
T0005771327,2
T0005771329,1
T0005771330,3
T0005771333,2
T0005771338,3
T0005771341,2
T0005771344,2
T0005771345,2
T0005771346,2
T0005771349,2
T0005771350,1
T0005771351,3
T0005771353,2
T0005771354,1
T0005771355,1
T0005771358,1
T0005771359,2
T0005771361,3
T0005771363,2
T0005771368,2
T0005771369,1
T0005771373,1
T0005771375,2
T0005771379,3
T0005771380,3
T0005771381,1
T0005771388,2
T0005771390,3
T0005771392,1
T0005771394,2
T0005771396,2
T0005771398,2
T0005771399,3
T0005771402,1
T0005771403,1
T0005771404,1
T0005771405,1
T0005771408,2
T0005771409,2
T0005771412,3
T0005771414,3
T0005771417,1
T0005771418,2
T0005771421,2
T0005771428,2
T0005771431,2
T0005771434,2
T0005771437,2
T0005771438,2
T0005771440,2
T0005771446,3
T0005771447,2
T0005771449,2
T0005771450,3
T0005771451,2
T0005771455,1
T0005771456,1
T0005771461,2
T0005771462,1
T0005771464,2
T0005771466,3
T0005771470,2
T0005771472,2
T0005771474,3
T0005771478,1
T0005771479,3
T0005771480,3
T0005771482,2
T0005771484,1
T0005771501,2
T0005771502,2
T0005771503,1
T0005771506,3
T0005771508,2
T0005771509,2
T0005771512,3
T0005771514,2
T0005771516,1
T0005771517,3
T0005771531,2
T0005771535,2
T0005771538,1
T0005771540,2
T0005771543,3
T0005771545,3
T0005771546,1
T0005771549,2
T0005771551,3
T0005771553,1
T0005771556,3
T0005771557,3
T0005771560,1
T0005771561,2
T0005771562,2
T0005771568,2
T0005771569,1
T0005771571,1
T0005771572,1
T0005771573,3
T0005771576,1
T0005771577,2
T0005771578,2
T0005771581,2
T0005771583,3
T0005771589,2
T0005771590,2
T0005771593,3
T0005771594,1
T0005771596,2
T0005771598,2
T0005771604,1
T0005771606,1
T0005771607,3
T0005771613,1
T0005771620,2
T0005771623,3
T0005771624,2
T0005771625,2
T0005771626,2
T0005771628,3
T0005771631,3
T0005771633,2
T0005771636,3
T0005771639,3
T0005771640,3
T0005771641,2
T0005771642,2
T0005771645,3
T0005771646,2
T0005771648,3
T0005771649,3
T0005771651,2
T0005771652,3
T0005771653,1
T0005771654,3
T0005771658,3
T0005771661,3
T0005771664,2
T0005771665,2
T0005771668,2
T0005771669,2
T0005771672,2
T0005771674,2
T0005771675,1
T0005771676,3
T0005771677,2
T0005771680,1
T0005771681,3
T0005771685,2
T0005771688,2
T0005771689,2
T0005771691,3
T0005771694,3
T0005771699,2
T0005771700,2
T0005771701,1
T0005771706,3
T0005771712,3
T0005771713,2
T0005771714,1
T0005771715,3
T0005771716,3
T0005771717,2
T0005771718,2
T0005771719,2
T0005771722,2
T0005771726,1
T0005771727,3
T0005771729,3
T0005771730,2
T0005771731,2
T0005771733,1
T0005771734,3
T0005771735,1
T0005771740,3
T0005771742,1
T0005771743,1
T0005771747,2
T0005771749,2
T0005771751,2
T0005771752,2
T0005771753,2
T0005771758,3
T0005771759,1
T0005771760,2
T0005771762,2
T0005771763,1
T0005771765,2
T0005771766,3
T0005771767,2
T0005771769,3
T0005771770,3
T0005771774,2
T0005771775,2
T0005771777,1
T0005771780,3
T0005771786,1
T0005771787,1
T0005771788,2
T0005771793,3
T0005771796,1
T0005771799,1
T0005771800,2
T0005771802,3
T0005771808,3
T0005771811,3
T0005771816,3
T0005771818,3
T0005771822,2
T0005771823,2
T0005771827,1
T0005771828,3
T0005771832,3
T0005771833,2
T0005771834,3
T0005771835,3
T0005771836,3
T0005771838,3
T0005771840,3
T0005771841,1
T0005771843,2
T0005771844,1
T0005771846,2
T0005771847,1
T0005771849,2
T0005771850,3
T0005771853,2
T0005771855,1
T0005771856,2
T0005771860,3
T0005771862,3
T0005771863,3
T0005771865,2
T0005771866,2
T0005771868,2
T0005771869,1
T0005771872,2
T0005771879,2
T0005771880,2
T0005771883,1
T0005771886,2
T0005771887,3
T0005771889,2
T0005771894,1
T0005771899,2
T0005771900,1
T0005771902,2
T0005771906,2
T0005771907,1
T0005771908,2
T0005771909,2
T0005771917,1
T0005771919,2
T0005771921,3
T0005771923,3
T0005771924,2
T0005771926,3
T0005771930,3
T0005771932,3
T0005771933,2
T0005771934,1
T0005771935,1
T0005771936,1
T0005771938,3
T0005771946,2
T0005771951,2
T0005771954,2
T0005771957,1
T0005771958,2
T0005771965,2
T0005771973,1
T0005771974,2
T0005771975,2
T0005771978,1
T0005771983,2
T0005771986,2
T0005771987,2
T0005771988,2
T0005771990,1
T0005772004,2
T0005772005,2
T0005772011,1
T0005772012,3
T0005772014,2
T0005772015,3
T0005772016,1
T0005772017,2
T0005772021,2
T0005772031,1
T0005772033,3
T0005772034,2
T0005772035,2
T0005772036,3
T0005772037,2
T0005772039,1
T0005772041,2
T0005772042,1
T0005772049,2
T0005772053,2
T0005772056,3
T0005772057,2
T0005772058,2
T0005772059,2
T0005772060,3
T0005772061,2
T0005772063,2
T0005772067,3
T0005772068,2
T0005772070,1
T0005772074,2
T0005772076,2
T0005772077,1
T0005772080,3
T0005772082,2
T0005772091,2
T0005772094,2
T0005772096,2
T0005772097,3
T0005772099,2
T0005772103,3
T0005772104,2
T0005772111,1
T0005772119,3
T0005772124,1
T0005772126,1
T0005772127,1
T0005772128,3
T0005772129,3
T0005772130,3
T0005772131,2
T0005772134,2
T0005772139,2
T0005772141,2
T0005772142,1
T0005772148,2
T0005772149,2
T0005772151,2
T0005772160,3
T0005772161,1
T0005772162,2
T0005772163,1
T0005772167,1
T0005772171,2
T0005772172,1
T0005772175,2
T0005772188,2
T0005772189,1
T0005772191,2
T0005772192,3
T0005772196,3
T0005772200,3
T0005772203,2
T0005772204,3
T0005772205,2
T0005772206,2
T0005772208,2
T0005772209,2
T0005772213,2
T0005772216,3
T0005772217,2
T0005772219,1
T0005772220,2
T0005772222,3
T0005772223,2
T0005772228,3
T0005772231,3
T0005772234,2
T0005772235,2
T0005772236,2
T0005772240,3
T0005772241,2
T0005772243,2
T0005772244,1
T0005772247,3
T0005772249,3
T0005772257,1
T0005772261,2
T0005772262,1
T0005772263,2
T0005772264,2
T0005772266,2
T0005772267,2
T0005772268,3
T0005772269,3
T0005772273,3
T0005772280,3
T0005772285,2
T0005772286,2
T0005772289,2
T0005772293,3
T0005772295,2
T0005772296,2
T0005772298,2
T0005772302,2
T0005772303,2
T0005772306,2
T0005772310,2
T0005772315,2
T0005772316,1
T0005772317,2
T0005772318,2
T0005772320,3
T0005772327,1
T0005772329,1
T0005772335,2
T0005772337,2
T0005772338,2
T0005772341,2
T0005772342,2
T0005772343,3
T0005772345,3
T0005772347,3
T0005772349,2
T0005772352,3
T0005772355,1
T0005772356,2
T0005772357,1
T0005772359,2
T0005772361,3
T0005772362,3
T0005772363,2
T0005772364,1
T0005772365,2
T0005772369,3
T0005772370,2
T0005772371,3
T0005772374,3
T0005772375,3
T0005772377,2
T0005772382,2
T0005772391,1
T0005772400,2
T0005772409,2
T0005772413,2
T0005772414,2
T0005772417,2
T0005772418,2
T0005772419,1
T0005772422,3
T0005772423,2
T0005772427,1
T0005772428,2
T0005772430,2
T0005772432,2
T0005772433,3
T0005772434,3
T0005772438,1
T0005772439,3
T0005772441,2
T0005772443,3
T0005772444,3
T0005772448,1
T0005772449,2
T0005772450,2
T0005772451,2
T0005772452,1
T0005772453,3
T0005772456,2
T0005772458,2
T0005772461,2
T0005772463,1
T0005772465,2
T0005772466,3
T0005772468,2
T0005772470,2
T0005772473,1
T0005772476,2
T0005772479,2
T0005772482,3
T0005772483,1
T0005772484,3
T0005772485,3
T0005772488,1
T0005772490,2
T0005772491,1
T0005772498,2
T0005772499,3
T0005772500,2
T0005772502,2
T0005772506,2
T0005772509,2
T0005772515,2
T0005772520,2
T0005772521,3
T0005772523,1
T0005772524,2
T0005772527,3
T0005772535,3
T0005772538,3
T0005772539,2
T0005772540,2
T0005772541,1
T0005772543,2
T0005772545,3
T0005772548,2
T0005772550,2
T0005772551,2
T0005772556,1
T0005772559,3
T0005772560,1
T0005772564,1
T0005772568,2
T0005772573,2
T0005772575,2
T0005772576,1
T0005772578,2
T0005772580,2
T0005772581,3
T0005772583,2
T0005772589,3
T0005772591,1
T0005772593,2
T0005772594,2
T0005772599,2
T0005772602,1
T0005772605,3
T0005772606,2
T0005772607,2
T0005772612,3
T0005772613,1
T0005772614,3
T0005772616,3
T0005772618,3
T0005772621,1
T0005772625,2
T0005772631,1
T0005772633,2
T0005772635,2
T0005772637,1
T0005772640,1
T0005772641,2
T0005772643,3
T0005772647,2
T0005772648,3
T0005772651,3
T0005772653,1
T0005772655,2
T0005772657,2
T0005772659,2
T0005772661,2
T0005772664,3
T0005772665,2
T0005772666,2
T0005772667,3
T0005772672,2
T0005772674,2
T0005772676,2
T0005772679,3
T0005772680,2
T0005772681,3
T0005772683,3
T0005772685,2
T0005772686,2
T0005772688,3
T0005772690,3
T0005772696,2
T0005772697,2
T0005772698,3
T0005772700,3
T0005772702,1
T0005772705,3
T0005772706,3
T0005772708,3
T0005772711,2
T0005772712,1
T0005772722,2
T0005772726,2
T0005772727,2
T0005772729,1
T0005772730,2
T0005772731,2
T0005772733,2
T0005772734,1
T0005772737,1
T0005772738,3
T0005772740,2
T0005772742,2
T0005772744,2
T0005772745,2
T0005772749,1
T0005772751,3
T0005772753,3
T0005772755,2
T0005772756,3
T0005772758,2
T0005772764,3
T0005772765,1
T0005772766,2
T0005772767,2
T0005772774,1
T0005772778,1
T0005772780,2
T0005772781,2
T0005772784,1
T0005772794,3
T0005772795,3
T0005772799,1
T0005772800,2
T0005772802,2
T0005772803,2
T0005772805,1
T0005772809,3
T0005772815,1
T0005772816,3
T0005772821,2
T0005772828,2
T0005772831,2
T0005772832,3
T0005772836,2
T0005772837,3
T0005772839,3
T0005772841,2
T0005772846,1
T0005772847,2
T0005772848,1
T0005772851,3
T0005772854,3
T0005772856,2
T0005772857,2
T0005772861,3
T0005772867,3
T0005772869,2
T0005772871,2
T0005772879,2
T0005772880,3
T0005772884,3
T0005772885,1
T0005772887,1
T0005772888,3
T0005772889,2
T0005772890,3
T0005772895,2
T0005772896,3
T0005772897,2
T0005772903,2
T0005772907,2
T0005772912,2
T0005772913,2
T0005772916,1
T0005772917,3
T0005772918,3
T0005772920,2
T0005772921,3
T0005772926,2
T0005772933,2
T0005772936,2
T0005772937,3
T0005772939,1
T0005772942,3
T0005772944,3
T0005772945,1
T0005772947,2
T0005772948,2
T0005772951,2
T0005772952,2
T0005772953,3
T0005772958,3
T0005772959,2
T0005772960,2
T0005772962,2
T0005772968,3
T0005772969,2
T0005772973,2
T0005772976,2
T0005772977,3
T0005772979,2
T0005772986,2
T0005772991,2
T0005772992,1
T0005772993,2
T0005772994,1
T0005772995,3
T0005772998,3
T0005772999,3
T0005773000,1
T0005773005,1
T0005773008,1
T0005773009,2
T0005773012,2
T0005773013,3
T0005773023,3
T0005773027,3
T0005773028,3
T0005773030,3
T0005773036,1
T0005773040,2
T0005773046,2
T0005773047,2
T0005773048,3
T0005773049,2
T0005773051,3
T0005773052,2
T0005773054,2
T0005773056,2
T0005773060,3
T0005773061,1
T0005773063,1
T0005773067,2
T0005773068,2
T0005773070,3
T0005773073,1
T0005773076,1
T0005773077,2
T0005773078,2
T0005773079,3
T0005773080,2
T0005773082,3
T0005773085,2
T0005773086,2
T0005773088,2
T0005773090,3
T0005773094,3
T0005773098,2
T0005773101,2
T0005773102,2
T0005773105,1
T0005773106,2
T0005773110,2
T0005773111,2
T0005773114,3
T0005773115,1
T0005773117,2
T0005773128,1
T0005773130,1
T0005773131,3
T0005773133,1
T0005773134,2
T0005773138,2
T0005773139,3
T0005773140,3
T0005773144,3
T0005773147,2
T0005773149,2
T0005773151,2
T0005773155,3
T0005773156,2
T0005773157,3
T0005773158,2
T0005773159,3
T0005773162,3
T0005773163,1
T0005773165,1
T0005773166,3
T0005773167,1
T0005773169,2
T0005773170,2
T0005773171,3
T0005773174,2
T0005773179,2
T0005773181,2
T0005773186,2
T0005773187,2
T0005773189,3
T0005773192,3
T0005773193,1
T0005773195,2
T0005773197,2
T0005773199,3
T0005773204,2
T0005773205,1
T0005773206,1
T0005773208,2
T0005773216,3
T0005773217,2
T0005773219,3
T0005773220,2
T0005773221,1
T0005773222,2
T0005773223,3
T0005773225,2
T0005773226,3
T0005773227,2
T0005773229,1
T0005773235,2
T0005773236,2
T0005773240,3
T0005773241,1
T0005773245,3
T0005773247,1
T0005773249,2
T0005773250,2
T0005773254,2
T0005773255,1
T0005773257,2
T0005773260,2
T0005773262,1
T0005773263,3
T0005773264,3
T0005773266,3
T0005773272,2
T0005773274,2
T0005773280,2
T0005773282,2
T0005773283,3
T0005773284,2
T0005773287,3
T0005773288,2
T0005773290,3
T0005773292,1
T0005773295,1
T0005773296,2
T0005773297,1
T0005773299,3
T0005773300,1
T0005773305,2
T0005773307,1
T0005773308,3
T0005773311,3
T0005773312,2
T0005773313,1
T0005773315,3
T0005773316,3
T0005773317,2
T0005773320,3
T0005773321,1
T0005773323,2
T0005773324,1
T0005773325,3
T0005773326,3
T0005773327,2
T0005773330,3
T0005773331,2
T0005773332,1
T0005773334,3
T0005773335,2
T0005773339,2
T0005773341,3
T0005773342,2
T0005773344,3
T0005773345,3
T0005773346,1
T0005773350,2
T0005773353,2
T0005773355,3
T0005773356,2
T0005773360,3
T0005773361,1
T0005773362,2
T0005773364,3
T0005773365,3
T0005773371,2
T0005773373,2
T0005773375,2
T0005773377,1
T0005773378,3
T0005773380,1
T0005773381,1
T0005773385,2
T0005773389,3
T0005773394,3
T0005773397,3
T0005773401,2
T0005773404,3
T0005773405,3
T0005773406,2
T0005773410,1
T0005773412,2
T0005773413,2
T0005773414,2
T0005773415,1
T0005773418,2
T0005773424,3
T0005773426,3
T0005773428,2
T0005773429,2
T0005773432,2
T0005773435,1
T0005773437,3
T0005773439,2
T0005773440,1
T0005773442,2
T0005773448,3
T0005773450,1
T0005773453,1
T0005773454,2
T0005773460,1
T0005773464,1
T0005773465,3
T0005773466,1
T0005773467,2
T0005773469,2
T0005773470,2
T0005773484,1
T0005773487,2
T0005773489,3
T0005773491,3
T0005773493,2
T0005773497,3
T0005773500,2
T0005773501,2
T0005773502,2
T0005773503,3
T0005773506,2
T0005773507,2
T0005773509,2
T0005773510,3
T0005773513,2
T0005773517,1
T0005773518,3
T0005773519,3
T0005773520,3
T0005773521,1
T0005773522,1
T0005773523,1
T0005773525,1
T0005773527,2
T0005773529,2
T0005773531,2
T0005773533,2
T0005773534,3
T0005773537,2
T0005773540,2
T0005773544,2
T0005773545,2
T0005773546,2
T0005773548,2
T0005773551,2
T0005773554,1
T0005773556,1
T0005773559,2
T0005773563,3
T0005773567,1
T0005773569,2
T0005773570,3
T0005773571,2
T0005773574,1
T0005773577,3
T0005773578,3
T0005773581,3
T0005773582,3
T0005773583,2
T0005773584,2
T0005773591,2
T0005773594,2
T0005773596,2
T0005773599,2
T0005773604,2
T0005773605,2
T0005773610,3
T0005773612,1
T0005773613,1
T0005773614,2
T0005773618,2
T0005773623,3
T0005773624,2
T0005773626,2
T0005773627,2
T0005773629,2
T0005773632,2
T0005773633,2
T0005773634,3
T0005773636,2
T0005773637,2
T0005773638,3
T0005773640,2
T0005773645,3
T0005773646,3
T0005773650,3
T0005773651,3
T0005773653,1
T0005773654,1
T0005773655,3
T0005773659,2
T0005773660,3
T0005773662,2
T0005773667,2
T0005773668,3
T0005773669,3
T0005773674,2
T0005773675,1
T0005773679,1
T0005773681,2
T0005773682,2
T0005773683,2
T0005773685,2
T0005773689,1
T0005773692,2
T0005773695,1
T0005773696,2
T0005773697,2
T0005773702,3
T0005773704,2
T0005773705,2
T0005773706,3
T0005773708,2
T0005773709,1
T0005773711,2
T0005773714,2
T0005773715,3
T0005773719,3
T0005773721,1
T0005773722,2
T0005773727,2
T0005773729,2
T0005773731,2
T0005773734,1
T0005773737,2
T0005773740,2
T0005773743,2
T0005773744,2
T0005773745,3
T0005773746,1
T0005773748,3
T0005773750,3
T0005773751,2
T0005773755,2
T0005773756,2
T0005773758,1
T0005773761,3
T0005773763,3
T0005773765,2
T0005773771,2
T0005773772,2
T0005773773,3
T0005773775,2
T0005773778,2
T0005773779,2
T0005773780,1
T0005773782,2
T0005773783,2
T0005773784,2
T0005773788,2
T0005773789,3
T0005773790,3
T0005773796,2
T0005773798,3
T0005773799,2
T0005773800,2
T0005773804,2
T0005773805,1
T0005773806,2
T0005773807,1
T0005773808,1
T0005773809,2
T0005773810,2
T0005773812,2
T0005773815,2
T0005773822,2
T0005773823,2
T0005773825,2
T0005773826,2
T0005773828,1
T0005773830,1
T0005773831,2
T0005773832,3
T0005773835,1
T0005773836,2
T0005773838,2
T0005773840,2
T0005773843,3
T0005773847,1
T0005773849,2
T0005773851,3
T0005773855,2
T0005773865,3
T0005773866,2
T0005773867,2
T0005773868,2
T0005773869,2
T0005773872,3
T0005773876,2
T0005773878,2
T0005773879,3
T0005773880,2
T0005773883,1
T0005773885,3
T0005773890,2
T0005773892,3
T0005773896,2
T0005773898,1
T0005773899,2
T0005773905,2
T0005773909,2
T0005773910,2
T0005773913,3
T0005773917,2
T0005773918,2
T0005773919,1
T0005773926,2
T0005773928,1
T0005773932,3
T0005773935,1
T0005773937,2
T0005773938,2
T0005773940,3
T0005773944,2
T0005773947,1
T0005773950,1
T0005773951,1
T0005773952,3
T0005773955,3
T0005773956,2
T0005773957,3
T0005773960,2
T0005773961,2
T0005773962,2
T0005773963,2
T0005773967,2
T0005773972,2
T0005773976,2
T0005773977,2
T0005773982,3
T0005773985,2
T0005773986,1
T0005773987,3
T0005773988,2
T0005773990,2
T0005773992,1
T0005773994,2
T0005773997,3
T0005773998,2
T0005774000,3
T0005774005,3
T0005774007,3
T0005774008,3
T0005774009,1
T0005774011,2
T0005774014,3
T0005774015,3
T0005774016,3
T0005774020,3
T0005774021,2
T0005774029,2
T0005774030,2
T0005774031,3
T0005774036,1
T0005774039,1
T0005774040,2
T0005774041,1
T0005774043,3
T0005774047,2
T0005774053,2
T0005774054,2
T0005774056,2
T0005774060,2
T0005774061,2
T0005774062,1
T0005774065,1
T0005774066,1
T0005774067,3
T0005774069,3
T0005774070,2
T0005774071,2
T0005774072,2
T0005774073,1
T0005774074,2
T0005774075,3
T0005774077,2
T0005774081,2
T0005774082,2
T0005774089,2
T0005774092,2
T0005774093,2
T0005774096,3
T0005774100,3
T0005774103,1
T0005774106,2
T0005774111,2
T0005774113,1
T0005774115,2
T0005774116,3
T0005774119,2
T0005774122,3
T0005774123,2
T0005774126,3
T0005774130,2
T0005774133,3
T0005774135,2
T0005774136,1
T0005774137,2
T0005774139,2
T0005774142,2
T0005774144,3
T0005774147,1
T0005774150,2
T0005774152,2
T0005774153,2
T0005774154,2
T0005774156,1
T0005774157,2
T0005774162,1
T0005774164,2
T0005774165,3
T0005774169,2
T0005774171,2
T0005774174,3
T0005774178,2
T0005774182,3
T0005774183,1
T0005774187,2
T0005774189,3
T0005774190,2
T0005774196,2
T0005774199,2
T0005774200,3
T0005774203,3
T0005774204,3
T0005774205,1
T0005774211,2
T0005774213,2
T0005774214,2
T0005774218,1
T0005774220,3
T0005774222,3
T0005774227,2
T0005774233,3
T0005774240,2
T0005774242,2
T0005774248,2
T0005774250,2
T0005774252,3
T0005774253,2
T0005774257,2
T0005774259,2
T0005774262,2
T0005774265,3
T0005774267,2
T0005774272,1
T0005774273,2
T0005774275,1
T0005774282,1
T0005774283,3
T0005774284,2
T0005774285,2
T0005774288,1
T0005774294,2
T0005774299,1
T0005774301,2
T0005774310,2
T0005774311,2
T0005774312,3
T0005774315,2
T0005774316,3
T0005774317,2
T0005774318,2
T0005774322,3
T0005774323,3
T0005774326,2
T0005774330,2
T0005774331,2
T0005774335,1
T0005774340,3
T0005774343,3
T0005774345,2
T0005774346,3
T0005774351,3
T0005774353,3
T0005774357,2
T0005774358,3
T0005774365,3
T0005774366,2
T0005774371,2
T0005774375,3
T0005774376,1
T0005774378,1
T0005774380,2
T0005774383,2
T0005774386,1
T0005774389,2
T0005774390,2
T0005774393,1
T0005774395,2
T0005774397,2
T0005774399,3
T0005774402,2
T0005774403,3
T0005774405,3
T0005774408,3
T0005774409,3
T0005774414,1
T0005774415,2
T0005774416,3
T0005774417,2
T0005774418,2
T0005774422,3
T0005774424,1
T0005774426,2
T0005774427,3
T0005774428,2
T0005774432,2
T0005774433,2
T0005774434,3
T0005774438,2
T0005774439,2
T0005774440,1
T0005774442,1
T0005774447,2
T0005774449,1
T0005774451,3
T0005774453,3
T0005774455,1
T0005774457,1
T0005774459,2
T0005774460,2
T0005774461,3
T0005774462,3
T0005774463,1
T0005774464,2
T0005774466,2
T0005774476,2
T0005774478,3
T0005774481,2
T0005774482,3
T0005774484,3
T0005774485,1
T0005774487,3
T0005774488,2
T0005774490,3
T0005774495,2
T0005774499,1
T0005774504,3
T0005774507,1
T0005774508,2
T0005774509,2
T0005774512,2
T0005774517,1
T0005774518,2
T0005774520,2
T0005774523,1
T0005774525,3
T0005774526,2
T0005774532,3
T0005774534,2
T0005774535,3
T0005774543,3
T0005774547,3
T0005774554,2
T0005774560,2
T0005774569,3
T0005774570,1
T0005774573,2
T0005774574,2
T0005774576,1
T0005774577,2
T0005774579,2
T0005774584,2
T0005774585,2
T0005774592,2
T0005774593,2
T0005774594,2
T0005774596,2
T0005774599,2
T0005774600,2
T0005774602,1
T0005774609,2
T0005774611,1
T0005774619,3
T0005774620,2
T0005774621,2
T0005774624,3
T0005774626,2
T0005774632,3
T0005774634,1
T0005774635,2
T0005774638,2
T0005774640,2
T0005774642,1
T0005774643,1
T0005774652,3
T0005774654,3
T0005774659,1
T0005774661,2
T0005774662,2
T0005774663,3
T0005774665,3
T0005774666,3
T0005774667,3
T0005774669,1
T0005774671,2
T0005774674,3
T0005774676,2
T0005774678,2
T0005774680,1
T0005774681,2
T0005774683,2
T0005774687,2
T0005774688,2
T0005774691,1
T0005774693,3
T0005774694,2
T0005774696,1
T0005774697,2
T0005774701,2
T0005774706,2
T0005774711,3
T0005774713,3
T0005774716,1
T0005774717,3
T0005774718,2
T0005774719,2
T0005774720,3
T0005774722,3
T0005774726,2
T0005774727,3
T0005774728,2
T0005774729,2
T0005774730,1
T0005774731,2
T0005774735,1
T0005774739,2
T0005774740,2
T0005774741,1
T0005774743,3
T0005774745,1
T0005774750,1
T0005774752,2
T0005774753,3
T0005774755,3
T0005774756,2
T0005774757,1
T0005774758,2
T0005774761,3
T0005774763,3
T0005774764,1
T0005774768,2
T0005774770,1
T0005774771,2
T0005774775,3
T0005774776,3
T0005774778,2
T0005774779,3
T0005774780,1
T0005774783,2
T0005774784,3
T0005774787,3
T0005774791,3
T0005774792,3
T0005774793,2
T0005774796,1
T0005774801,2
T0005774804,3
T0005774806,2
T0005774807,1
T0005774809,2
T0005774813,1
T0005774815,1
T0005774817,3
T0005774818,2
T0005774822,2
T0005774823,3
T0005774824,3
T0005774832,3
T0005774833,3
T0005774834,1
T0005774836,3
T0005774847,3
T0005774851,3
T0005774854,2
T0005774857,3
T0005774858,1
T0005774859,1
T0005774863,2
T0005774864,3
T0005774866,3
T0005774873,3
T0005774875,2
T0005774877,2
T0005774885,1
T0005774890,3
T0005774891,2
T0005774893,1
T0005774894,2
T0005774896,1
T0005774898,3
T0005774901,3
T0005774902,3
T0005774904,3
T0005774908,2
T0005774911,2
T0005774915,3
T0005774920,2
T0005774923,2
T0005774925,2
T0005774932,1
T0005774935,2
T0005774937,3
T0005774939,1
T0005774942,2
T0005774944,2
T0005774947,1
T0005774948,3
T0005774949,3
T0005774956,1
T0005774957,2
T0005774960,3
T0005774966,2
T0005774968,3
T0005774974,3
T0005774978,2
T0005774979,3
T0005774980,3
T0005774981,3
T0005774982,1
T0005774983,3
T0005774985,1
T0005774987,2
T0005774989,2
T0005774990,2
T0005774991,2
T0005774992,1
T0005774993,1
T0005774996,2
T0005774997,2
T0005775002,2
T0005775003,1
T0005775004,2
T0005775007,2
T0005775009,2
T0005775012,2
T0005775013,2
T0005775017,1
T0005775018,3
T0005775019,3
T0005775022,2
T0005775024,2
T0005775025,2
T0005775027,2
T0005775033,3
T0005775034,3
T0005775038,2
T0005775040,2
T0005775041,2
T0005775042,2
T0005775045,3
T0005775047,2
T0005775052,3
T0005775053,1
T0005775055,3
T0005775056,2
T0005775059,1
T0005775061,2
T0005775065,2
T0005775068,1
T0005775069,2
T0005775071,1
T0005775072,2
T0005775075,3
T0005775076,2
T0005775081,2
T0005775084,2
T0005775086,1
T0005775087,2
T0005775092,2
T0005775093,3
T0005775094,2
T0005775095,2
T0005775098,3
T0005775101,2
T0005775104,3
T0005775107,2
T0005775113,3
T0005775114,2
T0005775119,2
T0005775120,1
T0005775127,2
T0005775130,2
T0005775131,2
T0005775135,3
T0005775136,2
T0005775138,1
T0005775139,2
T0005775143,2
T0005775144,2
T0005775145,2
T0005775155,1
T0005775157,3
T0005775158,1
T0005775162,1
T0005775166,2
T0005775169,3
T0005775170,2
T0005775173,2
T0005775177,1
T0005775180,1
T0005775181,3
T0005775182,3
T0005775184,3
T0005775185,2
T0005775187,3
T0005775189,2
T0005775191,1
T0005775193,2
T0005775196,2
T0005775200,2
T0005775202,3
T0005775204,3
T0005775206,2
T0005775208,3
T0005775209,3
T0005775212,2
T0005775215,2
T0005775218,3
T0005775219,1
T0005775220,3
T0005775221,3
T0005775227,1
T0005775228,1
T0005775230,2
T0005775233,3
T0005775235,2
T0005775238,2
T0005775239,2
T0005775240,1
T0005775241,2
T0005775244,3
T0005775250,1
T0005775252,2
T0005775256,1
T0005775257,1
T0005775258,3
T0005775262,2
T0005775264,1
T0005775265,1
T0005775266,3
T0005775269,3
T0005775270,2
T0005775273,1
T0005775278,2
T0005775279,3
T0005775280,2
T0005775282,3
T0005775283,3
T0005775285,2
T0005775288,1
T0005775289,3
T0005775290,1
T0005775292,3
T0005775294,2
T0005775297,3
T0005775301,2
T0005775311,3
T0005775316,3
T0005775317,3
T0005775325,3
T0005775330,1
T0005775335,2
T0005775336,3
T0005775341,2
T0005775342,3
T0005775343,1
T0005775345,3
T0005775348,2
T0005775349,2
T0005775354,3
T0005775358,2
T0005775360,2
T0005775361,2
T0005775364,1
T0005775366,2
T0005775367,2
T0005775371,2
T0005775372,3
T0005775374,2
T0005775378,3
T0005775380,1
T0005775382,2
T0005775383,3
T0005775385,2
T0005775387,2
T0005775388,3
T0005775389,2
T0005775390,1
T0005775393,2
T0005775395,2
T0005775397,2
T0005775402,2
T0005775403,1
T0005775405,2
T0005775406,1
T0005775408,3
T0005775411,2
T0005775413,2
T0005775415,3
T0005775416,2
T0005775418,1
T0005775422,2
T0005775425,2
T0005775428,3
T0005775429,2
T0005775434,2
T0005775435,3
T0005775436,1
T0005775437,1
T0005775439,1
T0005775442,3
T0005775443,3
T0005775458,1
T0005775459,2
T0005775460,3
T0005775463,3
T0005775465,2
T0005775466,3
T0005775472,2
T0005775476,2
T0005775479,1
T0005775480,1
T0005775489,2
T0005775500,2
T0005775505,1
T0005775506,2
T0005775507,1
T0005775510,3
T0005775511,3
T0005775514,1
T0005775518,3
T0005775520,2
T0005775522,2
T0005775524,2
T0005775527,2
T0005775529,2
T0005775530,2
T0005775531,2
T0005775536,3
T0005775537,3
T0005775538,3
T0005775539,3
T0005775540,2
T0005775544,3
T0005775545,3
T0005775546,2
T0005775548,3
T0005775551,3
T0005775552,2
T0005775553,2
T0005775554,3
T0005775555,2
T0005775559,2
T0005775560,1
T0005775561,1
T0005775565,2
T0005775571,1
T0005775572,2
T0005775574,1
T0005775578,2
T0005775579,2
T0005775581,1
T0005775583,1
T0005775587,3
T0005775589,1
T0005775592,1
T0005775594,3
T0005775597,3
T0005775598,2
T0005775605,2
T0005775607,3
T0005775613,3
T0005775617,1
T0005775620,2
T0005775621,3
T0005775623,3
T0005775625,3
T0005775629,3
T0005775630,2
T0005775631,3
T0005775636,3
T0005775637,2
T0005775642,2
T0005775643,2
T0005775645,3
T0005775652,2
T0005775654,2
T0005775655,3
T0005775658,1
T0005775659,3
T0005775660,3
T0005775662,3
T0005775667,2
T0005775668,1
T0005775669,1
T0005775670,1
T0005775671,1
T0005775672,3
T0005775673,2
T0005775675,1
T0005775678,2
T0005775680,1
T0005775682,2
T0005775683,2
T0005775685,3
T0005775686,2
T0005775689,2
T0005775694,2
T0005775697,2
T0005775699,2
T0005775700,2
T0005775703,3
T0005775704,3
T0005775705,3
T0005775707,2
T0005775708,3
T0005775716,3
T0005775720,1
T0005775721,1
T0005775724,3
T0005775725,2
T0005775726,2
T0005775732,3
T0005775733,2
T0005775734,1
T0005775735,3
T0005775736,1
T0005775737,2
T0005775738,2
T0005775742,2
T0005775743,1
T0005775752,2
T0005775754,2
T0005775757,1
T0005775758,3
T0005775760,1
T0005775761,1
T0005775762,2
T0005775763,2
T0005775769,2
T0005775770,2
T0005775773,1
T0005775781,2
T0005775784,3
T0005775786,2
T0005775788,3
T0005775789,2
T0005775791,1
T0005775795,3
T0005775797,2
T0005775798,2
T0005775802,3
T0005775809,1
T0005775821,2
T0005775829,2
T0005775832,1
T0005775836,1
T0005775837,3
T0005775838,2
T0005775839,1
T0005775840,2
T0005775844,2
T0005775847,2
T0005775852,2
T0005775854,3
T0005775857,3
T0005775861,2
T0005775866,2
T0005775870,2
T0005775878,2
T0005775882,2
T0005775885,1
T0005775886,3
T0005775889,1
T0005775890,1
T0005775895,3
T0005775896,2
T0005775897,2
T0005775899,3
T0005775900,3
T0005775903,2
T0005775906,2
T0005775907,3
T0005775908,2
T0005775909,3
T0005775910,1
T0005775912,1
T0005775916,2
T0005775917,2
T0005775920,3
T0005775921,1
T0005775922,2
T0005775932,1
T0005775934,2
T0005775939,2
T0005775943,2
T0005775945,2
T0005775948,2
T0005775949,3
T0005775954,2
T0005775956,1
T0005775957,1
T0005775958,2
T0005775959,3
T0005775966,2
T0005775968,2
T0005775977,2
T0005775978,3
T0005775980,3
T0005775981,1
T0005775983,2
T0005775985,3
T0005775987,3
T0005775991,3
T0005775994,2
T0005775997,1
T0005776002,3
T0005776007,2
T0005776009,2
T0005776011,1
T0005776016,1
T0005776018,3
T0005776019,2
T0005776020,2
T0005776022,3
T0005776024,2
T0005776027,3
T0005776028,2
T0005776030,1
T0005776031,2
T0005776034,2
T0005776035,2
T0005776036,2
T0005776038,3
T0005776039,3
T0005776040,2
T0005776041,3
T0005776045,2
T0005776046,3
T0005776047,2
T0005776048,1
T0005776051,3
T0005776053,3
T0005776055,2
T0005776058,2
T0005776061,2
T0005776064,2
T0005776067,3
T0005776071,3
T0005776074,1
T0005776075,2
T0005776077,3
T0005776080,1
T0005776081,3
T0005776082,2
T0005776084,1
T0005776085,2
T0005776087,3
T0005776096,3
T0005776101,3
T0005776102,2
T0005776112,2
T0005776116,2
T0005776119,2
T0005776121,2
T0005776123,1
T0005776130,1
T0005776133,2
T0005776134,2
T0005776140,3
T0005776141,1
T0005776143,2
T0005776144,2
T0005776146,2
T0005776148,2
T0005776152,3
T0005776154,2
T0005776155,1
T0005776156,2
T0005776158,1
T0005776159,2
T0005776161,2
T0005776164,2
T0005776170,3
T0005776171,2
T0005776172,2
T0005776176,1
T0005776177,2
T0005776183,3
T0005776192,2
T0005776193,3
T0005776197,2
T0005776200,1
T0005776201,1
T0005776210,3
T0005776214,3
T0005776218,3
T0005776221,1
T0005776223,3
T0005776224,1
T0005776229,1
T0005776230,3
T0005776235,1
T0005776237,3
T0005776239,3
T0005776240,2
T0005776243,2
T0005776245,2
T0005776246,3
T0005776247,3
T0005776248,2
T0005776252,2
T0005776254,3
T0005776255,2
T0005776256,2
T0005776258,3
T0005776264,2
T0005776265,2
T0005776267,2
T0005776269,2
T0005776270,3
T0005776272,1
T0005776275,1
T0005776280,2
T0005776286,3
T0005776290,2
T0005776294,3
T0005776297,2
T0005776298,3
T0005776300,1
T0005776301,3
T0005776307,3
T0005776308,1
T0005776309,2
T0005776310,1
T0005776315,2
T0005776319,2
T0005776323,3
T0005776325,3
T0005776326,3
T0005776327,3
T0005776330,3
T0005776331,2
T0005776333,2
T0005776337,2
T0005776341,1
T0005776346,2
T0005776347,3
T0005776348,3
T0005776354,3
T0005776360,3
T0005776361,1
T0005776367,2
T0005776369,2
T0005776370,1
T0005776371,3
T0005776372,1
T0005776374,3
T0005776377,2
T0005776378,3
T0005776379,1
T0005776380,3
T0005776381,3
T0005776385,3
T0005776386,2
T0005776389,1
T0005776392,2
T0005776394,2
T0005776405,3
T0005776412,1
T0005776415,3
T0005776417,1
T0005776421,1
T0005776424,2
T0005776429,3
T0005776434,1
T0005776435,3
T0005776436,1
T0005776437,2
T0005776440,2
T0005776442,2
T0005776445,2
T0005776447,2
T0005776448,1
T0005776450,3
T0005776451,2
T0005776454,3
T0005776456,1
T0005776457,2
T0005776458,1
T0005776459,3
T0005776462,3
T0005776463,2
T0005776465,1
T0005776466,3
T0005776469,3
T0005776470,2
T0005776475,3
T0005776476,1
T0005776477,1
T0005776479,2
T0005776483,2
T0005776485,2
T0005776489,2
T0005776492,3
T0005776493,3
T0005776494,3
T0005776500,2
T0005776502,3
T0005776506,3
T0005776508,3
T0005776509,2
T0005776514,2
T0005776524,2
T0005776528,1
T0005776529,2
T0005776531,3
T0005776532,2
T0005776535,2
T0005776536,2
T0005776542,3
T0005776544,2
T0005776545,2
T0005776549,2
T0005776560,3
T0005776570,3
T0005776572,2
T0005776574,2
T0005776576,1
T0005776578,3
T0005776579,3
T0005776583,2
T0005776585,2
T0005776586,2
T0005776587,2
T0005776591,2
T0005776592,2
T0005776593,2
T0005776597,2
T0005776602,2
T0005776603,2
T0005776604,3
T0005776608,2
T0005776609,1
T0005776610,1
T0005776614,3
T0005776618,3
T0005776619,2
T0005776622,2
T0005776623,2
T0005776624,1
T0005776626,2
T0005776627,1
T0005776631,1
T0005776633,2
T0005776637,2
T0005776639,3
T0005776645,2
T0005776650,1
T0005776651,2
T0005776653,2
T0005776656,3
T0005776657,1
T0005776659,1
T0005776663,2
T0005776668,2
T0005776670,2
T0005776675,2
T0005776677,1
T0005776680,1
T0005776686,3
T0005776688,3
T0005776691,3
T0005776692,3
T0005776693,2
T0005776698,1
T0005776699,2
T0005776703,1
T0005776704,2
T0005776709,3
T0005776711,3
T0005776713,2
T0005776715,1
T0005776719,2
T0005776720,3
T0005776726,3
T0005776727,3
T0005776729,2
T0005776736,1
T0005776738,2
T0005776745,3
T0005776746,3
T0005776748,3
T0005776751,2
T0005776755,2
T0005776759,3
T0005776760,1
T0005776763,1
T0005776765,1
T0005776766,1
T0005776767,2
T0005776768,3
T0005776769,1
T0005776770,2
T0005776771,1
T0005776776,2
T0005776781,1
T0005776782,2
T0005776789,2
T0005776790,2
T0005776792,3
T0005776799,1
T0005776801,3
T0005776802,2
T0005776805,2
T0005776806,2
T0005776809,3
T0005776810,1
T0005776813,3
T0005776814,2
T0005776815,1
T0005776818,1
T0005776819,3
T0005776823,3
T0005776826,2
T0005776828,1
T0005776832,1
T0005776833,3
T0005776835,1
T0005776836,1
T0005776839,2
T0005776840,3
T0005776844,2
T0005776847,2
T0005776849,1
T0005776851,3
T0005776854,2
T0005776861,2
T0005776862,3
T0005776864,3
T0005776865,3
T0005776867,3
T0005776869,2
T0005776874,3
T0005776885,3
T0005776887,1
T0005776889,3
T0005776891,2
T0005776892,1
T0005776895,3
T0005776896,2
T0005776900,2
T0005776902,1
T0005776904,3
T0005776905,3
T0005776906,3
T0005776908,2
T0005776910,2
T0005776914,3
T0005776925,2
T0005776926,2
T0005776929,3
T0005776930,1
T0005776932,3
T0005776935,3
T0005776937,1
T0005776939,2
T0005776941,3
T0005776943,3
T0005776944,3
T0005776946,3
T0005776947,3
T0005776949,2
T0005776951,2
T0005776954,2
T0005776958,2
T0005776959,1
T0005776960,3
T0005776964,2
T0005776968,3
T0005776972,3
T0005776976,3
T0005776977,3
T0005776978,2
T0005776979,3
T0005776982,2
T0005776987,2
T0005776988,3
T0005776990,2
T0005776991,2
T0005776999,1
T0005777006,2
T0005777007,2
T0005777008,1
T0005777009,2
T0005777010,1
T0005777012,2
T0005777013,2
T0005777015,1
T0005777020,1
T0005777022,3
T0005777025,2
T0005777029,3
T0005777031,3
T0005777032,3
T0005777033,3
T0005777034,2
T0005777038,3
T0005777040,3
T0005777041,1
T0005777042,2
T0005777043,3
T0005777046,2
T0005777047,2
T0005777049,2
T0005777058,1
T0005777059,1
T0005777064,3
T0005777065,2
T0005777066,2
T0005777071,2
T0005777072,2
T0005777076,1
T0005777089,3
T0005777092,2
T0005777093,2
T0005777097,2
T0005777100,2
T0005777101,1
T0005777102,2
T0005777103,3
T0005777104,2
T0005777106,2
T0005777107,2
T0005777108,2
T0005777109,3
T0005777112,1
T0005777114,3
T0005777115,2
T0005777117,3
T0005777120,2
T0005777123,1
T0005777124,1
T0005777125,2
T0005777127,3
T0005777128,3
T0005777129,1
T0005777132,3
T0005777133,2
T0005777134,3
T0005777137,2
T0005777142,2
T0005777143,2
T0005777144,2
T0005777145,3
T0005777147,1
T0005777150,2
T0005777151,3
T0005777156,3
T0005777163,3
T0005777168,3
T0005777169,3
T0005777170,3
T0005777177,2
T0005777179,2
T0005777185,3
T0005777191,2
T0005777196,2
T0005777199,2
T0005777201,2
T0005777202,2
T0005777205,1
T0005777207,1
T0005777208,3
T0005777209,3
T0005777214,3
T0005777215,3
T0005777217,2
T0005777219,3
T0005777221,1
T0005777224,1
T0005777225,3
T0005777229,2
T0005777230,2
T0005777231,2
T0005777232,1
T0005777236,3
T0005777239,2
T0005777245,2
T0005777247,3
T0005777249,2
T0005777250,2
T0005777253,2
T0005777255,2
T0005777259,2
T0005777261,2
T0005777262,3
T0005777263,2
T0005777270,2
T0005777272,3
T0005777273,3
T0005777276,3
T0005777278,2
T0005777279,2
T0005777281,3
T0005777282,1
T0005777285,2
T0005777286,3
T0005777287,2
T0005777288,2
T0005777289,2
T0005777292,2
T0005777293,3
T0005777295,2
T0005777297,1
T0005777298,2
T0005777302,2
T0005777303,1
T0005777304,2
T0005777305,2
T0005777308,2
T0005777310,2
T0005777314,2
T0005777318,3
T0005777319,2
T0005777326,2
T0005777327,3
T0005777330,2
T0005777331,1
T0005777334,2
T0005777339,2
T0005777342,2
T0005777343,2
T0005777346,2
T0005777351,3
T0005777352,3
T0005777354,1
T0005777359,3
T0005777362,2
T0005777366,3
T0005777368,1
T0005777370,2
T0005777373,2
T0005777374,1
T0005777375,3
T0005777376,1
T0005777378,2
T0005777379,2
T0005777383,2
T0005777388,1
T0005777389,2
T0005777390,3
T0005777391,2
T0005777395,2
T0005777396,2
T0005777397,1
T0005777398,2
T0005777401,2
T0005777405,2
T0005777406,3
T0005777412,3
T0005777414,2
T0005777415,3
T0005777417,3
T0005777419,2
T0005777421,1
T0005777424,2
T0005777425,1
T0005777427,1
T0005777428,2
T0005777429,1
T0005777431,2
T0005777434,1
T0005777435,2
T0005777436,3
T0005777438,3
T0005777439,1
T0005777442,3
T0005777451,1
T0005777456,2
T0005777459,1
T0005777460,2
T0005777467,3
T0005777474,1
T0005777475,2
T0005777476,3
T0005777481,1
T0005777482,2
T0005777483,2
T0005777487,2
T0005777488,2
T0005777491,2
T0005777492,2
T0005777495,1
T0005777497,2
T0005777500,2
T0005777502,2
T0005777504,1
T0005777507,3
T0005777510,3
T0005777512,3
T0005777514,3
T0005777519,1
T0005777521,3
T0005777523,3
T0005777524,3
T0005777526,1
T0005777527,1
T0005777528,1
T0005777529,3
T0005777530,3
T0005777531,2
T0005777541,1
T0005777542,1
T0005777543,2
T0005777549,2
T0005777559,1
T0005777560,2
T0005777563,2
T0005777569,3
T0005777572,3
T0005777577,2
T0005777578,2
T0005777580,1
T0005777582,3
T0005777583,3
T0005777585,3
T0005777587,3
T0005777588,2
T0005777590,3
T0005777591,3
T0005777594,3
T0005777596,2
T0005777600,2
T0005777602,3
T0005777607,2
T0005777608,2
T0005777610,2
T0005777611,3
T0005777612,2
T0005777615,3
T0005777616,2
T0005777618,2
T0005777619,2
T0005777620,2
T0005777625,2
T0005777627,3
T0005777629,2
T0005777630,2
T0005777636,1
T0005777640,2
T0005777643,1
T0005777645,3
T0005777646,1
T0005777649,3
T0005777652,3
T0005777657,1
T0005777659,2
T0005777660,1
T0005777662,3
T0005777665,2
T0005777666,2
T0005777668,2
T0005777669,2
T0005777670,2
T0005777671,1
T0005777672,2
T0005777673,2
T0005777674,1
T0005777676,2
T0005777682,2
T0005777687,1
T0005777688,3
T0005777691,3
T0005777697,2
T0005777698,2
T0005777705,2
T0005777707,2
T0005777708,3
T0005777710,2
T0005777711,2
T0005777713,3
T0005777714,3
T0005777717,2
T0005777720,1
T0005777721,3
T0005777723,3
T0005777725,2
T0005777726,3
T0005777730,2
T0005777731,1
T0005777732,3
T0005777734,2
T0005777737,2
T0005777738,2
T0005777743,1
T0005777745,2
T0005777746,2
T0005777748,2
T0005777753,2
T0005777755,3
T0005777758,1
T0005777759,3
T0005777761,1
T0005777763,3
T0005777768,3
T0005777770,2
T0005777771,2
T0005777772,3
T0005777781,1
T0005777782,3
T0005777785,3
T0005777787,1
T0005777789,3
T0005777793,2
T0005777796,1
T0005777798,2
T0005777799,2
T0005777800,2
T0005777805,3
T0005777811,2
T0005777812,1
T0005777817,2
T0005777819,3
T0005777820,3
T0005777825,2
T0005777826,2
T0005777827,1
T0005777829,2
T0005777830,3
T0005777831,3
T0005777832,2
T0005777837,3
T0005777840,1
T0005777842,3
T0005777843,1
T0005777846,3
T0005777850,2
T0005777855,2
T0005777856,3
T0005777858,2
T0005777859,1
T0005777860,1
T0005777861,2
T0005777863,2
T0005777864,3
T0005777868,2
T0005777870,2
T0005777873,1
T0005777877,3
T0005777885,3
T0005777886,1
T0005777901,3
T0005777908,2
T0005777913,2
T0005777921,2
T0005777923,2
T0005777924,2
T0005777926,2
T0005777928,1
T0005777929,2
T0005777931,3
T0005777934,2
T0005777935,2
T0005777936,2
T0005777939,2
T0005777941,3
T0005777944,3
T0005777948,1
T0005777949,3
T0005777951,1
T0005777952,3
T0005777954,3
T0005777956,2
T0005777960,2
T0005777962,1
T0005777965,2
T0005777969,2
T0005777970,1
T0005777971,2
T0005777972,2
T0005777974,1
T0005777975,2
T0005777976,1
T0005777980,2
T0005777981,3
T0005777982,2
T0005777985,1
T0005777986,1
T0005777989,3
T0005777993,2
T0005777994,2
T0005777995,2
T0005778001,1
T0005778003,2
T0005778004,2
T0005778008,2
T0005778012,1
T0005778018,1
T0005778020,2
T0005778021,1
T0005778026,3
T0005778031,3
T0005778033,3
T0005778034,2
T0005778036,1
T0005778037,1
T0005778039,2
T0005778040,1
T0005778041,3
T0005778042,2
T0005778043,1
T0005778044,1
T0005778047,1
T0005778052,2
T0005778053,3
T0005778055,2
T0005778057,2
T0005778060,1
T0005778063,2
T0005778064,1
T0005778065,2
T0005778066,1
T0005778068,3
T0005778071,1
T0005778073,1
T0005778077,3
T0005778080,2
T0005778083,3
T0005778085,2
T0005778087,2
T0005778088,2
T0005778092,3
T0005778093,1
T0005778094,3
T0005778095,3
T0005778097,1
T0005778098,2
T0005778100,2
T0005778106,1
T0005778108,1
T0005778110,2
T0005778118,2
T0005778122,2
T0005778125,3
T0005778129,2
T0005778133,2
T0005778135,2
T0005778138,2
T0005778139,2
T0005778142,1
T0005778143,1
T0005778148,2
T0005778150,2
T0005778152,2
T0005778153,2
T0005778154,2
T0005778160,2
T0005778162,2
T0005778163,1
T0005778164,2
T0005778165,1
T0005778168,3
T0005778169,3
T0005778170,1
T0005778173,2
T0005778179,2
T0005778181,2
T0005778183,1
T0005778187,1
T0005778189,3
T0005778190,3
T0005778192,3
T0005778193,3
T0005778197,1
T0005778200,3
T0005778202,1
T0005778203,1
T0005778204,1
T0005778210,2
T0005778215,2
T0005778216,3
T0005778220,2
T0005778226,2
T0005778228,2
T0005778229,3
T0005778232,2
T0005778233,3
T0005778239,1
T0005778242,2
T0005778243,3
T0005778244,2
T0005778247,3
T0005778251,1
T0005778255,3
T0005778257,2
T0005778259,2
T0005778262,1
T0005778272,3
T0005778274,1
T0005778275,2
T0005778282,2
T0005778286,2
T0005778291,2
T0005778295,2
T0005778297,3
T0005778298,2
T0005778300,2
T0005778302,2
T0005778305,2
T0005778309,2
T0005778310,1
T0005778311,3
T0005778312,1
T0005778314,2
T0005778315,2
T0005778316,2
T0005778320,2
T0005778329,2
T0005778330,2
T0005778335,3
T0005778342,3
T0005778345,3
T0005778349,1
T0005778350,2
T0005778353,2
T0005778354,2
T0005778356,3
T0005778357,1
T0005778360,3
T0005778366,1
T0005778375,2
T0005778376,3
T0005778377,2
T0005778378,3
T0005778382,2
T0005778384,2
T0005778386,1
T0005778388,3
T0005778389,2
T0005778390,2
T0005778391,2
T0005778394,2
T0005778395,3
T0005778396,1
T0005778400,3
T0005778402,2
T0005778406,1
T0005778409,2
T0005778412,1
T0005778417,2
T0005778425,3
T0005778426,2
T0005778436,1
T0005778438,2
T0005778440,1
T0005778441,3
T0005778443,3
T0005778444,2
T0005778447,2
T0005778452,2
T0005778454,2
T0005778455,2
T0005778457,3
T0005778459,2
T0005778460,3
T0005778461,3
T0005778462,2
T0005778463,3
T0005778468,1
T0005778469,2
T0005778470,2
T0005778472,1
T0005778473,2
T0005778474,2
T0005778478,3
T0005778480,2
T0005778481,2
T0005778484,1
T0005778491,3
T0005778492,2
T0005778493,3
T0005778495,1
T0005778500,2
T0005778504,2
T0005778506,3
T0005778508,2
T0005778509,1
T0005778513,3
T0005778515,3
T0005778517,3
T0005778518,1
T0005778519,2
T0005778520,1
T0005778523,2
T0005778526,3
T0005778529,2
T0005778531,2
T0005778535,3
T0005778537,1
T0005778539,2
T0005778540,3
T0005778541,2
T0005778542,1
T0005778544,3
T0005778545,2
T0005778548,3
T0005778549,1
T0005778552,2
T0005778553,2
T0005778558,3
T0005778565,3
T0005778567,2
T0005778572,2
T0005778573,3
T0005778575,1
T0005778580,2
T0005778582,2
T0005778585,2
T0005778587,1
T0005778589,3
T0005778595,1
T0005778596,2
T0005778600,3
T0005778603,1
T0005778605,2
T0005778613,3
T0005778614,1
T0005778617,2
T0005778618,2
T0005778620,2
T0005778621,3
T0005778624,1
T0005778627,3
T0005778629,2
T0005778630,2
T0005778631,3
T0005778634,1
T0005778637,3
T0005778638,1
T0005778639,3
T0005778643,2
T0005778650,2
T0005778651,2
T0005778652,3
T0005778653,2
T0005778657,3
T0005778658,3
T0005778659,2
T0005778670,2
T0005778671,2
T0005778675,3
T0005778683,3
T0005778685,1
T0005778686,2
T0005778687,2
T0005778690,2
T0005778697,1
T0005778701,2
T0005778702,3
T0005778705,1
T0005778708,1
T0005778714,3
T0005778715,2
T0005778716,2
T0005778718,2
T0005778725,3
T0005778726,2
T0005778727,2
T0005778728,2
T0005778729,3
T0005778731,2
T0005778733,2
T0005778736,3
T0005778738,2
T0005778740,2
T0005778741,2
T0005778743,2
T0005778744,2
T0005778745,2
T0005778752,3
T0005778755,1
T0005778756,2
T0005778758,2
T0005778759,1
T0005778760,2
T0005778762,3
T0005778763,2
T0005778768,3
T0005778769,3
T0005778776,2
T0005778778,3
T0005778782,2
T0005778784,2
T0005778787,2
T0005778789,1
T0005778790,1
T0005778794,2
T0005778799,3
T0005778803,2
T0005778804,2
T0005778806,2
T0005778808,2
T0005778809,2
T0005778811,2
T0005778816,3
T0005778822,2
T0005778828,1
T0005778829,2
T0005778830,1
T0005778831,1
T0005778836,2
T0005778837,2
T0005778838,2
T0005778841,1
T0005778843,2
T0005778844,2
T0005778845,2
T0005778846,2
T0005778849,2
T0005778851,2
T0005778854,2
T0005778857,2
T0005778858,1
T0005778861,3
T0005778862,2
T0005778863,2
T0005778867,2
T0005778868,3
T0005778869,2
T0005778872,3
T0005778873,3
T0005778874,2
T0005778875,2
T0005778876,1
T0005778882,3
T0005778884,1
T0005778891,3
T0005778892,3
T0005778894,2
T0005778895,3
T0005778898,2
T0005778904,3
T0005778905,2
T0005778907,2
T0005778910,1
T0005778911,2
T0005778921,2
T0005778922,2
T0005778924,2
T0005778925,3
T0005778927,2
T0005778930,1
T0005778932,1
T0005778933,1
T0005778934,3
T0005778936,3
T0005778937,2
T0005778941,2
T0005778942,1
T0005778944,1
T0005778947,2
T0005778948,1
T0005778949,2
T0005778951,3
T0005778954,2
T0005778955,2
T0005778956,2
T0005778957,3
T0005778958,3
T0005778964,1
T0005778965,2
T0005778972,2
T0005778974,2
T0005778982,1
T0005778987,3
T0005778988,2
T0005778990,2
T0005778994,2
T0005778995,2
T0005778998,1
T0005778999,1
T0005779008,1
T0005779009,2
T0005779010,3
T0005779011,3
T0005779015,1
T0005779018,1
T0005779019,1
T0005779022,3
T0005779024,3
T0005779026,2
T0005779030,2
T0005779034,1
T0005779037,2
T0005779038,1
T0005779040,1
T0005779041,3
T0005779043,2
T0005779045,2
T0005779046,1
T0005779048,1
T0005779049,2
T0005779051,1
T0005779052,3
T0005779054,3
T0005779057,3
T0005779060,2
T0005779063,1
T0005779064,2
T0005779065,1
T0005779066,2
T0005779067,3
T0005779071,3
T0005779074,2
T0005779076,2
T0005779077,3
T0005779078,1
T0005779080,3
T0005779081,2
T0005779086,1
T0005779088,2
T0005779092,2
T0005779097,2
T0005779099,3
T0005779100,2
T0005779101,2
T0005779103,3
T0005779104,2
T0005779109,2
T0005779110,2
T0005779111,1
T0005779117,2
T0005779121,2
T0005779122,2
T0005779124,2
T0005779128,1
T0005779135,2
T0005779136,2
T0005779143,2
T0005779152,2
T0005779158,1
T0005779165,2
T0005779171,1
T0005779173,1
T0005779174,2
T0005779176,2
T0005779179,3
T0005779185,2
T0005779186,1
T0005779187,1
T0005779189,2
T0005779194,3
T0005779195,3
T0005779198,3
T0005779203,2
T0005779204,1
T0005779205,3
T0005779209,1
T0005779211,1
T0005779212,3
T0005779213,3
T0005779214,3
T0005779221,2
T0005779226,2
T0005779227,1
T0005779228,3
T0005779231,2
T0005779232,2
T0005779234,3
T0005779237,2
T0005779246,2
T0005779248,3
T0005779249,2
T0005779250,2
T0005779252,2
T0005779257,3
T0005779260,3
T0005779263,3
T0005779271,3
T0005779272,2
T0005779273,3
T0005779278,1
T0005779283,2
T0005779290,2
T0005779294,3
T0005779295,1
T0005779297,1
T0005779298,1
T0005779299,1
T0005779301,2
T0005779302,1
T0005779304,1
T0005779306,2
T0005779311,2
T0005779316,1
T0005779317,3
T0005779318,3
T0005779320,2
T0005779322,3
T0005779323,2
T0005779326,1
T0005779330,1
T0005779331,2
T0005779332,3
T0005779334,3
T0005779336,2
T0005779337,3
T0005779338,3
T0005779340,1
T0005779341,2
T0005779343,2
T0005779344,1
T0005779345,1
T0005779346,3
T0005779347,3
T0005779348,2
T0005779349,2
T0005779350,2
T0005779351,1
T0005779352,2
T0005779353,2
T0005779356,2
T0005779357,3
T0005779363,2
T0005779368,3
T0005779371,2
T0005779372,2
T0005779373,2
T0005779374,2
T0005779376,2
T0005779384,3
T0005779385,2
T0005779388,2
T0005779391,2
T0005779392,2
T0005779394,3
T0005779396,2
T0005779397,2
T0005779400,2
T0005779402,2
T0005779405,3
T0005779406,2
T0005779411,2
T0005779412,2
T0005779413,1
T0005779420,2
T0005779423,2
T0005779424,2
T0005779426,2
T0005779427,2
T0005779429,2
T0005779431,3
T0005779433,1
T0005779435,2
T0005779438,2
T0005779441,2
T0005779447,3
T0005779450,1
T0005779452,3
T0005779454,1
T0005779459,2
T0005779464,3
T0005779465,1
T0005779466,2
T0005779467,3
T0005779471,3
T0005779473,1
T0005779475,1
T0005779476,1
T0005779478,2
T0005779479,2
T0005779482,2
T0005779485,2
T0005779495,2
T0005779497,2
T0005779498,3
T0005779500,3
T0005779501,2
T0005779504,3
T0005779507,2
T0005779508,3
T0005779511,2
T0005779513,3
T0005779515,1
T0005779516,1
T0005779517,1
T0005779518,2
T0005779521,1
T0005779522,2
T0005779526,3
T0005779527,1
T0005779532,3
T0005779534,1
T0005779535,1
T0005779536,3
T0005779537,1
T0005779538,2
T0005779540,2
T0005779541,3
T0005779542,2
T0005779549,2
T0005779550,1
T0005779552,3
T0005779557,2
T0005779569,2
T0005779570,2
T0005779573,1
T0005779574,2
T0005779575,1
T0005779577,3
T0005779582,1
T0005779583,1
T0005779586,2
T0005779589,3
T0005779590,3
T0005779591,1
T0005779599,1
T0005779604,1
T0005779608,3
T0005779612,1
T0005779615,2
T0005779617,3
T0005779620,3
T0005779622,2
T0005779624,2
T0005779625,1
T0005779626,2
T0005779629,2
T0005779630,2
T0005779633,3
T0005779638,1
T0005779647,2
T0005779649,2
T0005779650,1
T0005779652,2
T0005779653,3
T0005779657,2
T0005779658,2
T0005779661,1
T0005779663,1
T0005779665,2
T0005779668,2
T0005779670,2
T0005779671,2
T0005779672,1
T0005779673,2
T0005779675,3
T0005779676,1
T0005779679,1
T0005779684,2
T0005779685,2
T0005779688,2
T0005779690,2
T0005779691,3
T0005779696,2
T0005779697,1
T0005779699,3
T0005779704,3
T0005779707,2
T0005779708,2
T0005779710,2
T0005779715,2
T0005779723,2
T0005779724,2
T0005779728,1
T0005779729,3
T0005779730,2
T0005779733,2
T0005779736,2
T0005779737,2
T0005779738,3
T0005779739,3
T0005779740,2
T0005779743,1
T0005779744,2
T0005779745,3
T0005779752,3
T0005779753,3
T0005779755,2
T0005779758,1
T0005779759,3
T0005779765,2
T0005779766,2
T0005779769,2
T0005779772,2
T0005779781,3
T0005779783,2
T0005779784,3
T0005779785,3
T0005779787,1
T0005779788,3
T0005779792,3
T0005779794,2
T0005779797,2
T0005779801,3
T0005779809,1
T0005779813,2
T0005779814,1
T0005779815,2
T0005779821,3
T0005779830,2
T0005779832,2
T0005779833,1
T0005779835,2
T0005779837,2
T0005779840,2
T0005779842,2
T0005779845,2
T0005779846,3
T0005779850,2
T0005779851,1
T0005779852,3
T0005779853,2
T0005779854,2
T0005779858,2
T0005779862,1
T0005779863,3
T0005779864,1
T0005779866,2
T0005779867,2
T0005779871,3
T0005779875,2
T0005779877,3
T0005779879,2
T0005779880,1
T0005779884,3
T0005779885,2
T0005779892,2
T0005779895,2
T0005779898,3
T0005779900,2
T0005779902,2
T0005779903,3
T0005779909,2
T0005779912,3
T0005779914,1
T0005779917,2
T0005779919,2
T0005779921,2
T0005779925,2
T0005779930,1
T0005779931,1
T0005779938,2
T0005779939,1
T0005779941,2
T0005779943,1
T0005779947,3
T0005779952,1
T0005779953,3
T0005779958,2
T0005779960,2
T0005779963,2
T0005779967,2
T0005779970,2
T0005779971,2
T0005779982,2
T0005779983,2
T0005779984,3
T0005779990,1
T0005779991,1
T0005779992,2
T0005779994,3
T0005779998,2
T0005780004,3
T0005780006,2
T0005780008,1
T0005780015,2
T0005780019,2
T0005780020,1
T0005780022,1
T0005780024,3
T0005780025,1
T0005780033,2
T0005780036,2
T0005780039,2
T0005780044,3
T0005780046,2
T0005780047,3
T0005780048,1
T0005780051,2
T0005780053,2
T0005780054,2
T0005780057,2
T0005780061,3
T0005780062,3
T0005780063,2
T0005780066,2
T0005780067,2
T0005780069,2
T0005780072,2
T0005780080,2
T0005780082,2
T0005780083,2
T0005780086,3
T0005780087,1
T0005780090,2
T0005780091,2
T0005780092,2
T0005780100,2
T0005780110,1
T0005780112,3
T0005780115,1
T0005780116,2
T0005780119,2
T0005780120,2
T0005780121,2
T0005780124,2
T0005780125,2
T0005780129,3
T0005780130,2
T0005780132,2
T0005780133,3
T0005780135,2
T0005780140,2
T0005780147,1
T0005780151,3
T0005780152,2
T0005780154,3
T0005780157,3
T0005780159,1
T0005780160,1
T0005780161,2
T0005780162,2
T0005780163,3
T0005780165,2
T0005780166,2
T0005780168,1
T0005780171,1
T0005780172,3
T0005780173,3
T0005780176,1
T0005780178,2
T0005780181,2
T0005780184,2
T0005780187,3
T0005780189,2
T0005780195,3
T0005780197,1
T0005780200,1
T0005780202,3
T0005780203,1
T0005780206,2
T0005780210,1
T0005780214,2
T0005780215,3
T0005780218,1
T0005780219,2
T0005780220,3
T0005780221,3
T0005780222,3
T0005780223,3
T0005780224,2
T0005780225,2
T0005780226,3
T0005780228,1
T0005780230,2
T0005780232,2
T0005780233,2
T0005780239,2
T0005780249,1
T0005780250,2
T0005780251,2
T0005780253,1
T0005780254,3
T0005780256,2
T0005780257,1
T0005780261,2
T0005780266,2
T0005780268,2
T0005780272,3
T0005780274,2
T0005780276,3
T0005780280,1
T0005780283,3
T0005780284,3
T0005780286,2
T0005780287,3
T0005780290,1
T0005780293,3
T0005780296,2
T0005780298,2
T0005780300,1
T0005780303,1
T0005780305,2
T0005780312,1
T0005780313,3
T0005780317,3
T0005780318,1
T0005780321,3
T0005780323,2
T0005780328,1
T0005780330,3
T0005780331,2
T0005780332,1
T0005780334,2
T0005780336,3
T0005780337,1
T0005780338,2
T0005780341,1
T0005780344,1
T0005780348,3
T0005780349,3
T0005780359,2
T0005780361,2
T0005780364,2
T0005780366,2
T0005780368,2
T0005780369,2
T0005780370,2
T0005780371,1
T0005780373,2
T0005780378,2
T0005780379,3
T0005780382,2
T0005780383,2
T0005780386,1
T0005780387,3
T0005780389,2
T0005780394,2
T0005780402,3
T0005780403,3
T0005780405,2
T0005780407,3
T0005780412,3
T0005780418,1
T0005780419,2
T0005780425,3
T0005780427,3
T0005780428,2
T0005780430,2
T0005780431,2
T0005780432,2
T0005780433,3
T0005780434,2
T0005780437,1
T0005780438,1
T0005780439,3
T0005780444,2
T0005780448,2
T0005780454,3
T0005780458,3
T0005780464,3
T0005780465,2
T0005780466,3
T0005780468,3
T0005780469,2
T0005780470,3
T0005780475,2
T0005780476,3
T0005780477,2
T0005780478,2
T0005780481,3
T0005780483,2
T0005780489,1
T0005780490,2
T0005780492,3
T0005780494,3
T0005780495,2
T0005780496,2
T0005780497,2
T0005780499,1
T0005780500,2
T0005780501,2
T0005780503,2
T0005780504,2
T0005780505,1
T0005780506,2
T0005780509,3
T0005780512,1
T0005780513,2
T0005780514,1
T0005780515,1
T0005780518,1
T0005780521,1
T0005780524,2
T0005780528,1
T0005780529,3
T0005780534,2
T0005780535,2
T0005780537,3
T0005780538,2
T0005780540,3
T0005780541,2
T0005780544,3
T0005780549,2
T0005780552,3
T0005780554,3
T0005780557,1
T0005780559,1
T0005780561,2
T0005780563,3
T0005780570,2
T0005780574,2
T0005780575,2
T0005780578,2
T0005780579,1
T0005780582,2
T0005780583,2
T0005780585,2
T0005780586,1
T0005780589,2
T0005780590,2
T0005780592,2
T0005780593,2
T0005780598,1
T0005780599,2
T0005780600,2
T0005780602,2
T0005780603,2
T0005780604,2
T0005780615,2
T0005780616,1
T0005780618,1
T0005780620,2
T0005780622,2
T0005780623,3
T0005780626,2
T0005780627,3
T0005780629,2
T0005780632,2
T0005780635,1
T0005780636,2
T0005780642,1
T0005780643,2
T0005780646,2
T0005780648,3
T0005780651,3
T0005780652,2
T0005780653,3
T0005780655,2
T0005780656,3
T0005780665,2
T0005780666,2
T0005780667,3
T0005780671,3
T0005780673,3
T0005780674,3
T0005780676,3
T0005780691,1
T0005780693,1
T0005780694,2
T0005780699,1
T0005780700,1
T0005780702,2
T0005780703,1
T0005780713,2
T0005780714,1
T0005780716,3
T0005780721,2
T0005780722,3
T0005780729,2
T0005780732,3
T0005780734,2
T0005780738,2
T0005780741,3
T0005780746,1
T0005780748,2
T0005780751,2
T0005780753,1
T0005780757,2
T0005780759,3
T0005780761,2
T0005780762,2
T0005780766,3
T0005780767,2
T0005780768,3
T0005780769,1
T0005780771,2
T0005780772,3
T0005780773,3
T0005780774,1
T0005780775,2
T0005780777,2
T0005780780,3
T0005780783,2
T0005780784,3
T0005780786,2
T0005780788,3
T0005780790,2
T0005780791,1
T0005780794,2
T0005780800,1
T0005780801,2
T0005780802,2
T0005780807,1
T0005780808,1
T0005780809,1
T0005780811,3
T0005780812,2
T0005780816,1
T0005780824,2
T0005780826,2
T0005780828,2
T0005780829,2
T0005780830,2
T0005780834,2
T0005780837,1
T0005780838,3
T0005780843,2
T0005780846,2
T0005780848,2
T0005780852,3
T0005780854,3
T0005780855,2
T0005780856,2
T0005780861,2
T0005780862,2
T0005780865,1
T0005780868,3
T0005780869,1
T0005780871,3
T0005780874,3
T0005780876,3
T0005780877,2
T0005780878,2
T0005780879,3
T0005780881,2
T0005780882,3
T0005780884,2
T0005780885,2
T0005780889,3
T0005780893,1
T0005780894,2
T0005780896,3
T0005780898,2
T0005780899,2
T0005780901,2
T0005780911,3
T0005780912,3
T0005780913,3
T0005780915,2
T0005780916,2
T0005780924,3
T0005780925,3
T0005780927,3
T0005780929,2
T0005780931,2
T0005780939,1
T0005780942,1
T0005780947,2
T0005780951,2
T0005780952,2
T0005780953,2
T0005780958,2
T0005780959,3
T0005780960,3
T0005780962,1
T0005780963,2
T0005780966,1
T0005780969,2
T0005780972,3
T0005780975,3
T0005780979,3
T0005780981,3
T0005780982,3
T0005780983,1
T0005780984,2
T0005780985,2
T0005780986,1
T0005780987,2
T0005780988,2
T0005780989,2
T0005780990,1
T0005780991,1
T0005780992,1
T0005780993,3
T0005780995,3
T0005780999,2
T0005781000,3
T0005781002,2
T0005781003,3
T0005781006,2
T0005781007,2
T0005781008,3
T0005781009,2
T0005781010,2
T0005781012,1
T0005781015,3
T0005781016,2
T0005781021,1
T0005781029,2
T0005781031,1
T0005781033,3
T0005781035,2
T0005781036,3
T0005781038,2
T0005781039,2
T0005781040,1
T0005781041,2
T0005781045,1
T0005781047,3
T0005781049,3
T0005781050,3
T0005781051,2
T0005781054,2
T0005781060,2
T0005781061,2
T0005781063,2
T0005781066,2
T0005781067,1
T0005781068,2
T0005781072,3
T0005781079,2
T0005781080,2
T0005781081,2
T0005781082,2
T0005781083,2
T0005781084,1
T0005781087,2
T0005781089,3
T0005781091,1
T0005781093,2
T0005781099,3
T0005781103,2
T0005781105,1
T0005781109,1
T0005781111,2
T0005781114,2
T0005781116,1
T0005781120,3
T0005781121,2
T0005781125,3
T0005781126,3
T0005781133,3
T0005781138,3
T0005781139,2
T0005781144,3
T0005781145,3
T0005781147,2
T0005781148,3
T0005781149,1
T0005781156,2
T0005781158,2
T0005781159,3
T0005781160,2
T0005781161,2
T0005781163,2
T0005781164,2
T0005781167,2
T0005781170,3
T0005781174,2
T0005781176,2
T0005781177,2
T0005781181,1
T0005781183,3
T0005781184,2
T0005781186,2
T0005781187,2
T0005781191,2
T0005781195,3
T0005781199,2
T0005781207,2
T0005781208,2
T0005781209,2
T0005781211,1
T0005781212,3
T0005781213,2
T0005781214,1
T0005781215,1
T0005781216,1
T0005781217,3
T0005781218,3
T0005781219,1
T0005781223,3
T0005781225,1
T0005781226,2
T0005781231,3
T0005781232,3
T0005781233,3
T0005781234,3
T0005781235,2
T0005781237,3
T0005781239,2
T0005781245,3
T0005781247,2
T0005781250,2
T0005781253,2
T0005781255,2
T0005781256,2
T0005781259,3
T0005781261,2
T0005781262,2
T0005781267,1
T0005781268,3
T0005781273,2
T0005781276,2
T0005781279,2
T0005781281,3
T0005781282,2
T0005781283,1
T0005781292,3
T0005781297,3
T0005781298,3
T0005781299,2
T0005781300,2
T0005781308,3
T0005781312,1
T0005781320,2
T0005781322,1
T0005781324,2
T0005781330,3
T0005781331,2
T0005781332,1
T0005781334,3
T0005781335,2
T0005781341,3
T0005781343,2
T0005781346,1
T0005781347,2
T0005781349,3
T0005781353,2
T0005781355,1
T0005781360,3
T0005781361,3
T0005781362,2
T0005781366,2
T0005781371,2
T0005781373,2
T0005781374,1
T0005781375,3
T0005781376,2
T0005781383,2
T0005781384,3
T0005781385,2
T0005781389,2
T0005781390,2
T0005781391,2
T0005781394,2
T0005781396,2
T0005781397,1
T0005781398,2
T0005781401,2
T0005781403,2
T0005781406,3
T0005781407,2
T0005781408,3
T0005781409,1
T0005781411,3
T0005781414,3
T0005781415,2
T0005781416,2
T0005781418,3
T0005781421,3
T0005781426,2
T0005781428,2
T0005781429,3
T0005781430,1
T0005781434,2
T0005781435,2
T0005781438,2
T0005781439,2
T0005781442,2
T0005781445,2
T0005781446,2
T0005781447,2
T0005781449,2
T0005781450,3
T0005781453,3
T0005781455,2
T0005781457,3
T0005781462,2
T0005781463,2
T0005781464,3
T0005781465,2
T0005781466,2
T0005781469,2
T0005781470,1
T0005781475,3
T0005781477,1
T0005781478,2
T0005781479,3
T0005781481,1
T0005781486,1
T0005781487,2
T0005781488,1
T0005781489,3
T0005781490,2
T0005781492,2
T0005781494,1
T0005781499,3
T0005781500,3
T0005781502,2
T0005781503,2
T0005781504,2
T0005781506,2
T0005781507,1
T0005781512,3
T0005781514,2
T0005781517,1
T0005781520,2
T0005781525,2
T0005781529,2
T0005781534,2
T0005781536,3
T0005781541,2
T0005781543,2
T0005781547,3
T0005781550,2
T0005781555,1
T0005781559,3
T0005781565,2
T0005781568,3
T0005781569,3
T0005781570,3
T0005781571,2
T0005781577,2
T0005781578,2
T0005781582,2
T0005781583,2
T0005781584,1
T0005781585,3
T0005781586,3
T0005781587,2
T0005781589,2
T0005781592,3
T0005781594,3
T0005781597,2
T0005781600,2
T0005781602,2
T0005781605,3
T0005781608,2
T0005781609,1
T0005781610,2
T0005781612,1
T0005781619,3
T0005781625,3
T0005781629,3
T0005781630,2
T0005781631,2
T0005781632,2
T0005781633,2
T0005781639,2
T0005781640,1
T0005781641,3
T0005781642,1
T0005781644,1
T0005781652,3
T0005781653,1
T0005781654,3
T0005781656,3
T0005781657,2
T0005781658,3
T0005781666,2
T0005781670,3
T0005781671,2
T0005781673,1
T0005781674,2
T0005781675,3
T0005781676,2
T0005781677,2
T0005781679,3
T0005781693,2
T0005781694,3
T0005781696,2
T0005781697,3
T0005781701,1
T0005781702,1
T0005781706,2
T0005781707,2
T0005781712,1
T0005781713,3
T0005781715,1
T0005781717,2
T0005781718,3
T0005781720,2
T0005781724,3
T0005781725,2
T0005781727,3
T0005781732,2
T0005781733,2
T0005781735,2
T0005781736,2
T0005781737,3
T0005781738,2
T0005781741,1
T0005781743,2
T0005781745,2
T0005781746,2
T0005781749,3
T0005781751,2
T0005781755,3
T0005781765,3
T0005781767,2
T0005781768,3
T0005781780,2
T0005781782,2
T0005781783,2
T0005781784,2
T0005781786,2
T0005781788,2
T0005781789,2
T0005781792,1
T0005781798,2
T0005781799,3
T0005781805,2
T0005781808,2
T0005781813,2
T0005781816,3
T0005781817,3
T0005781819,2
T0005781821,3
T0005781822,1
T0005781824,2
T0005781828,1
T0005781829,1
T0005781831,2
T0005781832,3
T0005781834,2
T0005781835,2
T0005781845,2
T0005781846,1
T0005781847,2
T0005781848,3
T0005781851,2
T0005781852,2
T0005781855,2
T0005781858,2
T0005781859,3
T0005781861,3
T0005781862,2
T0005781863,2
T0005781865,2
T0005781866,2
T0005781867,3
T0005781873,2
T0005781875,2
T0005781876,2
T0005781877,2
T0005781878,2
T0005781879,1
T0005781880,3
T0005781883,2
T0005781884,2
T0005781888,1
T0005781893,2
T0005781894,2
T0005781895,2
T0005781896,1
T0005781897,1
T0005781906,3
T0005781910,2
T0005781912,2
T0005781913,2
T0005781917,3
T0005781918,2
T0005781919,2
T0005781920,2
T0005781921,2
T0005781922,2
T0005781926,2
T0005781927,1
T0005781931,3
T0005781932,2
T0005781934,2
T0005781936,2
T0005781937,1
T0005781938,3
T0005781941,2
T0005781943,2
T0005781944,3
T0005781948,2
T0005781952,2
T0005781955,1
T0005781956,1
T0005781961,2
T0005781967,3
T0005781976,2
T0005781977,2
T0005781979,1
T0005781980,3
T0005781986,2
T0005781993,2
T0005781994,2
T0005781995,2
T0005781999,3
T0005782006,2
T0005782009,3
T0005782010,3
T0005782011,3
T0005782012,2
T0005782021,2
T0005782023,2
T0005782024,3
T0005782025,3
T0005782026,1
T0005782027,2
T0005782030,2
T0005782033,2
T0005782034,3
T0005782036,1
T0005782037,2
T0005782040,3
T0005782041,2
T0005782042,2
T0005782044,1
T0005782045,3
T0005782046,3
T0005782048,2
T0005782050,2
T0005782058,3
T0005782059,2
T0005782061,1
T0005782064,3
T0005782066,2
T0005782071,2
T0005782074,1
T0005782075,1
T0005782076,1
T0005782077,3
T0005782078,2
T0005782080,2
T0005782084,3
T0005782090,3
T0005782093,2
T0005782095,1
T0005782096,2
T0005782097,1
T0005782098,1
T0005782099,1
T0005782100,1
T0005782102,1
T0005782105,3
T0005782106,1
T0005782121,2
T0005782126,2
T0005782127,3
T0005782130,3
T0005782131,2
T0005782135,2
T0005782136,2
T0005782137,1
T0005782138,1
T0005782139,2
T0005782141,3
T0005782142,2
T0005782143,2
T0005782145,2
T0005782149,1
T0005782151,2
T0005782153,1
T0005782155,3
T0005782156,1
T0005782158,2
T0005782159,3
T0005782160,3
T0005782161,2
T0005782163,2
T0005782165,2
T0005782166,3
T0005782167,1
T0005782173,2
T0005782174,2
T0005782182,2
T0005782183,2
T0005782184,3
T0005782187,1
T0005782188,3
T0005782189,2
T0005782190,1
T0005782194,3
T0005782196,2
T0005782199,2
T0005782208,2
T0005782209,2
T0005782212,2
T0005782213,2
T0005782215,2
T0005782218,2
T0005782223,1
T0005782225,2
T0005782226,3
T0005782230,2
T0005782231,2
T0005782232,1
T0005782233,2
T0005782235,2
T0005782239,3
T0005782241,3
T0005782242,2
T0005782243,2
T0005782247,1
T0005782248,2
T0005782249,1
T0005782251,2
T0005782262,2
T0005782266,3
T0005782267,2
T0005782268,2
T0005782269,1
T0005782271,1
T0005782272,2
T0005782273,2
T0005782277,2
T0005782283,2
T0005782284,3
T0005782286,2
T0005782294,2
T0005782301,2
T0005782302,2
T0005782303,3
T0005782304,2
T0005782307,2
T0005782308,2
T0005782312,3
T0005782314,3
T0005782316,3
T0005782318,3
T0005782325,2
T0005782327,3
T0005782331,1
T0005782332,2
T0005782339,2
T0005782340,2
T0005782343,1
T0005782345,2
T0005782352,2
T0005782354,3
T0005782355,3
T0005782357,2
T0005782358,2
T0005782361,3
T0005782362,1
T0005782364,2
T0005782366,2
T0005782367,3
T0005782368,2
T0005782370,3
T0005782371,3
T0005782379,2
T0005782382,2
T0005782389,1
T0005782390,2
T0005782391,2
T0005782393,1
T0005782394,1
T0005782397,2
T0005782400,3
T0005782401,1
T0005782402,2
T0005782404,2
T0005782408,2
T0005782412,2
T0005782413,2
T0005782414,2
T0005782415,2
T0005782416,1
T0005782417,2
T0005782418,2
T0005782420,3
T0005782422,2
T0005782423,1
T0005782427,2
T0005782430,3
T0005782435,2
T0005782436,2
T0005782440,1
T0005782441,2
T0005782449,2
T0005782450,3
T0005782452,3
T0005782455,2
T0005782456,3
T0005782458,2
T0005782461,1
T0005782469,3
T0005782472,2
T0005782475,2
T0005782477,3
T0005782480,2
T0005782481,1
T0005782486,1
T0005782487,3
T0005782488,2
T0005782490,3
T0005782492,2
T0005782494,2
T0005782496,3
T0005782498,2
T0005782500,1
T0005782501,2
T0005782502,1
T0005782504,2
T0005782505,2
T0005782506,3
T0005782509,3
T0005782512,1
T0005782513,2
T0005782516,3
T0005782518,1
T0005782520,2
T0005782521,1
T0005782524,2
T0005782535,3
T0005782536,2
T0005782537,2
T0005782540,2
T0005782544,3
T0005782546,3
T0005782550,2
T0005782551,2
T0005782555,3
T0005782556,2
T0005782559,3
T0005782561,2
T0005782562,3
T0005782563,3
T0005782564,2
T0005782565,3
T0005782566,3
T0005782572,1
T0005782580,2
T0005782585,1
T0005782586,2
T0005782588,2
T0005782589,2
T0005782592,1
T0005782595,3
T0005782597,1
T0005782600,2
T0005782601,2
T0005782603,2
T0005782604,1
T0005782605,1
T0005782608,2
T0005782612,3
T0005782619,1
T0005782621,1
T0005782622,3
T0005782628,2
T0005782630,2
T0005782632,3
T0005782633,2
T0005782634,2
T0005782636,3
T0005782637,2
T0005782639,1
T0005782640,2
T0005782641,1
T0005782644,3
T0005782645,2
T0005782648,2
T0005782651,2
T0005782653,3
T0005782655,3
T0005782657,2
T0005782660,2
T0005782662,3
T0005782665,2
T0005782667,1
T0005782670,1
T0005782672,3
T0005782673,2
T0005782677,2
T0005782678,3
T0005782679,3
T0005782685,2
T0005782687,1
T0005782689,2
T0005782690,3
T0005782691,2
T0005782692,3
T0005782693,3
T0005782694,2
T0005782696,2
T0005782700,1
T0005782704,3
T0005782706,2
T0005782707,2
T0005782708,3
T0005782709,2
T0005782710,2
T0005782717,1
T0005782718,3
T0005782719,1
T0005782722,2
T0005782735,2
T0005782736,2
T0005782738,2
T0005782739,1
T0005782742,1
T0005782744,1
T0005782745,2
T0005782746,3
T0005782748,3
T0005782749,1
T0005782751,2
T0005782753,3
T0005782757,2
T0005782764,2
T0005782765,2
T0005782767,3
T0005782768,3
T0005782769,2
T0005782771,3
T0005782773,2
T0005782780,3
T0005782784,1
T0005782786,2
T0005782787,3
T0005782788,3
T0005782791,1
T0005782794,3
T0005782801,2
T0005782806,3
T0005782808,3
T0005782812,2
T0005782815,3
T0005782818,2
T0005782819,2
T0005782821,3
T0005782822,1
T0005782824,1
T0005782826,2
T0005782827,3
T0005782828,1
T0005782832,1
T0005782834,3
T0005782837,1
T0005782838,2
T0005782839,2
T0005782841,1
T0005782849,2
T0005782851,3
T0005782857,2
T0005782862,2
T0005782863,3
T0005782864,2
T0005782867,2
T0005782869,2
T0005782870,2
T0005782871,3
T0005782872,1
T0005782874,1
T0005782875,2
T0005782879,3
T0005782882,1
T0005782883,3
T0005782885,3
T0005782887,1
T0005782889,1
T0005782899,3
T0005782904,3
T0005782906,2
T0005782909,3
T0005782915,2
T0005782918,2
T0005782921,2
T0005782922,2
T0005782923,3
T0005782931,3
T0005782933,2
T0005782935,2
T0005782937,2
T0005782939,3
T0005782940,2
T0005782943,2
T0005782944,2
T0005782945,1
T0005782946,1
T0005782947,2
T0005782949,2
T0005782950,3
T0005782953,2
T0005782959,1
T0005782963,3
T0005782964,3
T0005782967,3
T0005782970,2
T0005782972,1
T0005782973,1
T0005782974,2
T0005782975,1
T0005782979,2
T0005782981,3
T0005782984,3
T0005782986,1
T0005782987,3
T0005782994,2
T0005782996,1
T0005783000,2
T0005783001,3
T0005783005,2
T0005783007,2
T0005783009,2
T0005783010,1
T0005783012,2
T0005783013,2
T0005783015,3
T0005783026,3
T0005783028,2
T0005783029,2
T0005783030,1
T0005783031,3
T0005783032,2
T0005783037,1
T0005783038,1
T0005783040,2
T0005783047,2
T0005783049,3
T0005783052,3
T0005783059,1
T0005783061,3
T0005783063,1
T0005783065,3
T0005783071,2
T0005783075,3
T0005783077,1
T0005783082,2
T0005783083,3
T0005783087,2
T0005783090,3
T0005783094,2
T0005783096,2
T0005783097,3
T0005783099,3
T0005783101,3
T0005783102,1
T0005783103,2
T0005783105,2
T0005783106,2
T0005783108,3
T0005783109,2
T0005783111,1
T0005783112,2
T0005783113,2
T0005783114,3
T0005783115,2
T0005783117,3
T0005783121,2
T0005783123,1
T0005783124,3
T0005783127,3
T0005783131,2
T0005783138,3
T0005783139,2
T0005783141,2
T0005783142,1
T0005783145,3
T0005783147,1
T0005783149,2
T0005783156,1
T0005783159,3
T0005783160,1
T0005783161,3
T0005783163,3
T0005783167,3
T0005783170,2
T0005783171,3
T0005783174,2
T0005783176,2
T0005783177,2
T0005783178,3
T0005783180,2
T0005783183,2
T0005783187,1
T0005783188,3
T0005783190,3
T0005783192,1
T0005783196,3
T0005783197,1
T0005783198,1
T0005783199,2
T0005783201,2
T0005783202,2
T0005783206,2
T0005783208,2
T0005783214,3
T0005783215,2
T0005783219,2
T0005783220,3
T0005783221,1
T0005783222,1
T0005783225,2
T0005783226,2
T0005783228,1
T0005783229,3
T0005783234,3
T0005783236,3
T0005783246,3
T0005783251,2
T0005783256,3
T0005783257,3
T0005783270,1
T0005783272,2
T0005783274,2
T0005783276,2
T0005783278,2
T0005783280,3
T0005783281,3
T0005783284,3
T0005783285,2
T0005783287,2
T0005783288,2
T0005783294,3
T0005783295,2
T0005783298,2
T0005783299,2
T0005783302,2
T0005783303,2
T0005783305,2
T0005783306,2
T0005783308,2
T0005783309,2
T0005783311,2
T0005783312,3
T0005783314,3
T0005783316,2
T0005783323,2
T0005783326,3
T0005783327,3
T0005783328,2
T0005783329,1
T0005783331,2
T0005783332,1
T0005783333,3
T0005783334,3
T0005783335,3
T0005783336,3
T0005783337,1
T0005783339,2
T0005783340,1
T0005783342,2
T0005783343,2
T0005783344,2
T0005783345,1
T0005783346,3
T0005783347,1
T0005783350,2
T0005783352,1
T0005783355,1
T0005783356,2
T0005783361,1
T0005783363,2
T0005783368,2
T0005783370,3
T0005783372,2
T0005783374,2
T0005783377,2
T0005783378,2
T0005783381,3
T0005783382,1
T0005783388,3
T0005783392,2
T0005783393,2
T0005783397,2
T0005783398,2
T0005783402,2
T0005783403,3
T0005783406,2
T0005783410,2
T0005783411,3
T0005783413,1
T0005783415,1
T0005783417,2
T0005783418,2
T0005783420,3
T0005783422,1
T0005783424,2
T0005783425,2
T0005783429,1
T0005783430,2
T0005783431,3
T0005783432,2
T0005783435,2
T0005783436,1
T0005783437,2
T0005783441,1
T0005783442,2
T0005783447,1
T0005783456,2
T0005783458,2
T0005783459,1
T0005783461,2
T0005783462,2
T0005783463,2
T0005783464,1
T0005783468,2
T0005783470,2
T0005783471,2
T0005783472,2
T0005783474,2
T0005783476,1
T0005783477,1
T0005783481,1
T0005783482,3
T0005783485,2
T0005783486,2
T0005783487,2
T0005783488,1
T0005783491,2
T0005783495,1
T0005783498,1
T0005783503,1
T0005783504,1
T0005783506,3
T0005783507,3
T0005783509,2
T0005783510,1
T0005783511,3
T0005783512,2
T0005783513,3
T0005783517,1
T0005783520,2
T0005783522,2
T0005783523,2
T0005783526,2
T0005783530,2
T0005783536,3
T0005783544,2
T0005783548,1
T0005783549,3
T0005783554,2
T0005783556,1
T0005783560,2
T0005783561,2
T0005783564,3
T0005783565,2
T0005783567,2
T0005783570,3
T0005783577,1
T0005783578,2
T0005783581,2
T0005783585,1
T0005783586,2
T0005783587,1
T0005783589,2
T0005783591,2
T0005783594,2
T0005783596,2
T0005783598,3
T0005783600,1
T0005783603,2
T0005783607,3
T0005783608,3
T0005783615,2
T0005783622,2
T0005783628,3
T0005783629,3
T0005783631,2
T0005783632,1
T0005783636,2
T0005783641,2
T0005783647,1
T0005783653,1
T0005783654,2
T0005783656,2
T0005783658,3
T0005783660,2
T0005783661,3
T0005783665,2
T0005783667,2
T0005783668,3
T0005783670,2
T0005783671,3
T0005783676,2
T0005783680,2
T0005783682,2
T0005783683,1
T0005783687,2
T0005783688,3
T0005783689,1
T0005783690,3
T0005783692,3
T0005783694,2
T0005783697,3
T0005783700,2
T0005783703,3
T0005783705,3
T0005783708,2
T0005783711,2
T0005783713,3
T0005783716,1
T0005783717,3
T0005783721,3
T0005783723,1
T0005783724,1
T0005783726,2
T0005783727,3
T0005783728,1
T0005783729,2
T0005783734,3
T0005783737,1
T0005783743,3
T0005783748,3
T0005783749,2
T0005783750,3
T0005783751,3
T0005783757,2
T0005783760,2
T0005783763,2
T0005783764,1
T0005783767,2
T0005783768,2
T0005783773,2
T0005783776,3
T0005783778,2
T0005783783,2
T0005783784,3
T0005783785,2
T0005783786,1
T0005783788,3
T0005783790,1
T0005783799,2
T0005783803,2
T0005783804,3
T0005783806,3
T0005783807,1
T0005783808,1
T0005783813,1
T0005783816,1
T0005783818,1
T0005783824,2
T0005783826,1
T0005783827,3
T0005783828,2
T0005783829,3
T0005783838,1
T0005783843,2
T0005783846,3
T0005783847,3
T0005783848,3
T0005783849,2
T0005783854,3
T0005783855,1
T0005783856,3
T0005783857,1
T0005783860,1
T0005783862,3
T0005783864,3
T0005783866,3
T0005783867,1
T0005783868,3
T0005783869,2
T0005783873,1
T0005783874,3
T0005783875,3
T0005783881,1
T0005783882,2
T0005783884,2
T0005783885,2
T0005783886,2
T0005783888,2
T0005783891,1
T0005783892,2
T0005783897,3
T0005783902,2
T0005783906,2
T0005783908,2
T0005783910,2
T0005783914,3
T0005783915,2
T0005783916,2
T0005783917,3
T0005783919,2
T0005783920,1
T0005783921,1
T0005783924,1
T0005783925,3
T0005783926,2
T0005783934,3
T0005783938,3
T0005783940,2
T0005783941,3
T0005783942,3
T0005783945,3
T0005783946,3
T0005783947,2
T0005783949,1
T0005783950,2
T0005783951,2
T0005783952,2
T0005783955,1
T0005783957,2
T0005783958,2
T0005783959,3
T0005783960,2
T0005783961,2
T0005783964,2
T0005783967,1
T0005783972,2
T0005783974,2
T0005783977,3
T0005783979,1
T0005783981,1
T0005783982,2
T0005783986,1
T0005783988,2
T0005783989,2
T0005783991,1
T0005783993,3
T0005783995,1
T0005784000,3
T0005784004,2
T0005784005,1
T0005784008,3
T0005784009,1
T0005784011,2
T0005784013,2
T0005784016,3
T0005784019,2
T0005784021,1
T0005784023,3
T0005784026,1
T0005784027,1
T0005784033,3
T0005784036,3
T0005784037,2
T0005784038,2
T0005784041,2
T0005784043,2
T0005784044,1
T0005784054,3
T0005784055,2
T0005784057,1
T0005784065,2
T0005784066,1
T0005784067,3
T0005784069,3
T0005784070,3
T0005784073,3
T0005784075,3
T0005784080,2
T0005784081,2
T0005784082,1
T0005784085,2
T0005784087,1
T0005784088,3
T0005784091,2
T0005784092,2
T0005784093,2
T0005784094,2
T0005784096,2
T0005784098,2
T0005784099,2
T0005784101,1
T0005784102,2
T0005784104,1
T0005784105,2
T0005784106,2
T0005784109,2
T0005784111,1
T0005784118,2
T0005784121,1
T0005784124,2
T0005784126,2
T0005784128,1
T0005784131,3
T0005784136,3
T0005784141,2
T0005784142,2
T0005784145,2
T0005784150,3
T0005784151,1
T0005784156,2
T0005784159,2
T0005784160,1
T0005784165,2
T0005784168,1
T0005784169,2
T0005784171,2
T0005784172,1
T0005784174,2
T0005784175,3
T0005784177,2
T0005784179,2
T0005784181,3
T0005784182,2
T0005784183,1
T0005784185,2
T0005784186,3
T0005784188,2
T0005784189,2
T0005784191,2
T0005784194,3
T0005784198,1
T0005784199,1
T0005784200,2
T0005784201,1
T0005784209,2
T0005784213,1
T0005784217,3
T0005784218,3
T0005784221,3
T0005784222,2
T0005784223,3
T0005784226,1
T0005784229,2
T0005784230,2
T0005784231,2
T0005784232,2
T0005784233,2
T0005784234,1
T0005784235,2
T0005784236,3
T0005784239,3
T0005784245,1
T0005784246,3
T0005784247,1
T0005784250,1
T0005784252,2
T0005784256,2
T0005784258,2
T0005784261,3
T0005784264,2
T0005784267,2
T0005784268,2
T0005784269,2
T0005784274,1
T0005784278,3
T0005784279,1
T0005784280,2
T0005784282,1
T0005784283,3
T0005784286,2
T0005784287,3
T0005784293,2
T0005784295,2
T0005784297,3
T0005784304,1
T0005784305,1
T0005784306,2
T0005784307,1
T0005784309,3
T0005784310,2
T0005784311,3
T0005784313,1
T0005784314,2
T0005784317,3
T0005784319,2
T0005784320,1
T0005784321,2
T0005784323,2
T0005784328,3
T0005784329,1
T0005784331,2
T0005784332,2
T0005784334,1
T0005784338,1
T0005784339,2
T0005784343,2
T0005784344,3
T0005784347,2
T0005784348,2
T0005784353,1
T0005784356,1
T0005784357,2
T0005784366,1
T0005784368,2
T0005784369,3
T0005784370,3
T0005784372,3
T0005784375,3
T0005784377,3
T0005784378,1
T0005784380,2
T0005784382,3
T0005784386,2
T0005784387,3
T0005784392,1
T0005784395,1
T0005784397,3
T0005784404,2
T0005784405,3
T0005784406,2
T0005784408,3
T0005784411,1
T0005784412,1
T0005784416,3
T0005784419,1
T0005784420,3
T0005784421,2
T0005784422,2
T0005784425,2
T0005784426,1
T0005784428,2
T0005784429,2
T0005784430,2
T0005784431,2
T0005784432,2
T0005784434,3
T0005784436,2
T0005784437,1
T0005784438,2
T0005784444,1
T0005784453,3
T0005784454,2
T0005784455,2
T0005784456,3
T0005784462,2
T0005784463,1
T0005784464,2
T0005784470,2
T0005784472,1
T0005784474,1
T0005784475,2
T0005784479,1
T0005784480,2
T0005784481,3
T0005784482,2
T0005784483,2
T0005784484,1
T0005784485,2
T0005784488,2
T0005784495,2
T0005784501,3
T0005784504,3
T0005784506,2
T0005784507,3
T0005784512,2
T0005784514,2
T0005784515,2
T0005784519,2
T0005784521,1
T0005784522,2
T0005784523,1
T0005784524,1
T0005784525,2
T0005784526,2
T0005784527,2
T0005784528,1
T0005784529,2
T0005784531,3
T0005784536,3
T0005784537,2
T0005784539,2
T0005784540,2
T0005784542,2
T0005784545,1
T0005784552,3
T0005784553,3
T0005784554,3
T0005784556,3
T0005784559,3
T0005784565,1
T0005784568,2
T0005784570,2
T0005784572,2
T0005784573,2
T0005784575,2
T0005784577,3
T0005784579,3
T0005784582,3
T0005784586,2
T0005784587,2
T0005784590,2
T0005784595,2
T0005784597,2
T0005784598,1
T0005784600,2
T0005784601,2
T0005784605,3
T0005784606,2
T0005784607,2
T0005784609,2
T0005784613,2
T0005784616,2
T0005784618,2
T0005784620,2
T0005784623,3
T0005784625,2
T0005784628,2
T0005784629,3
T0005784636,1
T0005784640,1
T0005784641,2
T0005784644,2
T0005784645,3
T0005784656,1
T0005784663,2
T0005784665,2
T0005784666,1
T0005784667,3
T0005784668,3
T0005784669,1
T0005784670,3
T0005784671,2
T0005784673,1
T0005784675,1
T0005784677,2
T0005784679,2
T0005784680,3
T0005784681,2
T0005784685,2
T0005784686,2
T0005784687,1
T0005784688,2
T0005784692,2
T0005784693,2
T0005784694,3
T0005784695,2
T0005784697,3
T0005784698,3
T0005784700,2
T0005784701,3
T0005784703,2
T0005784706,1
T0005784709,2
T0005784711,3
T0005784712,3
T0005784714,1
T0005784716,2
T0005784717,2
T0005784724,2
T0005784729,1
T0005784733,3
T0005784734,3
T0005784738,3
T0005784743,3
T0005784745,1
T0005784746,2
T0005784747,2
T0005784748,2
T0005784750,3
T0005784751,2
T0005784758,1
T0005784761,1
T0005784762,1
T0005784764,2
T0005784768,2
T0005784771,3
T0005784772,3
T0005784773,3
T0005784774,3
T0005784776,2
T0005784777,2
T0005784778,3
T0005784780,2
T0005784786,2
T0005784788,1
T0005784790,1
T0005784792,2
T0005784793,2
T0005784794,2
T0005784798,2
T0005784800,2
T0005784801,2
T0005784802,2
T0005784810,2
T0005784811,2
T0005784815,1
T0005784816,3
T0005784817,3
T0005784818,2
T0005784819,1
T0005784822,1
T0005784823,1
T0005784824,3
T0005784825,1
T0005784827,2
T0005784832,2
T0005784835,2
T0005784840,3
T0005784841,3
T0005784843,3
T0005784847,3
T0005784848,3
T0005784849,2
T0005784851,1
T0005784854,3
T0005784858,2
T0005784860,2
T0005784868,2
T0005784870,2
T0005784874,1
T0005784875,1
T0005784876,1
T0005784878,3
T0005784883,2
T0005784886,2
T0005784888,3
T0005784892,3
T0005784894,2
T0005784897,2
T0005784898,2
T0005784902,3
T0005784904,3
T0005784905,2
T0005784909,2
T0005784911,2
T0005784914,2
T0005784917,3
T0005784921,3
T0005784923,2
T0005784927,2
T0005784931,3
T0005784932,2
T0005784933,3
T0005784937,2
T0005784938,3
T0005784942,2
T0005784945,1
T0005784946,3
T0005784947,1
T0005784951,3
T0005784956,2
T0005784960,2
T0005784965,1
T0005784969,2
T0005784972,3
T0005784974,2
T0005784979,2
T0005784982,2
T0005784983,1
T0005784985,2
T0005784986,2
T0005784988,2
T0005784990,3
T0005784991,1
T0005784992,2
T0005784993,3
T0005784994,2
T0005784997,1
T0005785001,2
T0005785003,2
T0005785004,3
T0005785005,3
T0005785006,3
T0005785013,2
T0005785016,2
T0005785020,3
T0005785024,2
T0005785025,3
T0005785026,1
T0005785030,2
T0005785032,1
T0005785035,2
T0005785036,1
T0005785037,3
T0005785039,2
T0005785043,2
T0005785053,2
T0005785061,1
T0005785064,3
T0005785065,2
T0005785066,3
T0005785068,2
T0005785069,1
T0005785070,2
T0005785075,2
T0005785076,2
T0005785077,3
T0005785079,1
T0005785080,2
T0005785086,1
T0005785087,2
T0005785088,1
T0005785090,2
T0005785092,1
T0005785094,1
T0005785099,3
T0005785101,2
T0005785102,3
T0005785104,2
T0005785106,1
T0005785109,2
T0005785112,3
T0005785113,3
T0005785114,2
T0005785119,2
T0005785123,1
T0005785124,2
T0005785125,1
T0005785129,2
T0005785133,1
T0005785134,1
T0005785142,2
T0005785143,1
T0005785148,2
T0005785156,3
T0005785160,3
T0005785161,2
T0005785166,2
T0005785170,3
T0005785171,3
T0005785172,2
T0005785173,2
T0005785175,3
T0005785176,3
T0005785178,3
T0005785179,1
T0005785180,2
T0005785185,2
T0005785186,1
T0005785189,1
T0005785195,1
T0005785197,1
T0005785200,3
T0005785205,3
T0005785206,2
T0005785207,3
T0005785208,1
T0005785209,3
T0005785212,2
T0005785214,2
T0005785215,1
T0005785216,3
T0005785219,2
T0005785226,3
T0005785227,2
T0005785230,1
T0005785234,2
T0005785236,3
T0005785239,3
T0005785240,1
T0005785241,2
T0005785242,3
T0005785243,3
T0005785246,2
T0005785248,2
T0005785251,2
T0005785254,2
T0005785265,3
T0005785270,2
T0005785271,2
T0005785272,2
T0005785273,3
T0005785276,2
T0005785277,1
T0005785278,2
T0005785281,1
T0005785282,2
T0005785283,2
T0005785285,1
T0005785286,2
T0005785291,2
T0005785294,2
T0005785299,2
T0005785300,3
T0005785301,1
T0005785303,3
T0005785304,3
T0005785307,2
T0005785308,3
T0005785311,2
T0005785315,3
T0005785316,3
T0005785318,3
T0005785319,3
T0005785321,2
T0005785322,3
T0005785324,2
T0005785325,2
T0005785330,1
T0005785334,2
T0005785337,3
T0005785338,2
T0005785340,3
T0005785342,3
T0005785343,2
T0005785344,2
T0005785346,2
T0005785347,2
T0005785348,3
T0005785354,1
T0005785356,3
T0005785357,3
T0005785361,3
T0005785363,3
T0005785368,1
T0005785369,2
T0005785373,2
T0005785376,3
T0005785377,1
T0005785378,1
T0005785379,2
T0005785381,2
T0005785383,2
T0005785385,3
T0005785389,1
T0005785395,3
T0005785396,2
T0005785397,3
T0005785401,2
T0005785402,1
T0005785404,2
T0005785405,1
T0005785406,2
T0005785409,2
T0005785416,3
T0005785417,3
T0005785418,2
T0005785422,2
T0005785429,3
T0005785434,1
T0005785436,1
T0005785438,2
T0005785439,2
T0005785445,3
T0005785446,1
T0005785447,3
T0005785450,1
T0005785451,1
T0005785454,2
T0005785455,1
T0005785456,1
T0005785457,2
T0005785459,2
T0005785463,2
T0005785464,3
T0005785465,3
T0005785467,3
T0005785470,2
T0005785474,3
T0005785475,2
T0005785477,2
T0005785478,2
T0005785480,3
T0005785483,3
T0005785484,2
T0005785485,1
T0005785487,2
T0005785490,3
T0005785492,1
T0005785493,2
T0005785496,3
T0005785497,2
T0005785500,2
T0005785501,2
T0005785509,1
T0005785512,3
T0005785513,3
T0005785515,2
T0005785517,1
T0005785518,1
T0005785519,1
T0005785521,3
T0005785522,1
T0005785524,1
T0005785527,2
T0005785531,3
T0005785538,2
T0005785545,2
T0005785546,3
T0005785547,1
T0005785549,1
T0005785552,2
T0005785554,1
T0005785557,1
T0005785559,3
T0005785560,1
T0005785565,3
T0005785569,2
T0005785570,1
T0005785571,2
T0005785572,1
T0005785577,2
T0005785579,2
T0005785582,3
T0005785587,3
T0005785589,1
T0005785590,2
T0005785591,1
T0005785592,1
T0005785593,2
T0005785594,2
T0005785595,1
T0005785596,3
T0005785598,2
T0005785599,2
T0005785608,3
T0005785609,2
T0005785610,3
T0005785614,3
T0005785619,3
T0005785622,3
T0005785623,2
T0005785624,2
T0005785625,1
T0005785627,2
T0005785632,2
T0005785639,2
T0005785640,3
T0005785641,1
T0005785643,2
T0005785645,1
T0005785649,3
T0005785650,2
T0005785658,3
T0005785659,2
T0005785661,1
T0005785662,1
T0005785663,3
T0005785664,2
T0005785665,3
T0005785666,1
T0005785667,2
T0005785670,1
T0005785671,3
T0005785672,3
T0005785673,2
T0005785677,2
T0005785678,2
T0005785681,3
T0005785683,3
T0005785684,2
T0005785685,2
T0005785686,1
T0005785688,1
T0005785689,2
T0005785690,2
T0005785691,2
T0005785695,1
T0005785704,3
T0005785706,1
T0005785708,2
T0005785709,2
T0005785710,3
T0005785713,2
T0005785714,3
T0005785717,2
T0005785718,2
T0005785720,3
T0005785722,2
T0005785725,3
T0005785726,2
T0005785731,3
T0005785738,3
T0005785743,1
T0005785744,1
T0005785746,3
T0005785747,3
T0005785754,1
T0005785757,1
T0005785758,2
T0005785759,2
T0005785760,2
T0005785764,3
T0005785767,1
T0005785769,3
T0005785774,2
T0005785780,2
T0005785786,2
T0005785787,2
T0005785789,2
T0005785794,1
T0005785795,2
T0005785797,3
T0005785798,2
T0005785799,3
T0005785801,2
T0005785805,2
T0005785806,3
T0005785808,1
T0005785809,1
T0005785810,2
T0005785811,1
T0005785813,2
T0005785815,2
T0005785816,2
T0005785818,2
T0005785820,3
T0005785821,2
T0005785822,3
T0005785824,2
T0005785830,1
T0005785831,1
T0005785832,2
T0005785840,2
T0005785841,2
T0005785842,1
T0005785846,3
T0005785849,3
T0005785850,1
T0005785853,2
T0005785854,3
T0005785855,3
T0005785856,3
T0005785859,2
T0005785861,2
T0005785864,2
T0005785865,2
T0005785868,2
T0005785875,3
T0005785880,3
T0005785882,1
T0005785884,1
T0005785886,1
T0005785891,2
T0005785892,3
T0005785896,2
T0005785897,2
T0005785898,2
T0005785899,2
T0005785900,3
T0005785911,3
T0005785912,3
T0005785916,2
T0005785919,1
T0005785921,3
T0005785925,3
T0005785930,1
T0005785932,1
T0005785933,2
T0005785934,1
T0005785937,3
T0005785938,2
T0005785939,3
T0005785940,2
T0005785942,3
T0005785943,2
T0005785944,3
T0005785948,1
T0005785954,2
T0005785960,2
T0005785961,3
T0005785962,3
T0005785966,2
T0005785971,2
T0005785972,2
T0005785975,2
T0005785978,1
T0005785981,3
T0005785986,3
T0005785987,1
T0005785988,2
T0005785989,3
T0005785990,1
T0005785995,2
T0005785996,1
T0005786004,2
T0005786010,2
T0005786012,3
T0005786013,2
T0005786014,2
T0005786018,1
T0005786020,2
T0005786021,2
T0005786022,2
T0005786023,3
T0005786025,2
T0005786028,3
T0005786029,1
T0005786030,3
T0005786034,2
T0005786035,3
T0005786037,3
T0005786040,2
T0005786041,1
T0005786046,1
T0005786050,1
T0005786051,1
T0005786063,2
T0005786064,2
T0005786068,2
T0005786071,3
T0005786072,2
T0005786076,2
T0005786077,2
T0005786078,3
T0005786081,2
T0005786083,3
T0005786085,3
T0005786086,2
T0005786087,2
T0005786088,2
T0005786090,3
T0005786091,2
T0005786093,2
T0005786095,2
T0005786098,2
T0005786100,2
T0005786105,1
T0005786106,2
T0005786108,2
T0005786113,1
T0005786114,2
T0005786117,2
T0005786121,2
T0005786122,2
T0005786125,1
T0005786129,2
T0005786130,3
T0005786132,2
T0005786138,2
T0005786141,1
T0005786147,2
T0005786148,3
T0005786150,3
T0005786152,3
T0005786154,1
T0005786155,3
T0005786156,1
T0005786157,1
T0005786158,2
T0005786159,3
T0005786160,2
T0005786168,3
T0005786172,1
T0005786174,2
T0005786176,2
T0005786177,1
T0005786179,2
T0005786183,2
T0005786185,1
T0005786186,2
T0005786189,2
T0005786190,1
T0005786195,2
T0005786198,2
T0005786199,2
T0005786201,1
T0005786202,2
T0005786205,2
T0005786206,3
T0005786208,2
T0005786217,3
T0005786220,2
T0005786222,3
T0005786223,1
T0005786224,2
T0005786227,1
T0005786228,3
T0005786231,2
T0005786232,2
T0005786233,2
T0005786239,1
T0005786242,2
T0005786244,1
T0005786245,2
T0005786249,2
T0005786250,3
T0005786251,2
T0005786253,2
T0005786257,2
T0005786259,3
T0005786260,2
T0005786261,3
T0005786262,2
T0005786265,2
T0005786267,3
T0005786269,2
T0005786272,2
T0005786276,3
T0005786281,2
T0005786282,3
T0005786285,2
T0005786294,3
T0005786296,1
T0005786297,2
T0005786300,1
T0005786302,2
T0005786305,1
T0005786306,1
T0005786308,2
T0005786309,2
T0005786311,3
T0005786312,2
T0005786313,1
T0005786315,2
T0005786316,3
T0005786320,2
T0005786324,2
T0005786326,2
T0005786327,2
T0005786329,1
T0005786334,1
T0005786336,2
T0005786341,2
T0005786343,2
T0005786344,2
T0005786345,2
T0005786348,2
T0005786349,3
T0005786356,3
T0005786362,1
T0005786363,2
T0005786365,1
T0005786369,1
T0005786374,3
T0005786377,1
T0005786384,1
T0005786385,3
T0005786386,3
T0005786388,2
T0005786389,1
T0005786391,3
T0005786392,3
T0005786394,2
T0005786395,2
T0005786397,2
T0005786399,3
T0005786406,3
T0005786409,2
T0005786412,1
T0005786413,3
T0005786417,3
T0005786421,3
T0005786422,3
T0005786424,3
T0005786426,3
T0005786427,1
T0005786428,2
T0005786431,3
T0005786435,2
T0005786438,1
T0005786441,2
T0005786443,3
T0005786444,3
T0005786449,3
T0005786450,3
T0005786453,3
T0005786456,3
T0005786457,2
T0005786458,2
T0005786462,1
T0005786466,2
T0005786467,1
T0005786468,1
T0005786471,2
T0005786472,2
T0005786478,2
T0005786481,2
T0005786483,1
T0005786484,1
T0005786485,2
T0005786487,2
T0005786488,2
T0005786489,3
T0005786493,2
T0005786496,1
T0005786499,3
T0005786500,2
T0005786502,2
T0005786507,1
T0005786509,2
T0005786510,3
T0005786512,2
T0005786513,2
T0005786515,2
T0005786517,2
T0005786518,3
T0005786519,3
T0005786521,2
T0005786524,3
T0005786525,2
T0005786527,2
T0005786528,3
T0005786529,2
T0005786530,1
T0005786532,2
T0005786534,2
T0005786535,2
T0005786538,3
T0005786539,2
T0005786541,2
T0005786543,1
T0005786544,2
T0005786546,2
T0005786552,2
T0005786553,3
T0005786563,1
T0005786564,1
T0005786565,2
T0005786571,3
T0005786573,2
T0005786574,2
T0005786575,2
T0005786576,3
T0005786579,2
T0005786580,2
T0005786584,2
T0005786586,2
T0005786593,3
T0005786596,2
T0005786600,3
T0005786602,3
T0005786603,2
T0005786606,1
T0005786607,3
T0005786608,3
T0005786611,2
T0005786612,2
T0005786613,3
T0005786614,2
T0005786617,2
T0005786619,2
T0005786621,2
T0005786622,3
T0005786623,2
T0005786626,1
T0005786632,2
T0005786633,3
T0005786638,1
T0005786641,3
T0005786643,2
T0005786644,3
T0005786646,2
T0005786648,1
T0005786653,2
T0005786654,1
T0005786655,2
T0005786656,2
T0005786657,2
T0005786660,3
T0005786663,2
T0005786666,1
T0005786667,2
T0005786668,2
T0005786669,3
T0005786674,1
T0005786676,3
T0005786680,3
T0005786681,3
T0005786682,2
T0005786683,3
T0005786685,2
T0005786689,1
T0005786690,2
T0005786692,3
T0005786693,3
T0005786694,2
T0005786695,1
T0005786697,2
T0005786700,2
T0005786701,3
T0005786703,2
T0005786707,3
T0005786708,2
T0005786712,1
T0005786714,3
T0005786717,2
T0005786718,2
T0005786719,2
T0005786720,1
T0005786721,1
T0005786724,1
T0005786732,2
T0005786733,3
T0005786737,3
T0005786741,2
T0005786743,3
T0005786747,3
T0005786748,3
T0005786754,1
T0005786757,2
T0005786760,2
T0005786762,3
T0005786765,3
T0005786768,2
T0005786770,2
T0005786772,1
T0005786775,1
T0005786779,3
T0005786780,2
T0005786781,2
T0005786784,2
T0005786787,2
T0005786789,1
T0005786790,3
T0005786792,2
T0005786793,2
T0005786799,3
T0005786804,2
T0005786805,3
T0005786811,2
T0005786812,2
T0005786815,3
T0005786816,3
T0005786819,2
T0005786820,3
T0005786827,1
T0005786830,2
T0005786832,1
T0005786835,2
T0005786836,2
T0005786840,2
T0005786843,1
T0005786844,2
T0005786846,2
T0005786847,2
T0005786850,2
T0005786854,1
T0005786855,2
T0005786856,3
T0005786859,2
T0005786860,1
T0005786867,2
T0005786871,2
T0005786872,2
T0005786878,3
T0005786880,1
T0005786881,2
T0005786885,2
T0005786887,2
T0005786889,1
T0005786892,3
T0005786897,2
T0005786902,2
T0005786903,2
T0005786904,2
T0005786905,2
T0005786906,2
T0005786908,3
T0005786909,2
T0005786911,2
T0005786915,1
T0005786916,1
T0005786917,3
T0005786918,2
T0005786922,1
T0005786925,2
T0005786928,2
T0005786931,3
T0005786934,2
T0005786936,2
T0005786938,2
T0005786940,2
T0005786941,2
T0005786942,3
T0005786944,2
T0005786946,1
T0005786951,2
T0005786952,3
T0005786954,2
T0005786959,2
T0005786971,2
T0005786972,2
T0005786982,2
T0005786985,3
T0005786988,3
T0005786991,3
T0005786993,2
T0005786997,3
T0005786998,2
T0005786999,2
T0005787005,2
T0005787007,2
T0005787009,3
T0005787012,1
T0005787013,3
T0005787014,1
T0005787017,2
T0005787019,3
T0005787020,2
T0005787022,2
T0005787023,1
T0005787024,2
T0005787027,3
T0005787028,3
T0005787031,3
T0005787032,1
T0005787035,2
T0005787037,2
T0005787042,2
T0005787043,2
T0005787045,3
T0005787053,1
T0005787054,2
T0005787055,3
T0005787063,3
T0005787066,3
T0005787069,1
T0005787070,3
T0005787075,2
T0005787076,2
T0005787082,2
T0005787084,2
T0005787087,1
T0005787091,2
T0005787092,2
T0005787094,3
T0005787096,3
T0005787100,2
T0005787101,3
T0005787102,3
T0005787106,3
T0005787113,2
T0005787114,1
T0005787119,2
T0005787124,3
T0005787128,1
T0005787132,2
T0005787135,2
T0005787136,2
T0005787140,1
T0005787142,2
T0005787143,3
T0005787145,2
T0005787153,1
T0005787159,2
T0005787160,1
T0005787164,3
T0005787165,3
T0005787166,1
T0005787171,2
T0005787175,2
T0005787180,1
T0005787181,3
T0005787182,2
T0005787184,3
T0005787192,3
T0005787197,3
T0005787201,2
T0005787202,2
T0005787205,1
T0005787206,2
T0005787209,2
T0005787211,2
T0005787217,3
T0005787218,1
T0005787219,3
T0005787223,2
T0005787225,2
T0005787229,2
T0005787234,2
T0005787238,2
T0005787241,2
T0005787244,2
T0005787246,3
T0005787249,2
T0005787251,1
T0005787252,3
T0005787253,3
T0005787254,1
T0005787257,3
T0005787264,3
T0005787270,2
T0005787272,2
T0005787273,2
T0005787279,2
T0005787280,2
T0005787288,2
T0005787289,2
T0005787296,3
T0005787298,3
T0005787299,3
T0005787301,2
T0005787302,2
T0005787308,1
T0005787315,2
T0005787316,2
T0005787318,2
T0005787320,1
T0005787322,2
T0005787324,2
T0005787325,2
T0005787326,2
T0005787328,3
T0005787331,2
T0005787334,1
T0005787339,2
T0005787343,3
T0005787344,3
T0005787350,3
T0005787353,2
T0005787356,3
T0005787358,1
T0005787371,1
T0005787372,2
T0005787375,2
T0005787380,2
T0005787381,1
T0005787385,2
T0005787386,2
T0005787388,3
T0005787389,3
T0005787390,2
T0005787398,2
T0005787404,1
T0005787406,3
T0005787414,2
T0005787415,3
T0005787417,2
T0005787419,2
T0005787422,1
T0005787425,3
T0005787427,2
T0005787433,3
T0005787434,2
T0005787438,2
T0005787446,1
T0005787447,3
T0005787452,2
T0005787453,1
T0005787456,1
T0005787457,2
T0005787467,3
T0005787472,2
T0005787475,3
T0005787477,3
T0005787478,1
T0005787479,2
T0005787483,2
T0005787484,2
T0005787485,2
T0005787486,3
T0005787487,3
T0005787490,2
T0005787491,3
T0005787493,3
T0005787494,2
T0005787498,2
T0005787500,3
T0005787501,2
T0005787504,3
T0005787508,2
T0005787510,2
T0005787511,2
T0005787513,2
T0005787517,2
T0005787518,1
T0005787520,3
T0005787524,2
T0005787527,3
T0005787529,1
T0005787530,3
T0005787535,2
T0005787536,3
T0005787541,2
T0005787544,1
T0005787546,1
T0005787555,3
T0005787557,2
T0005787559,1
T0005787564,1
T0005787568,2
T0005787570,2
T0005787571,3
T0005787572,2
T0005787573,3
T0005787574,1
T0005787576,3
T0005787579,3
T0005787580,2
T0005787585,2
T0005787587,3
T0005787592,2
T0005787593,2
T0005787594,2
T0005787595,2
T0005787597,3
T0005787598,2
T0005787606,1
T0005787608,2
T0005787611,3
T0005787612,1
T0005787615,1
T0005787616,3
T0005787621,2
T0005787623,3
T0005787626,3
T0005787627,1
T0005787629,1
T0005787631,2
T0005787637,2
T0005787640,2
T0005787641,3
T0005787642,2
T0005787645,2
T0005787649,1
T0005787654,2
T0005787656,3
T0005787657,2
T0005787663,1
T0005787664,3
T0005787665,2
T0005787667,2
T0005787669,2
T0005787674,2
T0005787682,3
T0005787684,2
T0005787685,2
T0005787688,2
T0005787690,2
T0005787691,3
T0005787692,2
T0005787694,3
T0005787699,3
T0005787700,2
T0005787701,1
T0005787704,2
T0005787705,2
T0005787706,1
T0005787708,2
T0005787710,2
T0005787713,2
T0005787716,2
T0005787720,3
T0005787726,2
T0005787728,3
T0005787730,2
T0005787732,2
T0005787733,2
T0005787739,3
T0005787742,2
T0005787745,2
T0005787746,2
T0005787753,2
T0005787755,2
T0005787756,2
T0005787761,2
T0005787762,3
T0005787763,2
T0005787767,2
T0005787771,2
T0005787772,1
T0005787773,1
T0005787776,2
T0005787777,1
T0005787779,3
T0005787781,2
T0005787782,2
T0005787783,2
T0005787785,2
T0005787789,3
T0005787794,1
T0005787795,2
T0005787798,1
T0005787803,2
T0005787807,2
T0005787810,1
T0005787812,2
T0005787813,2
T0005787818,3
T0005787819,1
T0005787820,1
T0005787821,2
T0005787823,2
T0005787828,3
T0005787830,1
T0005787833,2
T0005787840,2
T0005787843,3
T0005787845,3
T0005787846,2
T0005787848,2
T0005787849,3
T0005787850,2
T0005787851,2
T0005787853,3
T0005787854,2
T0005787860,1
T0005787862,2
T0005787866,2
T0005787869,2
T0005787871,2
T0005787873,3
T0005787874,2
T0005787876,2
T0005787877,3
T0005787878,1
T0005787880,2
T0005787884,2
T0005787888,3
T0005787889,2
T0005787893,3
T0005787894,3
T0005787895,2
T0005787897,2
T0005787898,2
T0005787905,2
T0005787913,2
T0005787917,2
T0005787919,1
T0005787921,3
T0005787922,2
T0005787935,2
T0005787937,2
T0005787938,1
T0005787940,2
T0005787945,3
T0005787948,2
T0005787950,3
T0005787953,1
T0005787954,1
T0005787958,2
T0005787965,3
T0005787967,3
T0005787968,3
T0005787969,3
T0005787971,3
T0005787972,3
T0005787974,1
T0005787976,1
T0005787977,2
T0005787978,1
T0005787979,2
T0005787980,2
T0005787982,3
T0005787986,2
T0005787988,2
T0005787991,1
T0005787992,2
T0005787994,2
T0005787995,3
T0005787997,3
T0005788000,1
T0005788002,2
T0005788005,2
T0005788007,2
T0005788008,3
T0005788009,2
T0005788010,2
T0005788013,3
T0005788014,3
T0005788016,1
T0005788019,1
T0005788020,2
T0005788022,2
T0005788023,2
T0005788024,1
T0005788025,3
T0005788026,3
T0005788029,1
T0005788033,2
T0005788035,2
T0005788036,2
T0005788037,3
T0005788039,3
T0005788040,2
T0005788041,2
T0005788044,2
T0005788047,2
T0005788048,3
T0005788049,3
T0005788063,3
T0005788066,2
T0005788067,2
T0005788071,2
T0005788073,3
T0005788075,2
T0005788078,2
T0005788080,2
T0005788083,2
T0005788084,2
T0005788087,3
T0005788088,2
T0005788091,1
T0005788097,2
T0005788101,3
T0005788103,2
T0005788106,2
T0005788107,3
T0005788108,1
T0005788109,3
T0005788112,2
T0005788118,3
T0005788119,2
T0005788127,2
T0005788128,3
T0005788129,2
T0005788130,1
T0005788131,3
T0005788133,2
T0005788137,2
T0005788141,2
T0005788142,1
T0005788145,3
T0005788150,1
T0005788156,1
T0005788165,2
T0005788169,3
T0005788174,2
T0005788177,1
T0005788178,2
T0005788181,2
T0005788183,2
T0005788186,2
T0005788187,3
T0005788189,1
T0005788190,1
T0005788192,3
T0005788193,1
T0005788194,1
T0005788200,3
T0005788209,1
T0005788212,2
T0005788213,1
T0005788221,2
T0005788223,3
T0005788228,3
T0005788231,1
T0005788233,2
T0005788234,1
T0005788239,2
T0005788241,3
T0005788243,3
T0005788244,2
T0005788249,1
T0005788250,3
T0005788254,2
T0005788257,2
T0005788259,1
T0005788261,2
T0005788265,2
T0005788266,2
T0005788269,3
T0005788270,2
T0005788272,1
T0005788273,3
T0005788276,2
T0005788277,3
T0005788279,3
T0005788280,3
T0005788283,2
T0005788285,2
T0005788292,2
T0005788293,1
T0005788294,2
T0005788295,2
T0005788297,1
T0005788299,2
T0005788300,1
T0005788301,3
T0005788306,2
T0005788310,3
T0005788312,3
T0005788317,2
T0005788322,3
T0005788323,3
T0005788326,1
T0005788328,3
T0005788334,2
T0005788341,3
T0005788343,2
T0005788344,1
T0005788346,2
T0005788348,1
T0005788350,3
T0005788352,3
T0005788353,2
T0005788355,2
T0005788360,1
T0005788361,2
T0005788362,3
T0005788363,2
T0005788365,2
T0005788366,3
T0005788369,3
T0005788371,3
T0005788372,1
T0005788374,3
T0005788377,2
T0005788379,2
T0005788381,1
T0005788389,1
T0005788392,2
T0005788396,2
T0005788397,2
T0005788399,1
T0005788405,2
T0005788406,1
T0005788410,2
T0005788411,2
T0005788416,3
T0005788418,2
T0005788424,3
T0005788429,1
T0005788432,2
T0005788433,3
T0005788435,3
T0005788436,2
T0005788437,3
T0005788440,2
T0005788442,1
T0005788443,2
T0005788446,2
T0005788450,2
T0005788451,3
T0005788455,1
T0005788457,3
T0005788458,2
T0005788461,2
T0005788462,3
T0005788463,2
T0005788467,2
T0005788471,2
T0005788472,2
T0005788473,2
T0005788475,3
T0005788478,3
T0005788483,2
T0005788484,2
T0005788486,3
T0005788487,2
T0005788490,2
T0005788492,1
T0005788505,3
T0005788507,2
T0005788508,2
T0005788510,1
T0005788512,3
T0005788514,3
T0005788515,2
T0005788516,1
T0005788520,3
T0005788521,1
T0005788522,3
T0005788526,2
T0005788534,3
T0005788536,3
T0005788538,2
T0005788539,1
T0005788542,3
T0005788545,3
T0005788547,2
T0005788551,3
T0005788553,3
T0005788555,2
T0005788564,3
T0005788566,1
T0005788567,3
T0005788569,2
T0005788572,2
T0005788576,2
T0005788578,1
T0005788580,3
T0005788584,2
T0005788589,1
T0005788591,1
T0005788592,3
T0005788593,3
T0005788595,3
T0005788597,1
T0005788601,3
T0005788605,1
T0005788606,3
T0005788610,2
T0005788612,2
T0005788613,1
T0005788615,2
T0005788616,2
T0005788623,2
T0005788625,1
T0005788628,3
T0005788631,1
T0005788632,2
T0005788639,2
T0005788640,3
T0005788641,2
T0005788642,1
T0005788644,2
T0005788646,2
T0005788648,1
T0005788650,2
T0005788654,1
T0005788657,2
T0005788658,2
T0005788659,2
T0005788665,2
T0005788667,1
T0005788669,1
T0005788670,2
T0005788672,3
T0005788673,1
T0005788674,2
T0005788676,1
T0005788677,2
T0005788680,1
T0005788683,3
T0005788684,3
T0005788686,2
T0005788687,3
T0005788688,2
T0005788692,1
T0005788693,2
T0005788695,3
T0005788696,1
T0005788699,2
T0005788701,3
T0005788702,2
T0005788707,2
T0005788709,3
T0005788713,3
T0005788718,1
T0005788720,3
T0005788721,3
T0005788724,2
T0005788731,3
T0005788732,2
T0005788738,1
T0005788742,1
T0005788744,1
T0005788746,2
T0005788748,2
T0005788751,1
T0005788752,2
T0005788753,3
T0005788759,1
T0005788760,3
T0005788762,2
T0005788763,1
T0005788766,3
T0005788767,3
T0005788768,3
T0005788771,3
T0005788773,3
T0005788774,3
T0005788775,2
T0005788776,2
T0005788777,2
T0005788779,2
T0005788780,2
T0005788783,1
T0005788784,3
T0005788786,3
T0005788787,2
T0005788788,3
T0005788799,3
T0005788800,2
T0005788801,3
T0005788803,3
T0005788805,1
T0005788806,2
T0005788811,1
T0005788812,2
T0005788813,3
T0005788814,3
T0005788815,3
T0005788816,2
T0005788818,2
T0005788820,3
T0005788821,2
T0005788825,2
T0005788828,2
T0005788832,2
T0005788833,2
T0005788835,2
T0005788837,3
T0005788838,2
T0005788840,2
T0005788842,2
T0005788844,2
T0005788845,2
T0005788852,3
T0005788853,2
T0005788857,1
T0005788858,3
T0005788859,3
T0005788863,3
T0005788868,3
T0005788872,2
T0005788873,2
T0005788874,2
T0005788883,2
T0005788884,2
T0005788885,2
T0005788895,3
T0005788898,2
T0005788899,3
T0005788900,3
T0005788902,2
T0005788904,2
T0005788905,3
T0005788907,1
T0005788908,1
T0005788910,2
T0005788912,2
T0005788913,3
T0005788915,2
T0005788917,2
T0005788919,1
T0005788920,3
T0005788921,3
T0005788924,2
T0005788926,2
T0005788929,2
T0005788932,2
T0005788936,1
T0005788937,2
T0005788940,3
T0005788943,1
T0005788949,3
T0005788950,2
T0005788951,2
T0005788952,1
T0005788958,2
T0005788960,3
T0005788964,2
T0005788966,2
T0005788970,2
T0005788971,2
T0005788972,2
T0005788973,2
T0005788974,2
T0005788975,1
T0005788976,3
T0005788977,3
T0005788978,3
T0005788980,2
T0005788981,3
T0005788983,3
T0005788989,3
T0005788991,1
T0005788992,1
T0005788994,3
T0005788997,3
T0005788998,2
T0005788999,1
T0005789000,3
T0005789004,1
T0005789005,2
T0005789006,3
T0005789008,2
T0005789011,2
T0005789013,3
T0005789014,3
T0005789018,2
T0005789019,3
T0005789023,2
T0005789029,3
T0005789030,3
T0005789035,2
T0005789040,2
T0005789042,2
T0005789047,3
T0005789049,2
T0005789053,3
T0005789054,2
T0005789056,3
T0005789061,2
T0005789068,3
T0005789072,2
T0005789075,2
T0005789079,3
T0005789080,2
T0005789081,3
T0005789084,2
T0005789094,3
T0005789095,1
T0005789098,3
T0005789099,2
T0005789101,2
T0005789103,2
T0005789108,2
T0005789111,3
T0005789112,1
T0005789114,3
T0005789121,2
T0005789124,3
T0005789128,2
T0005789129,3
T0005789130,2
T0005789132,3
T0005789133,2
T0005789135,1
T0005789138,2
T0005789139,3
T0005789143,1
T0005789144,2
T0005789150,2
T0005789156,1
T0005789157,2
T0005789158,2
T0005789161,2
T0005789163,2
T0005789165,2
T0005789167,3
T0005789169,2
T0005789170,2
T0005789171,2
T0005789181,3
T0005789186,3
T0005789187,1
T0005789188,2
T0005789189,1
T0005789190,2
T0005789201,3
T0005789202,2
T0005789204,3
T0005789205,3
T0005789206,2
T0005789207,3
T0005789210,3
T0005789211,2
T0005789212,2
T0005789220,3
T0005789221,2
T0005789225,2
T0005789229,3
T0005789230,2
T0005789231,2
T0005789236,3
T0005789237,3
T0005789240,2
T0005789242,3
T0005789244,3
T0005789245,1
T0005789247,3
T0005789248,2
T0005789249,3
T0005789253,2
T0005789257,3
T0005789261,2
T0005789266,2
T0005789267,3
T0005789268,3
T0005789270,3
T0005789273,1
T0005789275,2
T0005789276,3
T0005789280,2
T0005789283,2
T0005789285,2
T0005789286,2
T0005789288,2
T0005789291,1
T0005789295,2
T0005789296,3
T0005789300,3
T0005789301,2
T0005789306,2
T0005789308,3
T0005789309,2
T0005789310,2
T0005789311,3
T0005789314,1
T0005789315,1
T0005789317,1
T0005789322,2
T0005789326,2
T0005789331,2
T0005789334,2
T0005789335,1
T0005789338,1
T0005789340,2
T0005789350,2
T0005789353,2
T0005789355,3
T0005789360,2
T0005789361,1
T0005789362,2
T0005789366,2
T0005789369,2
T0005789372,2
T0005789374,2
T0005789375,2
T0005789380,2
T0005789381,3
T0005789382,2
T0005789384,3
T0005789391,2
T0005789393,3
T0005789394,3
T0005789400,2
T0005789401,2
T0005789404,2
T0005789407,2
T0005789417,2
T0005789419,1
T0005789422,1
T0005789423,2
T0005789425,2
T0005789426,2
T0005789427,3
T0005789428,1
T0005789430,1
T0005789433,3
T0005789437,1
T0005789439,3
T0005789442,2
T0005789443,2
T0005789446,2
T0005789448,1
T0005789449,1
T0005789451,2
T0005789452,3
T0005789455,2
T0005789457,2
T0005789466,3
T0005789469,3
T0005789471,3
T0005789473,3
T0005789476,3
T0005789485,2
T0005789486,2
T0005789490,1
T0005789493,3
T0005789494,2
T0005789495,2
T0005789499,3
T0005789500,2
T0005789504,3
T0005789507,2
T0005789509,3
T0005789510,2
T0005789515,1
T0005789520,2
T0005789521,3
T0005789525,2
T0005789528,3
T0005789529,3
T0005789530,2
T0005789543,1
T0005789545,2
T0005789546,2
T0005789548,3
T0005789550,2
T0005789551,2
T0005789554,3
T0005789556,2
T0005789559,3
T0005789561,3
T0005789567,2
T0005789570,2
T0005789572,1
T0005789574,2
T0005789576,1
T0005789580,2
T0005789584,2
T0005789586,2
T0005789587,1
T0005789588,3
T0005789590,3
T0005789594,2
T0005789598,3
T0005789601,1
T0005789602,3
T0005789604,1
T0005789606,3
T0005789610,2
T0005789611,1
T0005789616,3
T0005789617,2
T0005789620,2
T0005789623,2
T0005789625,3
T0005789627,3
T0005789629,2
T0005789632,1
T0005789636,2
T0005789637,2
T0005789640,2
T0005789641,2
T0005789642,3
T0005789643,3
T0005789644,1
T0005789645,2
T0005789646,2
T0005789647,1
T0005789649,2
T0005789654,3
T0005789655,1
T0005789660,2
T0005789662,1
T0005789664,2
T0005789665,3
T0005789667,1
T0005789668,1
T0005789669,3
T0005789670,2
T0005789671,2
T0005789672,3
T0005789674,2
T0005789675,3
T0005789678,2
T0005789681,3
T0005789684,3
T0005789687,1
T0005789692,3
T0005789693,3
T0005789695,1
T0005789697,1
T0005789699,3
T0005789701,2
T0005789703,2
T0005789706,3
T0005789708,3
T0005789709,1
T0005789711,1
T0005789712,1
T0005789717,2
T0005789722,1
T0005789723,1
T0005789726,1
T0005789732,2
T0005789733,3
T0005789734,3
T0005789735,2
T0005789736,2
T0005789738,3
T0005789739,2
T0005789741,3
T0005789743,2
T0005789745,2
T0005789746,2
T0005789747,3
T0005789749,2
T0005789751,3
T0005789753,3
T0005789754,3
T0005789756,2
T0005789757,3
T0005789762,1
T0005789763,3
T0005789764,2
T0005789766,3
T0005789769,3
T0005789773,2
T0005789776,2
T0005789778,1
T0005789780,3
T0005789783,2
T0005789793,2
T0005789797,2
T0005789800,2
T0005789802,2
T0005789803,2
T0005789804,3
T0005789810,2
T0005789811,2
T0005789816,2
T0005789817,2
T0005789819,2
T0005789821,2
T0005789824,2
T0005789827,2
T0005789828,3
T0005789829,3
T0005789830,2
T0005789833,2
T0005789835,3
T0005789836,2
T0005789839,2
T0005789843,1
T0005789844,3
T0005789845,3
T0005789850,1
T0005789853,1
T0005789856,1
T0005789857,2
T0005789861,3
T0005789862,2
T0005789863,1
T0005789865,2
T0005789866,2
T0005789869,3
T0005789871,3
T0005789872,2
T0005789873,3
T0005789876,1
T0005789877,2
T0005789880,2
T0005789887,2
T0005789890,3
T0005789892,2
T0005789893,2
T0005789895,2
T0005789896,2
T0005789904,2
T0005789908,1
T0005789913,2
T0005789914,2
T0005789916,2
T0005789918,3
T0005789924,1
T0005789925,1
T0005789928,2
T0005789933,2
T0005789941,2
T0005789942,2
T0005789947,1
T0005789949,1
T0005789953,3
T0005789954,2
T0005789955,1
T0005789957,2
T0005789960,3
T0005789961,3
T0005789966,3
T0005789969,3
T0005789971,2
T0005789974,3
T0005789975,3
T0005789976,1
T0005789988,2
T0005789989,3
T0005789991,2
T0005789998,2
T0005790000,3
T0005790001,2
T0005790002,1
T0005790003,2
T0005790008,2
T0005790009,2
T0005790010,3
T0005790017,3
T0005790019,2
T0005790026,2
T0005790029,2
T0005790033,2
T0005790035,2
T0005790040,3
T0005790045,3
T0005790049,3
T0005790053,3
T0005790054,3
T0005790056,2
T0005790059,3
T0005790065,3
T0005790069,2
T0005790070,1
T0005790072,2
T0005790075,2
T0005790076,3
T0005790078,2
T0005790083,1
T0005790085,3
T0005790088,1
T0005790091,2
T0005790092,3
T0005790094,1
T0005790098,2
T0005790101,1
T0005790102,2
T0005790110,3
T0005790111,3
T0005790112,3
T0005790115,3
T0005790116,3
T0005790117,2
T0005790120,1
T0005790125,3
T0005790130,2
T0005790133,2
T0005790134,3
T0005790136,3
T0005790137,2
T0005790140,2
T0005790141,2
T0005790143,1
T0005790144,2
T0005790145,2
T0005790152,1
T0005790157,1
T0005790158,2
T0005790161,2
T0005790162,3
T0005790166,2
T0005790168,3
T0005790173,3
T0005790176,2
T0005790177,2
T0005790181,2
T0005790183,2
T0005790184,2
T0005790190,2
T0005790191,2
T0005790192,2
T0005790196,2
T0005790197,2
T0005790200,3
T0005790203,1
T0005790205,3
T0005790213,2
T0005790216,1
T0005790219,3
T0005790220,3
T0005790223,2
T0005790224,2
T0005790225,2
T0005790227,3
T0005790232,2
T0005790233,1
T0005790238,2
T0005790240,2
T0005790243,2
T0005790246,3
T0005790248,2
T0005790249,3
T0005790250,2
T0005790251,3
T0005790253,1
T0005790254,3
T0005790256,3
T0005790257,1
T0005790258,1
T0005790259,1
T0005790260,2
T0005790262,2
T0005790263,1
T0005790264,2
T0005790268,2
T0005790274,2
T0005790275,2
T0005790279,3
T0005790282,2
T0005790286,1
T0005790288,3
T0005790289,2
T0005790290,3
T0005790291,2
T0005790295,2
T0005790297,3
T0005790298,1
T0005790299,3
T0005790301,2
T0005790305,1
T0005790308,3
T0005790311,3
T0005790312,1
T0005790314,3
T0005790317,2
T0005790319,1
T0005790321,1
T0005790323,3
T0005790326,2
T0005790329,3
T0005790331,2
T0005790332,1
T0005790334,3
T0005790335,3
T0005790336,2
T0005790338,2
T0005790342,2
T0005790343,1
T0005790344,1
T0005790346,2
T0005790348,3
T0005790349,1
T0005790351,1
T0005790355,2
T0005790357,2
T0005790362,2
T0005790363,1
T0005790365,3
T0005790366,3
T0005790372,2
T0005790379,2
T0005790380,3
T0005790381,2
T0005790385,2
T0005790386,2
T0005790390,2
T0005790391,1
T0005790392,1
T0005790397,1
T0005790398,2
T0005790400,1
T0005790401,2
T0005790402,2
T0005790406,1
T0005790407,3
T0005790410,1
T0005790413,1
T0005790414,1
T0005790418,2
T0005790421,2
T0005790424,3
T0005790426,2
T0005790428,2
T0005790430,2
T0005790432,2
T0005790433,3
T0005790435,3
T0005790438,1
T0005790447,1
T0005790449,2
T0005790452,2
T0005790454,3
T0005790461,1
T0005790462,2
T0005790463,2
T0005790464,3
T0005790465,1
T0005790467,3
T0005790468,2
T0005790470,3
T0005790472,2
T0005790475,3
T0005790476,2
T0005790477,1
T0005790483,3
T0005790485,3
T0005790486,2
T0005790491,2
T0005790494,2
T0005790497,3
T0005790499,2
T0005790502,2
T0005790503,3
T0005790504,3
T0005790508,1
T0005790510,1
T0005790515,2
T0005790517,2
T0005790519,1
T0005790520,2
T0005790522,2
T0005790524,3
T0005790532,2
T0005790536,2
T0005790537,3
T0005790542,2
T0005790543,3
T0005790546,2
T0005790547,1
T0005790548,1
T0005790550,3
T0005790554,1
T0005790555,2
T0005790558,2
T0005790560,1
T0005790564,2
T0005790565,2
T0005790566,3
T0005790568,3
T0005790571,3
T0005790572,3
T0005790573,2
T0005790579,3
T0005790584,3
T0005790586,2
T0005790590,3
T0005790594,2
T0005790595,2
T0005790598,1
T0005790600,3
T0005790605,3
T0005790606,2
T0005790607,2
T0005790608,2
T0005790609,1
T0005790615,2
T0005790617,1
T0005790625,3
T0005790627,1
T0005790629,3
T0005790631,1
T0005790633,3
T0005790634,2
T0005790636,2
T0005790640,2
T0005790645,1
T0005790646,1
T0005790647,3
T0005790648,2
T0005790649,2
T0005790657,2
T0005790659,3
T0005790660,2
T0005790661,2
T0005790663,1
T0005790672,3
T0005790674,2
T0005790676,3
T0005790677,2
T0005790680,2
T0005790681,2
T0005790684,2
T0005790685,1
T0005790692,3
T0005790693,2
T0005790695,1
T0005790697,3
T0005790701,3
T0005790705,3
T0005790706,2
T0005790707,3
T0005790708,2
T0005790711,1
T0005790712,2
T0005790713,2
T0005790715,2
T0005790716,2
T0005790717,1
T0005790719,3
T0005790720,2
T0005790724,1
T0005790737,3
T0005790740,1
T0005790742,3
T0005790743,3
T0005790745,2
T0005790746,2
T0005790749,2
T0005790751,3
T0005790752,1
T0005790757,3
T0005790758,3
T0005790760,3
T0005790763,2
T0005790765,2
T0005790767,2
T0005790768,2
T0005790770,3
T0005790778,2
T0005790779,1
T0005790780,2
T0005790782,2
T0005790786,1
T0005790790,2
T0005790791,2
T0005790793,3
T0005790794,2
T0005790798,3
T0005790799,2
T0005790802,3
T0005790803,2
T0005790804,3
T0005790805,3
T0005790807,2
T0005790808,3
T0005790812,3
T0005790816,2
T0005790822,3
T0005790824,3
T0005790825,1
T0005790828,3
T0005790830,3
T0005790841,2
T0005790842,2
T0005790843,2
T0005790844,2
T0005790850,1
T0005790851,2
T0005790852,1
T0005790853,3
T0005790855,2
T0005790856,2
T0005790859,1
T0005790860,2
T0005790861,3
T0005790863,2
T0005790866,2
T0005790868,1
T0005790869,2
T0005790871,1
T0005790878,3
T0005790883,3
T0005790886,2
T0005790888,3
T0005790891,1
T0005790892,2
T0005790893,3
T0005790896,2
T0005790898,2
T0005790899,2
T0005790900,1
T0005790903,2
T0005790905,2
T0005790906,2
T0005790910,2
T0005790912,3
T0005790913,1
T0005790915,2
T0005790917,3
T0005790922,1
T0005790932,3
T0005790934,3
T0005790935,3
T0005790936,2
T0005790938,2
T0005790941,2
T0005790942,2
T0005790944,2
T0005790946,3
T0005790947,2
T0005790949,3
T0005790950,3
T0005790952,2
T0005790953,2
T0005790956,3
T0005790958,2
T0005790960,2
T0005790963,2
T0005790965,2
T0005790967,2
T0005790968,3
T0005790969,2
T0005790971,2
T0005790972,3
T0005790974,2
T0005790975,3
T0005790979,2
T0005790984,2
T0005790987,3
T0005790989,2
T0005790992,1
T0005790993,3
T0005790994,3
T0005790996,3
T0005791002,2
T0005791004,2
T0005791005,2
T0005791007,3
T0005791008,2
T0005791009,2
T0005791010,2
T0005791013,1
T0005791019,3
T0005791020,2
T0005791022,2
T0005791024,1
T0005791031,2
T0005791032,1
T0005791033,2
T0005791034,2
T0005791035,3
T0005791036,3
T0005791039,2
T0005791040,1
T0005791042,2
T0005791043,2
T0005791044,2
T0005791045,2
T0005791047,1
T0005791049,1
T0005791050,3
T0005791051,3
T0005791054,2
T0005791055,2
T0005791056,1
T0005791057,1
T0005791059,1
T0005791064,3
T0005791069,2
T0005791077,2
T0005791079,3
T0005791082,2
T0005791085,2
T0005791086,2
T0005791095,1
T0005791096,1
T0005791098,3
T0005791099,3
T0005791100,2
T0005791101,2
T0005791108,2
T0005791110,3
T0005791119,2
T0005791128,3
T0005791130,3
T0005791132,1
T0005791134,1
T0005791137,3
T0005791139,2
T0005791140,3
T0005791142,2
T0005791143,3
T0005791145,2
T0005791147,3
T0005791155,2
T0005791158,2
T0005791162,1
T0005791171,3
T0005791174,3
T0005791176,1
T0005791178,1
T0005791182,2
T0005791183,2
T0005791186,3
T0005791190,3
T0005791193,1
T0005791195,2
T0005791206,2
T0005791208,3
T0005791211,3
T0005791212,1
T0005791215,2
T0005791216,2
T0005791217,3
T0005791220,2
T0005791221,2
T0005791222,2
T0005791226,3
T0005791228,2
T0005791231,1
T0005791232,1
T0005791233,1
T0005791234,3
T0005791235,1
T0005791240,2
T0005791243,1
T0005791245,2
T0005791248,2
T0005791253,2
T0005791256,2
T0005791259,2
T0005791265,2
T0005791266,3
T0005791267,2
T0005791268,2
T0005791271,2
T0005791274,2
T0005791277,2
T0005791279,2
T0005791280,1
T0005791283,1
T0005791284,1
T0005791285,2
T0005791286,1
T0005791296,3
T0005791300,2
T0005791303,3
T0005791307,3
T0005791309,3
T0005791310,3
T0005791312,3
T0005791316,3
T0005791317,3
T0005791319,3
T0005791322,2
T0005791323,1
T0005791324,2
T0005791330,1
T0005791332,3
T0005791333,3
T0005791334,3
T0005791335,2
T0005791338,2
T0005791340,3
T0005791341,3
T0005791342,2
T0005791348,2
T0005791349,2
T0005791352,3
T0005791354,3
T0005791360,1
T0005791362,2
T0005791364,2
T0005791366,2
T0005791370,1
T0005791373,1
T0005791376,1
T0005791377,3
T0005791378,3
T0005791382,1
T0005791387,2
T0005791389,1
T0005791391,3
T0005791392,3
T0005791393,1
T0005791394,2
T0005791396,3
T0005791399,2
T0005791400,3
T0005791403,1
T0005791404,2
T0005791406,1
T0005791407,1
T0005791408,3
T0005791410,2
T0005791413,3
T0005791415,3
T0005791419,3
T0005791421,1
T0005791422,1
T0005791423,1
T0005791426,3
T0005791427,2
T0005791429,1
T0005791430,2
T0005791431,2
T0005791435,3
T0005791436,3
T0005791440,2
T0005791446,1
T0005791448,3
T0005791451,2
T0005791454,2
T0005791458,3
T0005791463,2
T0005791464,2
T0005791466,1
T0005791470,2
T0005791471,2
T0005791472,1
T0005791474,2
T0005791475,2
T0005791478,1
T0005791481,2
T0005791482,2
T0005791487,3
T0005791488,1
T0005791489,2
T0005791491,1
T0005791492,1
T0005791501,2
T0005791502,2
T0005791504,2
T0005791508,2
T0005791509,3
T0005791515,3
T0005791523,2
T0005791526,2
T0005791528,1
T0005791529,3
T0005791530,2
T0005791535,2
T0005791536,1
T0005791540,3
T0005791545,2
T0005791546,2
T0005791551,3
T0005791553,2
T0005791555,1
T0005791558,3
T0005791559,2
T0005791560,1
T0005791567,2
T0005791568,1
T0005791571,2
T0005791576,1
T0005791583,3
T0005791585,2
T0005791586,2
T0005791590,3
T0005791591,2
T0005791593,2
T0005791594,3
T0005791601,2
T0005791605,2
T0005791606,3
T0005791610,2
T0005791612,2
T0005791620,3
T0005791621,3
T0005791625,3
T0005791631,2
T0005791632,2
T0005791635,2
T0005791637,2
T0005791641,3
T0005791644,2
T0005791646,3
T0005791647,2
T0005791649,3
T0005791653,2
T0005791658,3
T0005791659,3
T0005791660,2
T0005791664,2
T0005791667,2
T0005791672,1
T0005791674,2
T0005791677,2
T0005791678,2
T0005791679,1
T0005791680,2
T0005791690,3
T0005791693,1
T0005791694,1
T0005791695,2
T0005791696,1
T0005791700,1
T0005791708,2
T0005791711,2
T0005791713,3
T0005791714,2
T0005791715,3
T0005791718,3
T0005791719,2
T0005791724,2
T0005791728,2
T0005791731,3
T0005791734,3
T0005791736,3
T0005791740,1
T0005791743,2
T0005791746,2
T0005791748,3
T0005791749,3
T0005791750,1
T0005791751,2
T0005791752,3
T0005791754,3
T0005791755,2
T0005791756,1
T0005791759,1
T0005791762,2
T0005791763,2
T0005791766,3
T0005791768,2
T0005791770,3
T0005791777,3
T0005791778,3
T0005791779,2
T0005791781,2
T0005791783,2
T0005791784,2
T0005791790,3
T0005791796,3
T0005791797,3
T0005791800,3
T0005791801,2
T0005791802,3
T0005791804,2
T0005791809,2
T0005791810,3
T0005791812,1
T0005791815,2
T0005791816,3
T0005791824,2
T0005791825,1
T0005791826,1
T0005791829,2
T0005791832,1
T0005791834,2
T0005791839,2
T0005791841,2
T0005791842,3
T0005791846,3
T0005791857,3
T0005791858,2
T0005791859,3
T0005791864,1
T0005791867,2
T0005791874,2
T0005791875,2
T0005791880,1
T0005791881,2
T0005791885,2
T0005791886,2
T0005791887,1
T0005791888,2
T0005791889,3
T0005791890,2
T0005791891,3
T0005791893,3
T0005791894,2
T0005791900,2
T0005791905,2
T0005791906,1
T0005791908,2
T0005791909,2
T0005791910,3
T0005791911,1
T0005791912,2
T0005791913,2
T0005791914,2
T0005791915,2
T0005791917,2
T0005791918,2
T0005791919,2
T0005791921,2
T0005791931,2
T0005791932,1
T0005791934,3
T0005791935,3
T0005791936,1
T0005791937,3
T0005791943,3
T0005791946,1
T0005791947,2
T0005791949,3
T0005791951,2
T0005791952,2
T0005791956,2
T0005791958,2
T0005791962,3
T0005791964,1
T0005791965,3
T0005791966,3
T0005791978,3
T0005791979,1
T0005791980,2
T0005791982,3
T0005791984,3
T0005791986,1
T0005791988,2
T0005791989,2
T0005791991,1
T0005791997,2
T0005791998,3
T0005791999,1
T0005792001,2
T0005792002,3
T0005792006,3
T0005792009,2
T0005792010,1
T0005792011,3
T0005792012,2
T0005792013,2
T0005792018,3
T0005792025,2
T0005792027,2
T0005792029,3
T0005792031,2
T0005792033,2
T0005792039,2
T0005792040,2
T0005792042,2
T0005792043,3
T0005792044,1
T0005792046,1
T0005792052,3
T0005792057,3
T0005792059,3
T0005792063,2
T0005792064,2
T0005792070,2
T0005792073,2
T0005792079,2
T0005792083,2
T0005792084,3
T0005792086,2
T0005792088,1
T0005792090,3
T0005792091,3
T0005792092,3
T0005792093,3
T0005792096,1
T0005792105,2
T0005792107,2
T0005792109,1
T0005792112,1
T0005792116,1
T0005792117,2
T0005792120,2
T0005792121,2
T0005792122,2
T0005792123,2
T0005792124,1
T0005792125,2
T0005792127,1
T0005792130,3
T0005792131,3
T0005792133,3
T0005792134,2
T0005792135,1
T0005792137,2
T0005792140,1
T0005792142,2
T0005792148,1
T0005792149,3
T0005792155,2
T0005792157,2
T0005792161,3
T0005792162,1
T0005792164,1
T0005792167,3
T0005792168,2
T0005792169,1
T0005792170,3
T0005792174,3
T0005792176,2
T0005792178,3
T0005792180,2
T0005792184,2
T0005792186,3
T0005792187,2
T0005792188,2
T0005792190,2
T0005792191,2
T0005792192,3
T0005792193,1
T0005792195,1
T0005792196,2
T0005792198,3
T0005792200,3
T0005792203,3
T0005792204,1
T0005792205,3
T0005792206,3
T0005792207,3
T0005792208,3
T0005792211,2
T0005792216,1
T0005792217,3
T0005792219,1
T0005792220,2
T0005792223,3
T0005792225,2
T0005792226,3
T0005792227,2
T0005792229,2
T0005792230,1
T0005792232,2
T0005792235,2
T0005792236,2
T0005792238,2
T0005792240,1
T0005792244,2
T0005792245,1
T0005792246,3
T0005792248,3
T0005792249,2
T0005792251,2
T0005792253,3
T0005792256,2
T0005792259,1
T0005792263,2
T0005792266,1
T0005792267,2
T0005792269,2
T0005792270,3
T0005792274,1
T0005792280,2
T0005792281,2
T0005792282,2
T0005792283,1
T0005792289,1
T0005792292,3
T0005792296,1
T0005792299,2
T0005792302,2
T0005792306,2
T0005792309,3
T0005792311,2
T0005792312,1
T0005792314,1
T0005792315,1
T0005792319,3
T0005792320,2
T0005792321,3
T0005792323,1
T0005792329,2
T0005792332,3
T0005792336,1
T0005792340,3
T0005792341,2
T0005792342,1
T0005792347,2
T0005792348,2
T0005792356,2
T0005792361,1
T0005792362,2
T0005792365,2
T0005792367,2
T0005792368,2
T0005792370,3
T0005792375,3
T0005792376,3
T0005792379,3
T0005792380,3
T0005792381,2
T0005792382,3
T0005792383,2
T0005792384,3
T0005792391,3
T0005792392,3
T0005792395,2
T0005792396,2
T0005792399,2
T0005792400,2
T0005792401,2
T0005792404,1
T0005792406,2
T0005792407,2
T0005792413,1
T0005792417,1
T0005792418,3
T0005792422,1
T0005792424,2
T0005792426,1
T0005792427,3
T0005792428,1
T0005792432,2
T0005792433,2
T0005792437,3
T0005792438,2
T0005792441,3
T0005792447,2
T0005792450,1
T0005792451,2
T0005792452,1
T0005792458,2
T0005792459,2
T0005792463,3
T0005792465,2
T0005792468,1
T0005792470,2
T0005792473,1
T0005792479,2
T0005792480,2
T0005792483,2
T0005792485,3
T0005792487,2
T0005792488,2
T0005792497,2
T0005792499,3
T0005792500,2
T0005792501,2
T0005792502,2
T0005792503,3
T0005792507,3
T0005792508,2
T0005792510,2
T0005792511,1
T0005792512,2
T0005792513,2
T0005792520,2
T0005792522,3
T0005792523,3
T0005792526,1
T0005792528,3
T0005792534,3
T0005792536,2
T0005792540,1
T0005792541,2
T0005792542,2
T0005792543,2
T0005792546,3
T0005792547,2
T0005792548,2
T0005792549,1
T0005792550,2
T0005792551,3
T0005792555,1
T0005792558,2
T0005792564,3
T0005792566,3
T0005792571,2
T0005792574,2
T0005792575,3
T0005792577,2
T0005792588,3
T0005792589,2
T0005792591,1
T0005792592,3
T0005792593,3
T0005792594,2
T0005792596,2
T0005792598,1
T0005792599,2
T0005792600,2
T0005792604,2
T0005792605,3
T0005792606,3
T0005792608,3
T0005792609,3
T0005792612,3
T0005792617,3
T0005792618,1
T0005792622,2
T0005792623,3
T0005792624,2
T0005792626,3
T0005792627,2
T0005792629,2
T0005792635,2
T0005792637,3
T0005792638,1
T0005792640,2
T0005792643,3
T0005792644,2
T0005792647,2
T0005792648,2
T0005792649,2
T0005792650,1
T0005792652,2
T0005792654,2
T0005792658,2
T0005792661,3
T0005792666,3
T0005792668,2
T0005792670,2
T0005792672,2
T0005792675,1
T0005792677,1
T0005792678,3
T0005792681,3
T0005792686,2
T0005792690,1
T0005792691,2
T0005792696,2
T0005792697,2
T0005792700,3
T0005792702,2
T0005792703,3
T0005792705,2
T0005792707,2
T0005792708,1
T0005792710,3
T0005792715,2
T0005792716,3
T0005792717,2
T0005792719,2
T0005792724,2
T0005792725,2
T0005792726,3
T0005792728,2
T0005792729,2
T0005792730,3
T0005792731,3
T0005792738,2
T0005792746,1
T0005792747,3
T0005792753,3
T0005792757,3
T0005792759,3
T0005792760,1
T0005792763,3
T0005792768,2
T0005792773,2
T0005792775,3
T0005792780,3
T0005792781,1
T0005792782,2
T0005792789,2
T0005792790,1
T0005792791,2
T0005792792,2
T0005792793,2
T0005792796,2
T0005792797,2
T0005792798,2
T0005792801,2
T0005792805,1
T0005792807,3
T0005792808,2
T0005792811,2
T0005792813,1
T0005792814,3
T0005792815,2
T0005792820,3
T0005792823,2
T0005792824,2
T0005792828,1
T0005792830,3
T0005792831,2
T0005792840,1
T0005792841,2
T0005792848,2
T0005792849,3
T0005792850,2
T0005792853,2
T0005792855,3
T0005792861,1
T0005792866,2
T0005792870,2
T0005792871,2
T0005792873,3
T0005792877,1
T0005792879,2
T0005792885,3
T0005792886,1
T0005792888,1
T0005792891,2
T0005792893,1
T0005792894,2
T0005792895,2
T0005792900,3
T0005792901,1
T0005792902,2
T0005792903,2
T0005792904,3
T0005792905,1
T0005792908,2
T0005792910,3
T0005792915,1
T0005792918,3
T0005792919,2
T0005792921,3
T0005792922,2
T0005792925,2
T0005792930,3
T0005792933,3
T0005792935,2
T0005792939,3
T0005792940,3
T0005792942,3
T0005792944,3
T0005792945,1
T0005792947,3
T0005792948,1
T0005792950,3
T0005792952,1
T0005792953,2
T0005792954,2
T0005792956,2
T0005792959,1
T0005792961,2
T0005792962,3
T0005792970,2
T0005792975,2
T0005792976,3
T0005792978,1
T0005792980,3
T0005792983,2
T0005792984,3
T0005792986,1
T0005792994,2
T0005792997,2
T0005792998,2
T0005793000,3
T0005793002,1
T0005793004,2
T0005793005,2
T0005793007,2
T0005793013,2
T0005793014,1
T0005793015,3
T0005793019,1
T0005793020,2
T0005793021,3
T0005793022,2
T0005793026,2
T0005793027,1
T0005793030,2
T0005793034,3
T0005793039,3
T0005793041,2
T0005793042,3
T0005793044,3
T0005793047,2
T0005793048,1
T0005793051,2
T0005793054,1
T0005793055,3
T0005793061,3
T0005793062,2
T0005793063,1
T0005793064,2
T0005793066,2
T0005793068,3
T0005793070,1
T0005793071,2
T0005793073,2
T0005793074,1
T0005793075,2
T0005793080,1
T0005793081,1
T0005793084,3
T0005793085,2
T0005793088,1
T0005793092,2
T0005793096,2
T0005793097,2
T0005793100,1
T0005793104,2
T0005793106,2
T0005793107,2
T0005793109,3
T0005793110,3
T0005793117,2
T0005793118,3
T0005793121,2
T0005793125,2
T0005793126,2
T0005793127,2
T0005793129,2
T0005793130,2
T0005793131,3
T0005793135,3
T0005793136,2
T0005793141,2
T0005793145,2
T0005793152,1
T0005793157,2
T0005793158,3
T0005793161,2
T0005793162,1
T0005793165,2
T0005793167,3
T0005793168,3
T0005793173,2
T0005793177,2
T0005793180,2
T0005793185,3
T0005793186,3
T0005793188,2
T0005793191,2
T0005793195,2
T0005793198,3
T0005793199,3
T0005793207,2
T0005793208,2
T0005793209,2
T0005793213,3
T0005793214,1
T0005793216,2
T0005793217,3
T0005793226,2
T0005793227,1
T0005793228,2
T0005793232,2
T0005793233,3
T0005793234,2
T0005793235,3
T0005793241,1
T0005793242,2
T0005793243,1
T0005793245,2
T0005793246,1
T0005793247,1
T0005793248,2
T0005793250,2
T0005793257,1
T0005793259,2
T0005793260,2
T0005793263,2
T0005793264,3
T0005793266,2
T0005793268,2
T0005793269,2
T0005793272,3
T0005793274,1
T0005793275,2
T0005793278,2
T0005793279,3
T0005793280,2
T0005793283,3
T0005793284,3
T0005793287,2
T0005793288,1
T0005793292,1
T0005793294,3
T0005793295,1
T0005793296,2
T0005793299,2
T0005793300,1
T0005793303,2
T0005793304,3
T0005793305,2
T0005793307,2
T0005793309,1
T0005793312,3
T0005793316,3
T0005793317,3
T0005793322,2
T0005793323,2
T0005793324,2
T0005793325,3
T0005793326,1
T0005793330,1
T0005793331,1
T0005793332,2
T0005793335,1
T0005793337,3
T0005793338,1
T0005793339,2
T0005793342,1
T0005793344,1
T0005793345,2
T0005793346,2
T0005793347,1
T0005793351,3
T0005793356,2
T0005793359,3
T0005793363,3
T0005793367,3
T0005793369,1
T0005793370,1
T0005793371,2
T0005793372,2
T0005793376,2
T0005793381,2
T0005793382,2
T0005793383,2
T0005793387,1
T0005793389,3
T0005793393,3
T0005793395,2
T0005793399,1
T0005793401,3
T0005793402,2
T0005793405,3
T0005793407,2
T0005793409,1
T0005793414,2
T0005793415,1
T0005793419,1
T0005793421,3
T0005793423,2
T0005793424,2
T0005793430,1
T0005793431,3
T0005793435,1
T0005793439,2
T0005793440,3
T0005793441,2
T0005793443,2
T0005793445,2
T0005793447,2
T0005793450,3
T0005793455,1
T0005793456,2
T0005793457,3
T0005793459,2
T0005793462,3
T0005793465,1
T0005793467,2
T0005793470,2
T0005793475,2
T0005793478,2
T0005793481,2
T0005793482,2
T0005793484,2
T0005793485,2
T0005793487,1
T0005793491,2
T0005793495,2
T0005793497,3
T0005793498,2
T0005793499,3
T0005793500,2
T0005793502,3
T0005793504,3
T0005793507,2
T0005793510,2
T0005793511,2
T0005793514,3
T0005793517,3
T0005793519,2
T0005793521,2
T0005793524,1
T0005793528,2
T0005793533,2
T0005793535,1
T0005793537,3
T0005793538,2
T0005793540,3
T0005793542,1
T0005793543,1
T0005793550,2
T0005793552,2
T0005793553,2
T0005793554,2
T0005793558,3
T0005793560,2
T0005793563,2
T0005793564,3
T0005793565,3
T0005793570,3
T0005793571,2
T0005793576,3
T0005793579,2
T0005793583,2
T0005793586,1
T0005793587,2
T0005793588,2
T0005793590,3
T0005793591,3
T0005793592,1
T0005793596,1
T0005793600,2
T0005793601,2
T0005793606,3
T0005793613,3
T0005793614,3
T0005793615,1
T0005793616,1
T0005793618,1
T0005793619,3
T0005793621,3
T0005793622,3
T0005793623,3
T0005793625,2
T0005793626,3
T0005793627,2
T0005793628,2
T0005793630,3
T0005793636,3
T0005793643,3
T0005793647,2
T0005793650,1
T0005793651,2
T0005793652,3
T0005793653,3
T0005793660,2
T0005793666,2
T0005793667,3
T0005793671,2
T0005793674,3
T0005793675,2
T0005793678,2
T0005793680,3
T0005793682,2
T0005793683,1
T0005793684,1
T0005793685,2
T0005793686,2
T0005793687,2
T0005793688,2
T0005793690,2
T0005793695,2
T0005793704,2
T0005793705,3
T0005793706,1
T0005793712,3
T0005793715,2
T0005793718,1
T0005793722,3
T0005793723,2
T0005793724,2
T0005793725,2
T0005793727,3
T0005793728,1
T0005793729,1
T0005793732,2
T0005793733,2
T0005793736,3
T0005793737,2
T0005793738,2
T0005793740,3
T0005793743,3
T0005793744,1
T0005793748,1
T0005793750,2
T0005793751,3
T0005793755,2
T0005793757,3
T0005793760,1
T0005793763,1
T0005793764,1
T0005793767,3
T0005793776,2
T0005793778,3
T0005793782,2
T0005793784,3
T0005793787,1
T0005793795,1
T0005793796,2
T0005793798,2
T0005793801,2
T0005793812,1
T0005793815,2
T0005793816,2
T0005793817,3
T0005793820,3
T0005793828,2
T0005793829,1
T0005793837,2
T0005793840,2
T0005793841,1
T0005793848,2
T0005793850,1
T0005793851,3
T0005793852,3
T0005793854,3
T0005793855,3
T0005793856,2
T0005793859,3
T0005793863,2
T0005793868,3
T0005793869,3
T0005793870,3
T0005793871,2
T0005793878,2
T0005793879,2
T0005793883,2
T0005793884,2
T0005793885,1
T0005793886,1
T0005793887,2
T0005793888,3
T0005793889,3
T0005793890,3
T0005793891,2
T0005793892,2
T0005793893,2
T0005793898,2
T0005793899,3
T0005793900,3
T0005793904,2
T0005793905,3
T0005793907,3
T0005793912,3
T0005793918,2
T0005793919,2
T0005793921,2
T0005793922,1
T0005793925,1
T0005793926,3
T0005793928,2
T0005793929,2
T0005793931,2
T0005793934,3
T0005793936,3
T0005793937,3
T0005793945,2
T0005793947,1
T0005793948,3
T0005793949,1
T0005793951,2
T0005793953,2
T0005793955,2
T0005793959,1
T0005793960,2
T0005793965,2
T0005793966,2
T0005793969,2
T0005793974,1
T0005793976,1
T0005793977,2
T0005793980,3
T0005793982,2
T0005793985,1
T0005793987,2
T0005793992,1
T0005793994,2
T0005793995,3
T0005793996,1
T0005794009,3
T0005794011,3
T0005794012,2
T0005794013,2
T0005794015,1
T0005794016,2
T0005794017,2
T0005794019,2
T0005794021,3
T0005794024,2
T0005794026,1
T0005794028,3
T0005794029,2
T0005794030,2
T0005794031,2
T0005794032,3
T0005794033,3
T0005794035,1
T0005794036,2
T0005794040,3
T0005794041,2
T0005794042,3
T0005794043,2
T0005794044,3
T0005794045,3
T0005794048,2
T0005794050,2
T0005794053,2
T0005794058,1
T0005794065,2
T0005794066,2
T0005794067,3
T0005794070,2
T0005794072,3
T0005794074,2
T0005794076,3
T0005794077,1
T0005794080,2
T0005794083,2
T0005794086,3
T0005794088,3
T0005794090,3
T0005794093,3
T0005794095,2
T0005794097,3
T0005794102,1
T0005794103,2
T0005794104,3
T0005794105,3
T0005794106,2
T0005794109,3
T0005794113,2
T0005794115,1
T0005794119,2
T0005794120,3
T0005794121,1
T0005794123,3
T0005794127,3
T0005794130,2
T0005794132,2
T0005794133,2
T0005794134,2
T0005794136,2
T0005794137,3
T0005794139,2
T0005794141,3
T0005794144,3
T0005794146,2
T0005794147,2
T0005794148,3
T0005794153,2
T0005794154,2
T0005794165,2
T0005794169,1
T0005794174,2
T0005794175,1
T0005794177,2
T0005794179,1
T0005794180,3
T0005794181,2
T0005794182,2
T0005794184,3
T0005794185,2
T0005794193,2
T0005794194,2
T0005794198,2
T0005794199,3
T0005794201,2
T0005794208,3
T0005794214,2
T0005794219,2
T0005794221,1
T0005794223,2
T0005794232,1
T0005794233,3
T0005794237,1
T0005794238,2
T0005794239,2
T0005794240,2
T0005794241,3
T0005794243,3
T0005794244,2
T0005794245,2
T0005794246,1
T0005794250,2
T0005794253,3
T0005794254,3
T0005794255,1
T0005794257,3
T0005794258,2
T0005794259,1
T0005794261,2
T0005794263,2
T0005794264,1
T0005794265,2
T0005794266,3
T0005794267,2
T0005794269,2
T0005794270,2
T0005794272,3
T0005794276,2
T0005794280,1
T0005794281,2
T0005794282,2
T0005794284,1
T0005794285,3
T0005794289,3
T0005794291,2
T0005794295,3
T0005794301,3
T0005794305,2
T0005794310,3
T0005794314,3
T0005794315,3
T0005794320,2
T0005794321,2
T0005794328,3
T0005794332,3
T0005794333,3
T0005794334,3
T0005794340,3
T0005794343,1
T0005794346,2
T0005794350,1
T0005794351,3
T0005794352,3
T0005794355,2
T0005794356,1
T0005794360,3
T0005794370,1
T0005794374,2
T0005794378,2
T0005794382,3
T0005794384,2
T0005794387,2
T0005794389,2
T0005794394,3
T0005794395,2
T0005794396,1
T0005794398,3
T0005794401,1
T0005794410,1
T0005794415,2
T0005794416,2
T0005794417,1
T0005794420,2
T0005794421,2
T0005794426,1
T0005794427,2
T0005794428,2
T0005794431,2
T0005794432,1
T0005794434,3
T0005794435,2
T0005794436,2
T0005794437,3
T0005794438,2
T0005794439,2
T0005794440,3
T0005794441,3
T0005794442,3
T0005794443,2
T0005794444,1
T0005794445,2
T0005794448,1
T0005794450,3
T0005794456,2
T0005794461,2
T0005794462,2
T0005794474,2
T0005794477,2
T0005794480,1
T0005794482,2
T0005794487,3
T0005794489,2
T0005794493,3
T0005794495,2
T0005794499,3
T0005794505,2
T0005794509,1
T0005794510,3
T0005794513,2
T0005794514,3
T0005794517,2
T0005794520,2
T0005794522,1
T0005794523,2
T0005794525,3
T0005794528,2
T0005794529,1
T0005794530,1
T0005794531,1
T0005794535,2
T0005794539,2
T0005794541,1
T0005794543,2
T0005794544,1
T0005794546,2
T0005794553,1
T0005794554,2
T0005794555,2
T0005794558,2
T0005794559,2
T0005794560,2
T0005794561,2
T0005794565,2
T0005794566,1
T0005794567,3
T0005794569,2
T0005794573,1
T0005794574,3
T0005794576,2
T0005794577,3
T0005794578,2
T0005794584,2
T0005794587,3
T0005794590,1
T0005794594,2
T0005794598,3
T0005794599,1
T0005794600,3
T0005794606,2
T0005794609,2
T0005794610,2
T0005794612,3
T0005794615,2
T0005794622,3
T0005794623,1
T0005794625,2
T0005794630,3
T0005794632,1
T0005794633,2
T0005794637,2
T0005794646,2
T0005794651,2
T0005794653,2
T0005794654,1
T0005794659,1
T0005794664,2
T0005794668,2
T0005794670,2
T0005794671,1
T0005794673,2
T0005794674,2
T0005794675,2
T0005794676,2
T0005794677,1
T0005794678,3
T0005794682,2
T0005794687,1
T0005794688,1
T0005794689,2
T0005794691,3
T0005794693,1
T0005794700,3
T0005794704,2
T0005794705,2
T0005794710,3
T0005794711,1
T0005794724,2
T0005794726,3
T0005794727,2
T0005794729,1
T0005794731,2
T0005794732,2
T0005794735,2
T0005794737,1
T0005794739,3
T0005794743,1
T0005794744,2
T0005794746,1
T0005794747,1
T0005794751,2
T0005794752,2
T0005794753,2
T0005794754,3
T0005794760,1
T0005794761,3
T0005794763,3
T0005794765,2
T0005794766,2
T0005794767,3
T0005794773,3
T0005794775,1
T0005794778,1
T0005794780,3
T0005794786,2
T0005794787,2
T0005794789,3
T0005794793,3
T0005794795,3
T0005794798,3
T0005794799,1
T0005794800,3
T0005794802,2
T0005794803,2
T0005794807,3
T0005794810,1
T0005794812,3
T0005794813,3
T0005794817,2
T0005794818,2
T0005794824,1
T0005794825,3
T0005794828,3
T0005794830,1
T0005794831,3
T0005794832,3
T0005794837,2
T0005794838,2
T0005794840,2
T0005794841,1
T0005794842,2
T0005794844,2
T0005794848,1
T0005794850,3
T0005794851,1
T0005794852,1
T0005794854,2
T0005794855,3
T0005794858,3
T0005794862,2
T0005794863,1
T0005794864,3
T0005794865,2
T0005794867,2
T0005794869,1
T0005794871,3
T0005794873,1
T0005794874,2
T0005794875,2
T0005794877,1
T0005794879,1
T0005794882,2
T0005794883,3
T0005794885,3
T0005794886,2
T0005794889,3
T0005794890,3
T0005794891,2
T0005794893,2
T0005794894,3
T0005794896,3
T0005794897,2
T0005794898,2
T0005794900,3
T0005794902,3
T0005794905,3
T0005794907,2
T0005794908,2
T0005794910,2
T0005794913,2
T0005794918,3
T0005794919,2
T0005794920,3
T0005794922,2
T0005794923,3
T0005794924,3
T0005794926,1
T0005794929,2
T0005794931,3
T0005794932,3
T0005794934,3
T0005794936,1
T0005794938,2
T0005794940,2
T0005794942,3
T0005794944,2
T0005794946,3
T0005794949,1
T0005794953,2
T0005794954,1
T0005794957,1
T0005794958,2
T0005794960,2
T0005794963,1
T0005794965,2
T0005794968,2
T0005794971,1
T0005794972,2
T0005794973,2
T0005794974,1
T0005794978,2
T0005794979,1
T0005794981,3
T0005794983,2
T0005794986,1
T0005794988,3
T0005794990,2
T0005794991,2
T0005794994,2
T0005794995,2
T0005794996,2
T0005794997,1
T0005794999,2
T0005795001,2
T0005795005,2
T0005795006,3
T0005795007,3
T0005795011,3
T0005795015,1
T0005795016,2
T0005795017,3
T0005795018,2
T0005795019,2
T0005795022,1
T0005795025,1
T0005795026,2
T0005795027,2
T0005795030,1
T0005795033,2
T0005795034,1
T0005795036,2
T0005795037,1
T0005795046,2
T0005795050,3
T0005795051,1
T0005795054,2
T0005795055,3
T0005795056,3
T0005795057,3
T0005795061,3
T0005795062,3
T0005795063,2
T0005795066,3
T0005795067,1
T0005795068,1
T0005795072,3
T0005795075,2
T0005795077,1
T0005795079,3
T0005795081,2
T0005795082,2
T0005795083,1
T0005795087,2
T0005795088,2
T0005795089,2
T0005795096,2
T0005795099,1
T0005795108,2
T0005795110,2
T0005795112,3
T0005795117,2
T0005795119,3
T0005795123,3
T0005795124,3
T0005795126,2
T0005795127,2
T0005795131,1
T0005795133,2
T0005795136,1
T0005795137,2
T0005795144,3
T0005795145,2
T0005795152,2
T0005795155,2
T0005795163,3
T0005795164,2
T0005795165,2
T0005795168,3
T0005795169,1
T0005795174,2
T0005795175,1
T0005795178,1
T0005795179,1
T0005795182,1
T0005795186,3
T0005795194,1
T0005795196,3
T0005795214,2
T0005795217,1
T0005795221,2
T0005795225,1
T0005795231,3
T0005795232,2
T0005795233,1
T0005795236,3
T0005795237,3
T0005795240,2
T0005795241,2
T0005795242,1
T0005795244,3
T0005795246,2
T0005795248,3
T0005795249,3
T0005795251,3
T0005795255,2
T0005795256,1
T0005795258,3
T0005795259,1
T0005795260,3
T0005795265,3
T0005795266,2
T0005795267,3
T0005795272,2
T0005795273,3
T0005795278,2
T0005795279,1
T0005795280,2
T0005795281,3
T0005795283,2
T0005795284,1
T0005795289,1
T0005795293,3
T0005795295,3
T0005795296,3
T0005795308,3
T0005795309,2
T0005795311,2
T0005795313,2
T0005795318,2
T0005795319,1
T0005795320,2
T0005795321,1
T0005795322,1
T0005795325,3
T0005795326,2
T0005795332,2
T0005795335,3
T0005795337,1
T0005795339,2
T0005795343,3
T0005795344,2
T0005795347,3
T0005795351,2
T0005795352,2
T0005795353,2
T0005795354,3
T0005795355,1
T0005795356,1
T0005795358,2
T0005795367,3
T0005795372,2
T0005795374,3
T0005795376,2
T0005795378,3
T0005795382,1
T0005795389,3
T0005795393,1
T0005795395,2
T0005795397,2
T0005795401,1
T0005795402,3
T0005795403,1
T0005795405,2
T0005795410,3
T0005795415,2
T0005795416,3
T0005795418,2
T0005795421,2
T0005795424,3
T0005795425,2
T0005795426,2
T0005795430,2
T0005795432,3
T0005795436,1
T0005795437,3
T0005795439,2
T0005795444,2
T0005795447,2
T0005795449,1
T0005795450,3
T0005795456,2
T0005795458,3
T0005795459,2
T0005795460,1
T0005795462,1
T0005795463,2
T0005795467,2
T0005795468,3
T0005795472,1
T0005795474,3
T0005795477,1
T0005795478,3
T0005795481,3
T0005795483,2
T0005795488,3
T0005795493,3
T0005795495,3
T0005795496,2
T0005795497,1
T0005795498,2
T0005795499,3
T0005795501,3
T0005795502,2
T0005795505,3
T0005795510,2
T0005795511,1
T0005795513,2
T0005795514,2
T0005795515,2
T0005795517,2
T0005795518,2
T0005795519,2
T0005795520,2
T0005795524,2
T0005795527,2
T0005795534,2
T0005795535,3
T0005795536,2
T0005795538,3
T0005795539,1
T0005795543,2
T0005795545,3
T0005795547,3
T0005795549,2
T0005795552,2
T0005795557,1
T0005795558,2
T0005795560,2
T0005795561,2
T0005795562,2
T0005795563,3
T0005795568,2
T0005795569,3
T0005795570,2
T0005795572,2
T0005795577,1
T0005795578,2
T0005795579,3
T0005795580,3
T0005795581,2
T0005795585,3
T0005795587,1
T0005795588,3
T0005795590,3
T0005795591,3
T0005795593,2
T0005795594,1
T0005795603,3
T0005795604,2
T0005795606,3
T0005795607,2
T0005795608,2
T0005795609,1
T0005795610,1
T0005795611,3
T0005795612,3
T0005795614,2
T0005795615,1
T0005795616,1
T0005795617,3
T0005795618,2
T0005795620,3
T0005795622,1
T0005795623,3
T0005795627,2
T0005795631,2
T0005795632,3
T0005795634,1
T0005795636,2
T0005795642,2
T0005795643,1
T0005795644,2
T0005795645,2
T0005795646,2
T0005795648,2
T0005795653,3
T0005795654,3
T0005795662,1
T0005795670,2
T0005795672,3
T0005795677,2
T0005795678,3
T0005795682,2
T0005795683,1
T0005795685,1
T0005795686,2
T0005795688,2
T0005795689,3
T0005795692,2
T0005795694,3
T0005795701,3
T0005795703,3
T0005795704,1
T0005795706,3
T0005795708,2
T0005795711,2
T0005795712,2
T0005795715,1
T0005795723,3
T0005795732,1
T0005795734,3
T0005795736,2
T0005795738,2
T0005795740,3
T0005795743,3
T0005795744,2
T0005795747,3
T0005795749,2
T0005795753,1
T0005795754,1
T0005795755,2
T0005795757,2
T0005795758,2
T0005795759,2
T0005795761,2
T0005795762,2
T0005795763,3
T0005795771,2
T0005795773,3
T0005795779,3
T0005795780,1
T0005795781,2
T0005795786,1
T0005795788,1
T0005795789,2
T0005795790,2
T0005795791,2
T0005795792,3
T0005795794,2
T0005795797,2
T0005795798,2
T0005795802,2
T0005795803,2
T0005795806,2
T0005795808,2
T0005795810,1
T0005795813,2
T0005795818,3
T0005795821,3
T0005795822,3
T0005795825,1
T0005795826,2
T0005795831,1
T0005795837,3
T0005795838,2
T0005795839,1
T0005795840,3
T0005795844,2
T0005795845,2
T0005795848,3
T0005795852,3
T0005795853,3
T0005795854,1
T0005795858,2
T0005795859,1
T0005795862,2
T0005795864,3
T0005795867,2
T0005795868,2
T0005795869,3
T0005795870,3
T0005795871,2
T0005795875,3
T0005795878,2
T0005795879,1
T0005795881,2
T0005795882,2
T0005795885,1
T0005795887,3
T0005795888,2
T0005795889,2
T0005795890,2
T0005795892,1
T0005795894,2
T0005795895,2
T0005795897,2
T0005795899,2
T0005795900,3
T0005795902,2
T0005795908,2
T0005795910,1
T0005795913,3
T0005795914,1
T0005795917,2
T0005795919,3
T0005795921,2
T0005795922,2
T0005795924,1
T0005795929,3
T0005795931,1
T0005795932,3
T0005795934,2
T0005795935,2
T0005795936,2
T0005795937,2
T0005795941,3
T0005795942,2
T0005795945,2
T0005795946,1
T0005795947,2
T0005795949,3
T0005795953,3
T0005795957,2
T0005795960,3
T0005795961,3
T0005795964,3
T0005795965,2
T0005795968,2
T0005795969,2
T0005795975,3
T0005795977,2
T0005795978,2
T0005795979,1
T0005795980,1
T0005795984,2
T0005795986,2
T0005795987,3
T0005795993,3
T0005795994,2
T0005795998,2
T0005795999,3
T0005796000,1
T0005796001,3
T0005796002,2
T0005796003,3
T0005796004,1
T0005796007,2
T0005796008,1
T0005796011,2
T0005796015,2
T0005796019,2
T0005796020,2
T0005796026,1
T0005796027,3
T0005796030,2
T0005796032,2
T0005796033,3
T0005796035,2
T0005796037,2
T0005796041,2
T0005796042,3
T0005796047,1
T0005796051,1
T0005796054,3
T0005796056,2
T0005796057,2
T0005796060,2
T0005796064,3
T0005796068,2
T0005796072,3
T0005796078,3
T0005796080,2
T0005796081,3
T0005796083,3
T0005796084,3
T0005796088,3
T0005796092,3
T0005796094,2
T0005796096,3
T0005796099,3
T0005796100,3
T0005796102,3
T0005796107,1
T0005796109,2
T0005796110,3
T0005796111,3
T0005796113,3
T0005796114,3
T0005796116,3
T0005796117,3
T0005796118,3
T0005796122,2
T0005796126,3
T0005796140,3
T0005796141,2
T0005796142,3
T0005796144,2
T0005796150,2
T0005796151,3
T0005796152,1
T0005796153,2
T0005796154,2
T0005796156,3
T0005796157,2
T0005796158,3
T0005796160,2
T0005796161,3
T0005796162,3
T0005796164,2
T0005796165,1
T0005796166,2
T0005796168,1
T0005796170,1
T0005796172,1
T0005796176,3
T0005796178,3
T0005796179,2
T0005796182,3
T0005796183,3
T0005796184,2
T0005796189,2
T0005796193,3
T0005796194,3
T0005796195,2
T0005796198,2
T0005796205,3
T0005796208,3
T0005796214,1
T0005796218,2
T0005796221,1
T0005796224,2
T0005796228,2
T0005796229,2
T0005796230,2
T0005796231,1
T0005796232,2
T0005796235,2
T0005796238,2
T0005796240,1
T0005796242,2
T0005796244,1
T0005796245,2
T0005796247,2
T0005796251,2
T0005796253,2
T0005796257,2
T0005796258,3
T0005796260,3
T0005796263,3
T0005796268,2
T0005796271,2
T0005796272,2
T0005796273,1
T0005796277,2
T0005796279,3
T0005796280,3
T0005796282,3
T0005796283,3
T0005796285,2
T0005796287,2
T0005796289,2
T0005796290,2
T0005796292,2
T0005796301,2
T0005796302,2
T0005796303,2
T0005796306,3
T0005796309,2
T0005796311,2
T0005796316,2
T0005796318,2
T0005796320,1
T0005796322,2
T0005796327,2
T0005796331,3
T0005796332,2
T0005796333,2
T0005796335,1
T0005796343,1
T0005796346,3
T0005796357,3
T0005796358,2
T0005796359,2
T0005796360,1
T0005796361,2
T0005796367,2
T0005796368,3
T0005796369,3
T0005796371,2
T0005796376,2
T0005796378,2
T0005796385,1
T0005796386,3
T0005796391,2
T0005796392,2
T0005796393,1
T0005796399,3
T0005796401,2
T0005796402,2
T0005796408,3
T0005796415,2
T0005796417,2
T0005796421,1
T0005796424,2
T0005796425,1
T0005796426,1
T0005796428,3
T0005796431,1
T0005796432,3
T0005796434,1
T0005796441,1
T0005796449,2
T0005796451,3
T0005796452,1
T0005796454,2
T0005796457,3
T0005796459,2
T0005796461,2
T0005796462,2
T0005796464,1
T0005796470,3
T0005796472,3
T0005796475,2
T0005796477,2
T0005796480,2
T0005796481,1
T0005796483,3
T0005796485,3
T0005796487,2
T0005796493,3
T0005796494,3
T0005796498,3
T0005796500,2
T0005796501,1
T0005796508,2
T0005796512,2
T0005796518,2
T0005796523,3
T0005796525,3
T0005796529,3
T0005796534,3
T0005796535,2
T0005796536,3
T0005796537,1
T0005796538,2
T0005796540,1
T0005796542,2
T0005796544,2
T0005796548,2
T0005796552,2
T0005796555,3
T0005796556,2
T0005796560,2
T0005796562,2
T0005796564,2
T0005796568,2
T0005796571,1
T0005796572,2
T0005796574,2
T0005796575,3
T0005796585,2
T0005796586,3
T0005796587,2
T0005796593,2
T0005796595,3
T0005796606,2
T0005796607,3
T0005796611,2
T0005796612,1
T0005796623,2
T0005796629,3
T0005796631,1
T0005796639,1
T0005796642,2
T0005796643,2
T0005796645,3
T0005796650,2
T0005796652,2
T0005796658,1
T0005796660,1
T0005796664,2
T0005796665,2
T0005796667,2
T0005796668,2
T0005796671,1
T0005796672,2
T0005796674,1
T0005796676,1
T0005796677,2
T0005796678,2
T0005796680,1
T0005796684,2
T0005796685,2
T0005796688,2
T0005796689,2
T0005796690,1
T0005796691,3
T0005796692,2
T0005796693,2
T0005796697,2
T0005796699,1
T0005796703,1
T0005796710,1
T0005796712,1
T0005796714,2
T0005796715,3
T0005796718,1
T0005796721,2
T0005796725,2
T0005796726,2
T0005796727,2
T0005796734,3
T0005796737,2
T0005796740,3
T0005796742,2
T0005796743,1
T0005796749,3
T0005796750,2
T0005796752,2
T0005796754,2
T0005796759,2
T0005796768,2
T0005796769,2
T0005796770,3
T0005796774,3
T0005796778,3
T0005796779,1
T0005796781,1
T0005796783,3
T0005796784,2
T0005796785,3
T0005796788,3
T0005796791,3
T0005796793,2
T0005796794,2
T0005796796,2
T0005796797,2
T0005796798,1
T0005796799,3
T0005796802,1
T0005796804,1
T0005796805,2
T0005796813,2
T0005796816,2
T0005796818,2
T0005796826,3
T0005796828,2
T0005796836,3
T0005796837,1
T0005796841,2
T0005796842,3
T0005796845,2
T0005796848,1
T0005796850,3
T0005796856,2
T0005796857,2
T0005796858,2
T0005796861,3
T0005796864,2
T0005796868,1
T0005796870,2
T0005796871,2
T0005796872,2
T0005796873,3
T0005796874,3
T0005796877,1
T0005796878,3
T0005796879,3
T0005796880,3
T0005796881,2
T0005796882,1
T0005796883,3
T0005796884,3
T0005796885,3
T0005796893,2
T0005796894,3
T0005796896,3
T0005796900,2
T0005796902,3
T0005796903,2
T0005796906,2
T0005796907,3
T0005796909,2
T0005796914,3
T0005796917,2
T0005796919,2
T0005796922,2
T0005796923,1
T0005796924,1
T0005796925,2
T0005796929,3
T0005796932,2
T0005796940,3
T0005796942,1
T0005796944,2
T0005796947,2
T0005796952,2
T0005796953,2
T0005796954,3
T0005796955,2
T0005796957,2
T0005796959,3
T0005796961,2
T0005796963,2
T0005796964,3
T0005796968,3
T0005796969,1
T0005796970,2
T0005796973,3
T0005796974,3
T0005796975,2
T0005796976,3
T0005796978,1
T0005796980,2
T0005796982,3
T0005796985,1
T0005796986,2
T0005796993,3
T0005796994,3
T0005796995,2
T0005796999,3
T0005797000,1
T0005797001,2
T0005797005,1
T0005797009,2
T0005797016,3
T0005797018,3
T0005797019,3
T0005797025,2
T0005797027,1
T0005797028,2
T0005797030,2
T0005797032,1
T0005797034,3
T0005797038,2
T0005797040,2
T0005797041,2
T0005797042,3
T0005797051,1
T0005797053,2
T0005797055,2
T0005797056,1
T0005797057,3
T0005797058,1
T0005797059,2
T0005797061,3
T0005797062,2
T0005797064,2
T0005797066,2
T0005797070,2
T0005797076,3
T0005797078,2
T0005797079,3
T0005797083,2
T0005797086,2
T0005797090,3
T0005797093,1
T0005797095,3
T0005797096,2
T0005797101,3
T0005797104,1
T0005797106,2
T0005797108,2
T0005797112,3
T0005797114,1
T0005797115,2
T0005797120,3
T0005797121,1
T0005797127,3
T0005797128,2
T0005797130,2
T0005797131,2
T0005797134,1
T0005797137,3
T0005797139,2
T0005797141,2
T0005797142,1
T0005797148,3
T0005797149,1
T0005797150,2
T0005797151,3
T0005797153,1
T0005797154,3
T0005797155,2
T0005797156,3
T0005797158,2
T0005797159,2
T0005797166,1
T0005797168,1
T0005797172,2
T0005797175,2
T0005797176,2
T0005797177,3
T0005797178,3
T0005797180,1
T0005797182,2
T0005797187,3
T0005797190,3
T0005797191,2
T0005797193,3
T0005797195,2
T0005797196,2
T0005797200,2
T0005797202,2
T0005797204,2
T0005797217,2
T0005797218,2
T0005797220,1
T0005797221,2
T0005797223,2
T0005797227,3
T0005797230,2
T0005797231,3
T0005797233,2
T0005797235,2
T0005797236,1
T0005797238,3
T0005797239,1
T0005797242,2
T0005797250,3
T0005797252,2
T0005797254,1
T0005797255,2
T0005797256,2
T0005797257,2
T0005797261,3
T0005797262,2
T0005797264,3
T0005797265,1
T0005797269,3
T0005797272,1
T0005797274,3
T0005797276,3
T0005797278,1
T0005797280,3
T0005797282,1
T0005797285,2
T0005797286,3
T0005797287,2
T0005797288,2
T0005797289,1
T0005797291,3
T0005797299,3
T0005797300,2
T0005797305,1
T0005797307,2
T0005797311,1
T0005797313,3
T0005797314,1
T0005797315,2
T0005797319,3
T0005797322,3
T0005797329,2
T0005797330,2
T0005797332,2
T0005797335,2
T0005797340,2
T0005797341,3
T0005797345,2
T0005797346,2
T0005797348,2
T0005797349,2
T0005797351,2
T0005797359,2
T0005797360,3
T0005797363,3
T0005797364,2
T0005797368,2
T0005797369,2
T0005797370,2
T0005797378,2
T0005797381,3
T0005797383,2
T0005797385,2
T0005797386,2
T0005797389,2
T0005797393,2
T0005797396,3
T0005797398,2
T0005797399,3
T0005797403,1
T0005797404,2
T0005797405,1
T0005797406,3
T0005797407,2
T0005797408,3
T0005797410,2
T0005797412,2
T0005797413,2
T0005797425,3
T0005797426,2
T0005797427,2
T0005797430,1
T0005797432,3
T0005797433,2
T0005797438,1
T0005797441,1
T0005797443,3
T0005797445,3
T0005797449,3
T0005797451,2
T0005797453,2
T0005797454,1
T0005797455,2
T0005797461,3
T0005797462,3
T0005797463,3
T0005797465,2
T0005797472,3
T0005797474,3
T0005797476,3
T0005797479,2
T0005797482,2
T0005797483,2
T0005797486,3
T0005797487,1
T0005797488,2
T0005797489,1
T0005797490,2
T0005797493,1
T0005797501,3
T0005797502,3
T0005797503,1
T0005797504,2
T0005797505,3
T0005797507,3
T0005797508,1
T0005797510,2
T0005797513,2
T0005797516,2
T0005797520,3
T0005797522,3
T0005797524,2
T0005797525,3
T0005797529,2
T0005797530,2
T0005797533,3
T0005797534,2
T0005797535,2
T0005797537,3
T0005797547,2
T0005797548,2
T0005797549,2
T0005797550,3
T0005797551,1
T0005797552,1
T0005797554,3
T0005797555,2
T0005797558,1
T0005797559,1
T0005797561,1
T0005797571,3
T0005797573,1
T0005797574,2
T0005797576,1
T0005797578,3
T0005797579,3
T0005797586,2
T0005797587,2
T0005797588,2
T0005797589,3
T0005797590,3
T0005797592,2
T0005797595,3
T0005797597,2
T0005797599,2
T0005797600,2
T0005797601,2
T0005797603,3
T0005797604,3
T0005797607,1
T0005797609,3
T0005797610,2
T0005797612,3
T0005797614,3
T0005797616,2
T0005797619,2
T0005797626,2
T0005797633,3
T0005797636,3
T0005797639,2
T0005797647,2
T0005797648,2
T0005797654,3
T0005797655,2
T0005797656,2
T0005797665,2
T0005797666,2
T0005797668,2
T0005797670,2
T0005797672,2
T0005797675,3
T0005797677,2
T0005797680,1
T0005797682,2
T0005797683,2
T0005797684,3
T0005797685,2
T0005797686,1
T0005797690,2
T0005797695,3
T0005797697,1
T0005797699,3
T0005797703,1
T0005797706,3
T0005797707,2
T0005797708,2
T0005797714,3
T0005797716,2
T0005797719,1
T0005797720,2
T0005797721,3
T0005797725,2
T0005797726,1
T0005797727,2
T0005797728,3
T0005797729,1
T0005797730,2
T0005797731,3
T0005797738,2
T0005797741,1
T0005797745,2
T0005797747,2
T0005797748,2
T0005797750,2
T0005797753,2
T0005797757,3
T0005797762,1
T0005797763,2
T0005797768,3
T0005797769,2
T0005797772,2
T0005797774,3
T0005797777,3
T0005797780,2
T0005797781,2
T0005797783,3
T0005797784,2
T0005797787,2
T0005797790,1
T0005797791,1
T0005797794,2
T0005797798,3
T0005797800,3
T0005797805,2
T0005797807,2
T0005797810,3
T0005797813,2
T0005797814,3
T0005797815,3
T0005797817,3
T0005797818,2
T0005797820,2
T0005797822,2
T0005797827,3
T0005797829,2
T0005797834,2
T0005797836,3
T0005797839,2
T0005797844,2
T0005797846,2
T0005797847,3
T0005797848,2
T0005797854,3
T0005797856,2
T0005797861,3
T0005797873,3
T0005797874,3
T0005797876,2
T0005797879,1
T0005797880,3
T0005797881,2
T0005797882,2
T0005797891,2
T0005797892,2
T0005797893,3
T0005797894,2
T0005797895,2
T0005797899,2
T0005797901,2
T0005797903,3
T0005797906,2
T0005797907,1
T0005797909,2
T0005797913,2
T0005797915,2
T0005797918,2
T0005797920,2
T0005797925,2
T0005797931,2
T0005797932,2
T0005797934,1
T0005797939,3
T0005797940,2
T0005797942,2
T0005797945,3
T0005797947,1
T0005797949,3
T0005797952,3
T0005797954,2
T0005797956,3
T0005797963,2
T0005797966,2
T0005797969,1
T0005797972,3
T0005797973,2
T0005797975,2
T0005797980,1
T0005797982,2
T0005797983,2
T0005797987,3
T0005797990,2
T0005797993,2
T0005797998,3
T0005798000,1
T0005798002,1
T0005798004,2
T0005798005,1
T0005798007,3
T0005798011,2
T0005798012,1
T0005798014,2
T0005798015,2
T0005798017,2
T0005798021,3
T0005798024,1
T0005798027,3
T0005798030,2
T0005798031,1
T0005798033,2
T0005798034,3
T0005798036,2
T0005798037,3
T0005798038,3
T0005798040,2
T0005798041,2
T0005798042,3
T0005798043,2
T0005798045,1
T0005798048,2
T0005798054,2
T0005798055,2
T0005798056,1
T0005798057,2
T0005798063,1
T0005798073,3
T0005798087,3
T0005798089,3
T0005798090,2
T0005798092,3
T0005798094,2
T0005798096,3
T0005798099,2
T0005798101,2
T0005798102,3
T0005798105,1
T0005798108,1
T0005798112,2
T0005798113,3
T0005798117,2
T0005798120,2
T0005798126,1
T0005798127,2
T0005798131,2
T0005798133,2
T0005798135,1
T0005798136,2
T0005798139,2
T0005798145,1
T0005798148,2
T0005798151,2
T0005798155,1
T0005798160,2
T0005798161,3
T0005798163,2
T0005798166,3
T0005798167,1
T0005798168,2
T0005798173,2
T0005798174,3
T0005798175,3
T0005798177,2
T0005798179,3
T0005798192,2
T0005798193,2
T0005798194,3
T0005798195,2
T0005798196,3
T0005798197,2
T0005798204,2
T0005798206,1
T0005798216,2
T0005798224,1
T0005798228,2
T0005798231,3
T0005798234,2
T0005798236,2
T0005798237,2
T0005798238,2
T0005798239,2
T0005798243,3
T0005798246,2
T0005798247,2
T0005798250,1
T0005798251,2
T0005798252,3
T0005798253,3
T0005798255,3
T0005798256,2
T0005798260,1
T0005798265,2
T0005798270,1
T0005798272,3
T0005798277,3
T0005798279,2
T0005798289,3
T0005798290,2
T0005798291,2
T0005798293,3
T0005798294,3
T0005798295,3
T0005798300,3
T0005798301,3
T0005798302,1
T0005798310,2
T0005798313,2
T0005798314,2
T0005798315,3
T0005798316,2
T0005798320,2
T0005798321,3
T0005798324,2
T0005798333,3
T0005798334,2
T0005798335,3
T0005798336,2
T0005798337,2
T0005798338,3
T0005798339,2
T0005798341,3
T0005798343,2
T0005798345,2
T0005798350,3
T0005798352,2
T0005798353,2
T0005798358,2
T0005798362,1
T0005798364,1
T0005798365,2
T0005798366,2
T0005798370,2
T0005798371,3
T0005798373,1
T0005798374,1
T0005798377,1
T0005798378,2
T0005798380,3
T0005798381,3
T0005798384,2
T0005798386,2
T0005798389,1
T0005798394,2
T0005798398,2
T0005798404,3
T0005798407,1
T0005798408,1
T0005798409,2
T0005798411,2
T0005798412,1
T0005798413,3
T0005798414,3
T0005798417,3
T0005798420,3
T0005798422,2
T0005798423,3
T0005798429,2
T0005798430,3
T0005798431,3
T0005798432,3
T0005798435,3
T0005798436,2
T0005798437,3
T0005798438,1
T0005798441,2
T0005798448,2
T0005798453,2
T0005798457,1
T0005798461,2
T0005798465,2
T0005798467,1
T0005798470,3
T0005798473,3
T0005798475,2
T0005798478,2
T0005798480,2
T0005798493,3
T0005798494,3
T0005798495,1
T0005798497,2
T0005798503,3
T0005798507,3
T0005798510,2
T0005798511,2
T0005798512,1
T0005798513,2
T0005798514,2
T0005798515,3
T0005798519,3
T0005798520,3
T0005798521,2
T0005798522,2
T0005798523,3
T0005798524,2
T0005798530,2
T0005798531,3
T0005798532,2
T0005798533,1
T0005798534,2
T0005798535,3
T0005798539,2
T0005798540,2
T0005798541,2
T0005798543,3
T0005798545,2
T0005798546,2
T0005798553,1
T0005798555,3
T0005798563,2
T0005798566,1
T0005798570,2
T0005798571,3
T0005798572,3
T0005798579,1
T0005798581,1
T0005798584,3
T0005798586,1
T0005798587,1
T0005798590,1
T0005798596,2
T0005798600,3
T0005798603,2
T0005798604,3
T0005798609,3
T0005798622,2
T0005798625,3
T0005798626,3
T0005798628,1
T0005798632,3
T0005798633,2
T0005798634,3
T0005798637,2
T0005798644,3
T0005798649,2
T0005798651,3
T0005798656,2
T0005798658,2
T0005798660,1
T0005798662,2
T0005798663,3
T0005798666,2
T0005798667,3
T0005798674,2
T0005798675,1
T0005798676,1
T0005798678,2
T0005798683,2
T0005798686,2
T0005798689,2
T0005798690,2
T0005798692,1
T0005798697,2
T0005798698,3
T0005798700,1
T0005798702,2
T0005798703,2
T0005798705,3
T0005798706,2
T0005798709,1
T0005798711,3
T0005798715,2
T0005798717,2
T0005798719,2
T0005798724,2
T0005798725,2
T0005798730,2
T0005798731,2
T0005798732,3
T0005798733,3
T0005798738,2
T0005798740,2
T0005798746,2
T0005798750,3
T0005798751,2
T0005798753,3
T0005798754,2
T0005798757,2
T0005798758,1
T0005798760,3
T0005798761,3
T0005798765,3
T0005798767,3
T0005798768,2
T0005798772,2
T0005798776,2
T0005798780,3
T0005798782,2
T0005798783,3
T0005798784,1
T0005798787,1
T0005798788,3
T0005798789,2
T0005798790,1
T0005798791,2
T0005798792,2
T0005798793,2
T0005798795,2
T0005798796,2
T0005798797,3
T0005798800,3
T0005798801,2
T0005798802,1
T0005798803,1
T0005798806,3
T0005798808,2
T0005798809,3
T0005798812,2
T0005798813,3
T0005798814,2
T0005798816,2
T0005798818,1
T0005798821,2
T0005798824,2
T0005798826,2
T0005798829,2
T0005798831,2
T0005798834,2
T0005798836,1
T0005798837,1
T0005798838,1
T0005798840,1
T0005798842,2
T0005798844,1
T0005798847,3
T0005798850,3
T0005798852,1
T0005798853,2
T0005798862,3
T0005798863,2
T0005798865,2
T0005798869,2
T0005798870,3
T0005798872,2
T0005798874,2
T0005798876,2
T0005798879,2
T0005798882,2
T0005798883,3
T0005798884,2
T0005798885,1
T0005798886,3
T0005798889,2
T0005798890,2
T0005798893,2
T0005798894,3
T0005798901,3
T0005798905,3
T0005798910,2
T0005798911,1
T0005798912,2
T0005798913,1
T0005798916,3
T0005798920,2
T0005798922,3
T0005798929,1
T0005798932,2
T0005798933,3
T0005798936,3
T0005798937,2
T0005798938,2
T0005798939,1
T0005798940,2
T0005798943,1
T0005798944,3
T0005798949,2
T0005798953,3
T0005798955,2
T0005798957,3
T0005798958,3
T0005798961,1
T0005798964,2
T0005798966,2
T0005798968,2
T0005798969,2
T0005798974,2
T0005798976,2
T0005798978,3
T0005798979,1
T0005798984,2
T0005798985,1
T0005798992,3
T0005798993,2
T0005798998,3
T0005798999,2
T0005799001,1
T0005799002,2
T0005799004,1
T0005799009,3
T0005799011,3
T0005799014,3
T0005799015,1
T0005799016,2
T0005799018,3
T0005799025,2
T0005799035,2
T0005799037,2
T0005799038,2
T0005799039,3
T0005799040,1
T0005799041,2
T0005799042,3
T0005799044,3
T0005799045,3
T0005799047,3
T0005799052,3
T0005799054,2
T0005799059,2
T0005799064,2
T0005799065,2
T0005799066,2
T0005799072,2
T0005799073,2
T0005799076,3
T0005799079,1
T0005799080,2
T0005799081,3
T0005799087,2
T0005799090,3
T0005799092,1
T0005799093,2
T0005799094,3
T0005799095,2
T0005799096,2
T0005799097,3
T0005799099,1
T0005799100,2
T0005799101,3
T0005799106,2
T0005799111,1
T0005799114,3
T0005799116,2
T0005799121,1
T0005799125,1
T0005799126,2
T0005799132,3
T0005799136,2
T0005799138,1
T0005799139,3
T0005799141,1
T0005799142,1
T0005799145,3
T0005799149,1
T0005799159,2
T0005799162,3
T0005799163,3
T0005799168,3
T0005799171,1
T0005799172,3
T0005799178,1
T0005799183,2
T0005799184,2
T0005799192,2
T0005799197,3
T0005799201,3
T0005799202,2
T0005799208,2
T0005799211,2
T0005799212,2
T0005799214,1
T0005799217,2
T0005799219,3
T0005799222,3
T0005799225,2
T0005799226,1
T0005799227,2
T0005799231,1
T0005799232,3
T0005799233,3
T0005799235,2
T0005799238,2
T0005799240,2
T0005799245,1
T0005799247,3
T0005799248,2
T0005799249,3
T0005799251,2
T0005799252,3
T0005799255,2
T0005799260,1
T0005799261,3
T0005799263,3
T0005799264,2
T0005799265,3
T0005799266,2
T0005799270,2
T0005799271,2
T0005799272,3
T0005799273,2
T0005799278,2
T0005799280,1
T0005799281,2
T0005799282,1
T0005799283,2
T0005799286,3
T0005799288,2
T0005799289,3
T0005799290,1
T0005799291,2
T0005799293,2
T0005799294,1
T0005799298,1
T0005799300,2
T0005799302,2
T0005799303,3
T0005799307,2
T0005799309,2
T0005799312,2
T0005799313,1
T0005799314,1
T0005799315,3
T0005799316,2
T0005799317,2
T0005799319,2
T0005799324,3
T0005799326,3
T0005799330,2
T0005799332,2
T0005799333,2
T0005799334,2
T0005799340,3
T0005799345,2
T0005799346,2
T0005799351,3
T0005799352,3
T0005799353,2
T0005799357,3
T0005799358,2
T0005799361,2
T0005799363,1
T0005799364,2
T0005799366,2
T0005799367,3
T0005799370,3
T0005799374,3
T0005799375,3
T0005799380,2
T0005799381,1
T0005799384,1
T0005799388,3
T0005799390,2
T0005799391,1
T0005799392,2
T0005799393,2
T0005799394,2
T0005799396,3
T0005799397,3
T0005799400,2
T0005799405,2
T0005799409,1
T0005799410,2
T0005799411,2
T0005799418,1
T0005799423,2
T0005799427,2
T0005799429,1
T0005799432,2
T0005799433,2
T0005799437,1
T0005799442,2
T0005799449,3
T0005799450,1
T0005799453,3
T0005799461,3
T0005799463,1
T0005799464,2
T0005799467,3
T0005799471,1
T0005799474,2
T0005799477,2
T0005799480,2
T0005799483,2
T0005799487,1
T0005799488,3
T0005799495,3
T0005799497,3
T0005799504,2
T0005799505,2
T0005799506,2
T0005799507,2
T0005799513,2
T0005799515,3
T0005799518,2
T0005799521,3
T0005799523,2
T0005799525,1
T0005799530,2
T0005799531,2
T0005799532,3
T0005799533,1
T0005799536,1
T0005799539,3
T0005799546,2
T0005799549,2
T0005799551,2
T0005799552,3
T0005799555,2
T0005799556,2
T0005799557,1
T0005799562,3
T0005799565,3
T0005799566,1
T0005799570,3
T0005799571,2
T0005799573,2
T0005799576,2
T0005799577,2
T0005799579,2
T0005799581,1
T0005799583,3
T0005799587,2
T0005799591,2
T0005799594,1
T0005799596,2
T0005799605,2
T0005799606,2
T0005799607,2
T0005799608,3
T0005799612,2
T0005799618,1
T0005799626,1
T0005799628,2
T0005799631,3
T0005799633,1
T0005799634,2
T0005799635,2
T0005799637,3
T0005799638,2
T0005799639,2
T0005799644,2
T0005799645,2
T0005799647,3
T0005799648,2
T0005799650,2
T0005799651,1
T0005799654,2
T0005799655,2
T0005799656,3
T0005799660,3
T0005799661,2
T0005799663,3
T0005799669,2
T0005799673,2
T0005799674,3
T0005799678,3
T0005799681,2
T0005799686,2
T0005799688,2
T0005799689,1
T0005799691,3
T0005799692,3
T0005799694,1
T0005799696,1
T0005799697,3
T0005799699,3
T0005799702,2
T0005799704,2
T0005799705,3
T0005799706,1
T0005799709,2
T0005799710,3
T0005799713,3
T0005799714,2
T0005799716,2
T0005799719,2
T0005799728,2
T0005799730,2
T0005799733,3
T0005799734,3
T0005799735,1
T0005799739,2
T0005799749,2
T0005799750,2
T0005799752,3
T0005799753,2
T0005799754,2
T0005799755,2
T0005799756,3
T0005799757,3
T0005799759,2
T0005799767,3
T0005799768,3
T0005799771,3
T0005799775,2
T0005799778,3
T0005799780,2
T0005799784,2
T0005799787,2
T0005799788,1
T0005799789,2
T0005799791,1
T0005799793,3
T0005799795,3
T0005799796,2
T0005799802,3
T0005799806,2
T0005799808,3
T0005799814,2
T0005799816,2
T0005799817,1
T0005799827,2
T0005799829,3
T0005799831,2
T0005799836,3
T0005799838,3
T0005799839,2
T0005799842,2
T0005799844,3
T0005799848,1
T0005799849,1
T0005799852,3
T0005799853,2
T0005799855,2
T0005799859,2
T0005799861,2
T0005799865,2
T0005799870,3
T0005799871,3
T0005799872,2
T0005799877,2
T0005799880,1
T0005799883,2
T0005799894,2
T0005799899,2
T0005799902,2
T0005799903,3
T0005799904,2
T0005799908,2
T0005799909,2
T0005799910,3
T0005799913,2
T0005799914,1
T0005799916,2
T0005799921,2
T0005799922,2
T0005799925,2
T0005799926,2
T0005799929,2
T0005799930,2
T0005799931,2
T0005799934,2
T0005799938,2
T0005799939,2
T0005799941,2
T0005799942,2
T0005799945,1
T0005799946,1
T0005799947,3
T0005799949,3
T0005799951,3
T0005799954,3
T0005799955,1
T0005799959,3
T0005799960,3
T0005799962,3
T0005799969,1
T0005799972,1
T0005799975,3
T0005799978,1
T0005799983,2
T0005799984,1
T0005799985,2
T0005799987,3
T0005799989,2
T0005799992,3
T0005799994,1
T0005799995,1
T0005799997,3
T0005799998,2
T0005799999,1
T0005800002,3
T0005800004,3
T0005800006,3
T0005800010,2
T0005800011,2
T0005800019,3
T0005800024,2
T0005800025,2
T0005800028,2
T0005800031,3
T0005800033,1
T0005800034,2
T0005800038,3
T0005800041,3
T0005800044,1
T0005800049,2
T0005800052,2
T0005800053,3
T0005800054,3
T0005800055,2
T0005800056,1
T0005800059,3
T0005800061,2
T0005800067,1
T0005800068,2
T0005800077,3
T0005800079,2
T0005800080,3
T0005800084,1
T0005800087,1
T0005800088,2
T0005800096,3
T0005800098,3
T0005800099,3
T0005800103,2
T0005800109,2
T0005800112,3
T0005800115,2
T0005800121,3
T0005800124,3
T0005800125,3
T0005800130,3
T0005800136,3
T0005800143,2
T0005800145,2
T0005800151,3
T0005800153,2
T0005800158,3
T0005800159,1
T0005800160,2
T0005800161,2
T0005800165,3
T0005800168,2
T0005800169,1
T0005800170,1
T0005800171,3
T0005800172,2
T0005800174,2
T0005800175,2
T0005800181,2
T0005800182,3
T0005800183,3
T0005800184,2
T0005800185,1
T0005800187,3
T0005800191,1
T0005800195,3
T0005800196,3
T0005800197,2
T0005800199,1
T0005800200,2
T0005800203,1
T0005800205,1
T0005800207,3
T0005800208,3
T0005800209,2
T0005800211,2
T0005800212,3
T0005800213,3
T0005800216,2
T0005800218,1
T0005800219,1
T0005800225,1
T0005800230,1
T0005800231,2
T0005800232,3
T0005800233,3
T0005800237,2
T0005800239,3
T0005800241,3
T0005800243,3
T0005800245,2
T0005800246,2
T0005800251,2
T0005800252,1
T0005800254,3
T0005800260,3
T0005800261,2
T0005800262,1
T0005800263,1
T0005800264,1
T0005800268,2
T0005800269,2
T0005800270,2
T0005800271,2
T0005800272,1
T0005800274,2
T0005800276,2
T0005800279,2
T0005800282,3
T0005800283,1
T0005800287,2
T0005800288,1
T0005800292,2
T0005800293,1
T0005800295,2
T0005800296,3
T0005800303,2
T0005800304,2
T0005800306,3
T0005800307,2
T0005800311,3
T0005800313,2
T0005800315,3
T0005800318,2
T0005800321,3
T0005800324,2
T0005800325,3
T0005800334,2
T0005800336,2
T0005800337,2
T0005800338,3
T0005800343,2
T0005800346,3
T0005800347,3
T0005800349,2
T0005800350,1
T0005800354,3
T0005800360,2
T0005800361,2
T0005800364,1
T0005800366,3
T0005800367,3
T0005800369,3
T0005800372,3
T0005800375,2
T0005800376,1
T0005800379,1
T0005800382,3
T0005800385,3
T0005800390,2
T0005800392,3
T0005800396,3
T0005800398,2
T0005800399,1
T0005800400,2
T0005800404,3
T0005800408,3
T0005800414,3
T0005800416,2
T0005800417,3
T0005800422,2
T0005800424,1
T0005800425,2
T0005800426,2
T0005800428,3
T0005800438,3
T0005800439,3
T0005800440,3
T0005800441,2
T0005800442,3
T0005800443,2
T0005800444,1
T0005800450,3
T0005800453,2
T0005800454,3
T0005800458,2
T0005800460,1
T0005800463,2
T0005800464,3
T0005800467,1
T0005800470,3
T0005800472,3
T0005800473,1
T0005800475,3
T0005800476,1
T0005800479,3
T0005800481,1
T0005800485,2
T0005800486,1
T0005800493,2
T0005800494,2
T0005800497,2
T0005800499,2
T0005800500,3
T0005800502,2
T0005800504,2
T0005800505,3
T0005800507,2
T0005800515,3
T0005800518,2
T0005800519,2
T0005800527,2
T0005800531,3
T0005800534,2
T0005800535,2
T0005800540,1
T0005800545,2
T0005800547,3
T0005800552,3
T0005800555,1
T0005800558,1
T0005800559,2
T0005800560,2
T0005800561,2
T0005800566,3
T0005800568,1
T0005800569,1
T0005800573,3
T0005800574,3
T0005800577,2
T0005800581,3
T0005800582,2
T0005800586,2
T0005800590,2
T0005800591,2
T0005800592,3
T0005800595,3
T0005800597,2
T0005800599,1
T0005800600,1
T0005800601,3
T0005800603,2
T0005800604,2
T0005800605,1
T0005800612,3
T0005800613,3
T0005800614,2
T0005800616,2
T0005800617,1
T0005800619,2
T0005800622,1
T0005800629,2
T0005800634,3
T0005800635,2
T0005800638,2
T0005800640,2
T0005800644,3
T0005800645,3
T0005800647,3
T0005800648,3
T0005800649,3
T0005800650,2
T0005800651,2
T0005800653,3
T0005800654,3
T0005800659,2
T0005800660,2
T0005800662,2
T0005800667,2
T0005800668,3
T0005800669,1
T0005800672,2
T0005800674,1
T0005800676,3
T0005800682,2
T0005800685,3
T0005800687,3
T0005800689,2
T0005800690,1
T0005800691,2
T0005800693,2
T0005800694,1
T0005800695,3
T0005800700,2
T0005800701,1
T0005800707,1
T0005800716,3
T0005800717,2
T0005800719,3
T0005800722,2
T0005800724,2
T0005800726,3
T0005800727,1
T0005800728,2
T0005800733,2
T0005800735,3
T0005800737,2
T0005800739,2
T0005800740,1
T0005800744,2
T0005800747,1
T0005800748,1
T0005800752,2
T0005800755,1
T0005800761,3
T0005800762,3
T0005800763,3
T0005800766,1
T0005800771,1
T0005800773,2
T0005800774,1
T0005800777,1
T0005800781,3
T0005800784,3
T0005800786,2
T0005800788,1
T0005800789,1
T0005800792,1
T0005800795,1
T0005800805,2
T0005800807,2
T0005800809,2
T0005800812,2
T0005800813,2
T0005800817,2
T0005800818,2
T0005800820,1
T0005800821,2
T0005800823,1
T0005800827,3
T0005800831,1
T0005800832,1
T0005800834,2
T0005800835,1
T0005800838,2
T0005800839,3
T0005800841,1
T0005800848,2
T0005800855,2
T0005800856,2
T0005800858,2
T0005800863,3
T0005800864,3
T0005800865,2
T0005800869,3
T0005800872,2
T0005800875,2
T0005800877,2
T0005800879,2
T0005800881,3
T0005800887,1
T0005800889,2
T0005800891,3
T0005800892,2
T0005800898,1
T0005800900,2
T0005800903,3
T0005800904,2
T0005800905,3
T0005800906,2
T0005800907,2
T0005800911,3
T0005800913,2
T0005800914,1
T0005800916,1
T0005800918,1
T0005800919,3
T0005800920,2
T0005800921,2
T0005800924,3
T0005800927,3
T0005800931,3
T0005800936,1
T0005800937,3
T0005800940,3
T0005800941,2
T0005800946,1
T0005800952,3
T0005800953,3
T0005800957,3
T0005800962,3
T0005800963,2
T0005800964,3
T0005800966,2
T0005800967,1
T0005800969,3
T0005800971,1
T0005800973,2
T0005800978,2
T0005800979,1
T0005800980,2
T0005800983,2
T0005800985,2
T0005800987,3
T0005800995,3
T0005800997,2
T0005800998,1
T0005801000,1
T0005801013,3
T0005801014,3
T0005801017,2
T0005801019,2
T0005801025,2
T0005801027,2
T0005801029,2
T0005801030,2
T0005801032,3
T0005801037,2
T0005801038,1
T0005801041,2
T0005801044,1
T0005801046,3
T0005801049,2
T0005801054,3
T0005801057,2
T0005801064,2
T0005801066,1
T0005801068,1
T0005801071,2
T0005801072,2
T0005801079,2
T0005801082,3
T0005801085,3
T0005801087,2
T0005801088,2
T0005801089,1
T0005801092,2
T0005801093,3
T0005801094,3
T0005801099,3
T0005801101,2
T0005801102,3
T0005801105,2
T0005801106,3
T0005801108,3
T0005801113,1
T0005801119,1
T0005801123,2
T0005801124,2
T0005801127,2
T0005801128,2
T0005801130,1
T0005801131,2
T0005801135,3
T0005801136,1
T0005801138,2
T0005801139,2
T0005801140,1
T0005801144,3
T0005801146,1
T0005801147,2
T0005801148,3
T0005801152,1
T0005801156,1
T0005801157,3
T0005801160,3
T0005801161,3
T0005801165,3
T0005801166,1
T0005801167,1
T0005801168,2
T0005801169,3
T0005801170,2
T0005801171,2
T0005801174,2
T0005801177,2
T0005801179,2
T0005801180,1
T0005801183,1
T0005801184,3
T0005801189,1
T0005801193,2
T0005801194,1
T0005801195,2
T0005801196,2
T0005801197,2
T0005801198,1
T0005801200,3
T0005801202,3
T0005801203,1
T0005801204,2
T0005801206,2
T0005801209,2
T0005801213,1
T0005801215,2
T0005801219,3
T0005801222,2
T0005801224,3
T0005801227,1
T0005801228,1
T0005801229,3
T0005801230,2
T0005801239,3
T0005801241,2
T0005801244,2
T0005801246,3
T0005801249,3
T0005801250,3
T0005801251,3
T0005801253,2
T0005801255,1
T0005801257,1
T0005801259,3
T0005801260,1
T0005801263,1
T0005801267,2
T0005801268,3
T0005801274,3
T0005801276,2
T0005801280,1
T0005801282,3
T0005801283,2
T0005801288,3
T0005801290,2
T0005801292,1
T0005801296,3
T0005801302,2
T0005801304,2
T0005801305,3
T0005801312,2
T0005801313,1
T0005801314,3
T0005801315,3
T0005801316,1
T0005801319,3
T0005801327,2
T0005801330,3
T0005801334,2
T0005801335,3
T0005801339,3
T0005801348,2
T0005801359,1
T0005801361,1
T0005801363,2
T0005801365,3
T0005801371,1
T0005801372,3
T0005801377,3
T0005801379,3
T0005801380,1
T0005801388,3
T0005801390,2
T0005801393,1
T0005801395,1
T0005801397,2
T0005801398,3
T0005801399,2
T0005801402,1
T0005801405,2
T0005801406,2
T0005801407,2
T0005801408,2
T0005801409,1
T0005801412,3
T0005801413,3
T0005801419,2
T0005801420,3
T0005801423,3
T0005801425,2
T0005801426,2
T0005801428,3
T0005801434,1
T0005801435,1
T0005801436,3
T0005801439,1
T0005801444,2
T0005801446,3
T0005801450,1
T0005801452,1
T0005801454,2
T0005801455,1
T0005801458,3
T0005801460,2
T0005801461,2
T0005801462,3
T0005801466,3
T0005801468,3
T0005801469,3
T0005801473,2
T0005801475,2
T0005801477,2
T0005801480,2
T0005801482,3
T0005801488,2
T0005801491,2
T0005801492,1
T0005801493,2
T0005801494,2
T0005801496,2
T0005801498,3
T0005801499,2
T0005801501,2
T0005801505,2
T0005801506,2
T0005801511,2
T0005801512,1
T0005801513,3
T0005801520,2
T0005801528,2
T0005801530,3
T0005801531,3
T0005801532,2
T0005801537,2
T0005801544,2
T0005801546,3
T0005801551,3
T0005801552,2
T0005801554,3
T0005801555,2
T0005801563,1
T0005801565,1
T0005801566,3
T0005801569,1
T0005801572,2
T0005801574,2
T0005801578,1
T0005801579,3
T0005801580,1
T0005801583,2
T0005801584,1
T0005801585,2
T0005801587,2
T0005801588,2
T0005801589,2
T0005801590,3
T0005801591,1
T0005801594,3
T0005801595,3
T0005801596,1
T0005801597,2
T0005801598,2
T0005801599,3
T0005801601,2
T0005801612,2
T0005801616,3
T0005801619,3
T0005801620,3
T0005801621,3
T0005801624,2
T0005801627,2
T0005801630,3
T0005801631,3
T0005801633,1
T0005801634,3
T0005801638,3
T0005801639,2
T0005801640,2
T0005801647,2
T0005801649,3
T0005801654,1
T0005801655,3
T0005801660,2
T0005801662,3
T0005801663,3
T0005801667,1
T0005801669,1
T0005801670,3
T0005801671,2
T0005801674,2
T0005801675,3
T0005801677,3
T0005801678,2
T0005801680,2
T0005801682,3
T0005801687,3
T0005801688,2
T0005801689,3
T0005801691,2
T0005801693,3
T0005801695,2
T0005801697,3
T0005801699,1
T0005801700,2
T0005801701,2
T0005801705,3
T0005801707,1
T0005801711,1
T0005801714,1
T0005801715,2
T0005801718,1
T0005801719,3
T0005801725,1
T0005801729,1
T0005801730,1
T0005801731,3
T0005801732,3
T0005801737,3
T0005801738,2
T0005801739,3
T0005801740,2
T0005801743,2
T0005801748,1
T0005801750,2
T0005801751,3
T0005801752,1
T0005801753,2
T0005801754,2
T0005801756,1
T0005801757,2
T0005801758,3
T0005801759,2
T0005801760,3
T0005801761,3
T0005801762,2
T0005801766,3
T0005801776,3
T0005801778,2
T0005801780,1
T0005801783,2
T0005801787,3
T0005801794,3
T0005801797,2
T0005801798,3
T0005801802,2
T0005801805,3
T0005801806,2
T0005801807,2
T0005801812,2
T0005801813,2
T0005801814,3
T0005801816,1
T0005801818,2
T0005801821,1
T0005801822,2
T0005801823,2
T0005801831,2
T0005801832,1
T0005801833,1
T0005801838,2
T0005801839,1
T0005801841,1
T0005801849,1
T0005801850,3
T0005801854,2
T0005801858,3
T0005801859,2
T0005801860,3
T0005801866,2
T0005801867,2
T0005801870,2
T0005801874,3
T0005801880,2
T0005801882,2
T0005801883,2
T0005801884,3
T0005801885,2
T0005801888,3
T0005801891,1
T0005801896,3
T0005801897,3
T0005801898,3
T0005801900,1
T0005801904,2
T0005801908,1
T0005801909,3
T0005801910,3
T0005801912,2
T0005801913,1
T0005801914,1
T0005801916,2
T0005801917,1
T0005801919,1
T0005801920,2
T0005801922,1
T0005801924,3
T0005801926,2
T0005801930,3
T0005801931,2
T0005801932,1
T0005801937,3
T0005801939,3
T0005801941,1
T0005801946,1
T0005801947,1
T0005801949,3
T0005801950,2
T0005801952,2
T0005801953,2
T0005801954,3
T0005801956,1
T0005801961,3
T0005801965,2
T0005801975,2
T0005801977,3
T0005801979,3
T0005801982,2
T0005801984,3
T0005801986,3
T0005801988,2
T0005801989,1
T0005801991,2
T0005801995,2
T0005801998,2
T0005801999,3
T0005802001,1
T0005802003,2
T0005802004,2
T0005802006,1
T0005802007,3
T0005802009,1
T0005802011,3
T0005802012,2
T0005802013,2
T0005802019,2
T0005802021,2
T0005802022,2
T0005802023,2
T0005802025,3
T0005802026,3
T0005802027,3
T0005802034,3
T0005802037,2
T0005802038,3
T0005802040,2
T0005802042,3
T0005802044,3
T0005802045,3
T0005802046,2
T0005802048,3
T0005802049,2
T0005802051,3
T0005802052,3
T0005802053,3
T0005802055,3
T0005802056,2
T0005802057,2
T0005802058,2
T0005802062,1
T0005802063,2
T0005802067,2
T0005802068,1
T0005802069,3
T0005802070,2
T0005802071,3
T0005802073,2
T0005802076,3
T0005802077,2
T0005802078,2
T0005802079,3
T0005802080,2
T0005802081,3
T0005802082,2
T0005802086,2
T0005802087,2
T0005802088,3
T0005802094,3
T0005802095,2
T0005802097,2
T0005802104,3
T0005802105,2
T0005802106,2
T0005802117,3
T0005802119,2
T0005802122,1
T0005802123,3
T0005802124,2
T0005802127,3
T0005802131,1
T0005802132,2
T0005802133,3
T0005802134,2
T0005802135,2
T0005802136,2
T0005802138,2
T0005802140,2
T0005802143,1
T0005802147,1
T0005802148,2
T0005802153,3
T0005802157,2
T0005802161,2
T0005802164,2
T0005802167,2
T0005802168,1
T0005802171,1
T0005802174,3
T0005802175,2
T0005802179,1
T0005802182,3
T0005802184,1
T0005802185,2
T0005802187,2
T0005802192,2
T0005802193,2
T0005802196,2
T0005802199,1
T0005802203,2
T0005802211,2
T0005802214,3
T0005802215,2
T0005802216,2
T0005802217,1
T0005802218,2
T0005802221,1
T0005802225,3
T0005802226,3
T0005802230,3
T0005802233,3
T0005802236,2
T0005802242,2
T0005802243,3
T0005802244,3
T0005802246,2
T0005802247,3
T0005802248,3
T0005802249,2
T0005802250,2
T0005802258,2
T0005802264,2
T0005802267,2
T0005802276,2
T0005802280,1
T0005802282,2
T0005802284,2
T0005802285,3
T0005802289,2
T0005802290,2
T0005802293,1
T0005802297,2
T0005802298,2
T0005802300,3
T0005802302,1
T0005802307,1
T0005802310,3
T0005802312,3
T0005802313,2
T0005802314,3
T0005802321,1
T0005802324,1
T0005802327,3
T0005802330,2
T0005802332,1
T0005802333,3
T0005802336,1
T0005802339,3
T0005802343,1
T0005802344,2
T0005802346,3
T0005802353,3
T0005802354,2
T0005802357,2
T0005802358,2
T0005802362,2
T0005802363,1
T0005802364,3
T0005802368,3
T0005802370,2
T0005802372,3
T0005802383,2
T0005802385,1
T0005802386,3
T0005802390,3
T0005802392,2
T0005802393,1
T0005802394,1
T0005802396,3
T0005802397,1
T0005802399,2
T0005802401,2
T0005802404,1
T0005802406,3
T0005802408,2
T0005802409,3
T0005802411,3
T0005802412,3
T0005802416,3
T0005802428,1
T0005802429,2
T0005802436,2
T0005802437,2
T0005802442,1
T0005802445,1
T0005802448,3
T0005802450,1
T0005802453,3
T0005802459,3
T0005802460,2
T0005802465,2
T0005802470,3
T0005802474,2
T0005802477,2
T0005802478,2
T0005802481,2
T0005802482,1
T0005802483,2
T0005802484,3
T0005802489,2
T0005802492,2
T0005802494,3
T0005802496,3
T0005802498,2
T0005802500,1
T0005802502,2
T0005802507,2
T0005802509,2
T0005802510,3
T0005802511,1
T0005802514,2
T0005802515,2
T0005802516,2
T0005802517,2
T0005802518,3
T0005802519,3
T0005802521,2
T0005802522,2
T0005802524,2
T0005802525,3
T0005802527,3
T0005802528,1
T0005802529,1
T0005802533,2
T0005802536,2
T0005802538,1
T0005802540,3
T0005802541,2
T0005802542,3
T0005802543,1
T0005802545,3
T0005802548,1
T0005802549,3
T0005802552,3
T0005802557,3
T0005802559,3
T0005802564,2
T0005802570,1
T0005802572,2
T0005802576,2
T0005802578,2
T0005802581,1
T0005802584,3
T0005802588,2
T0005802590,2
T0005802592,3
T0005802594,2
T0005802595,3
T0005802596,3
T0005802600,2
T0005802603,3
T0005802604,2
T0005802607,2
T0005802617,3
T0005802618,2
T0005802621,2
T0005802623,2
T0005802625,2
T0005802629,3
T0005802630,2
T0005802631,2
T0005802634,3
T0005802639,2
T0005802640,1
T0005802641,2
T0005802643,2
T0005802644,3
T0005802645,2
T0005802648,2
T0005802649,2
T0005802654,2
T0005802660,3
T0005802664,1
T0005802668,2
T0005802669,2
T0005802670,2
T0005802671,2
T0005802672,3
T0005802676,1
T0005802677,1
T0005802678,2
T0005802681,2
T0005802682,1
T0005802684,2
T0005802687,3
T0005802689,2
T0005802692,1
T0005802694,2
T0005802699,3
T0005802700,2
T0005802701,1
T0005802704,3
T0005802708,2
T0005802709,2
T0005802712,3
T0005802723,3
T0005802725,3
T0005802726,2
T0005802727,2
T0005802731,2
T0005802739,3
T0005802742,1
T0005802743,2
T0005802745,3
T0005802746,2
T0005802748,3
T0005802750,2
T0005802754,2
T0005802755,2
T0005802757,1
T0005802759,1
T0005802760,1
T0005802761,3
T0005802764,3
T0005802765,3
T0005802766,2
T0005802767,2
T0005802769,1
T0005802772,2
T0005802774,2
T0005802775,1
T0005802776,1
T0005802780,2
T0005802784,1
T0005802785,2
T0005802788,1
T0005802789,1
T0005802790,1
T0005802791,3
T0005802792,2
T0005802793,2
T0005802794,2
T0005802795,3
T0005802797,3
T0005802804,3
T0005802806,2
T0005802811,2
T0005802813,3
T0005802814,3
T0005802820,1
T0005802821,1
T0005802823,3
T0005802825,2
T0005802829,2
T0005802834,2
T0005802835,2
T0005802838,2
T0005802840,3
T0005802847,2
T0005802851,3
T0005802853,2
T0005802854,3
T0005802860,1
T0005802861,1
T0005802862,3
T0005802868,3
T0005802869,3
T0005802872,2
T0005802874,1
T0005802878,1
T0005802879,3
T0005802883,3
T0005802887,2
T0005802888,3
T0005802889,2
T0005802891,3
T0005802896,2
T0005802897,2
T0005802898,2
T0005802899,2
T0005802900,2
T0005802902,2
T0005802903,2
T0005802905,1
T0005802907,3
T0005802908,2
T0005802909,3
T0005802918,2
T0005802924,3
T0005802926,2
T0005802932,1
T0005802935,3
T0005802937,2
T0005802938,1
T0005802940,1
T0005802941,3
T0005802943,3
T0005802945,3
T0005802948,2
T0005802949,2
T0005802953,2
T0005802956,2
T0005802958,3
T0005802959,3
T0005802963,2
T0005802964,2
T0005802965,2
T0005802969,2
T0005802970,3
T0005802975,3
T0005802977,3
T0005802978,1
T0005802981,2
T0005802983,1
T0005802988,2
T0005802989,3
T0005802991,3
T0005802994,3
T0005802995,3
T0005803000,3
T0005803004,3
T0005803005,2
T0005803011,3
T0005803014,1
T0005803017,2
T0005803018,1
T0005803024,1
T0005803025,2
T0005803026,3
T0005803028,2
T0005803035,2
T0005803036,3
T0005803038,2
T0005803040,2
T0005803042,2
T0005803044,3
T0005803045,3
T0005803047,3
T0005803052,1
T0005803053,2
T0005803057,2
T0005803067,3
T0005803068,2
T0005803070,2
T0005803077,2
T0005803078,3
T0005803079,2
T0005803080,2
T0005803082,1
T0005803083,2
T0005803085,2
T0005803086,1
T0005803087,2
T0005803088,2
T0005803089,2
T0005803090,2
T0005803095,3
T0005803097,1
T0005803098,2
T0005803100,3
T0005803102,2
T0005803103,3
T0005803104,2
T0005803105,3
T0005803112,3
T0005803113,2
T0005803114,2
T0005803119,2
T0005803120,2
T0005803129,2
T0005803133,3
T0005803135,2
T0005803140,2
T0005803143,2
T0005803146,2
T0005803147,3
T0005803148,2
T0005803150,1
T0005803151,3
T0005803152,1
T0005803153,2
T0005803154,2
T0005803156,2
T0005803159,3
T0005803160,2
T0005803162,2
T0005803165,1
T0005803166,2
T0005803167,2
T0005803169,2
T0005803170,3
T0005803171,1
T0005803172,2
T0005803173,3
T0005803175,2
T0005803178,1
T0005803183,3
T0005803185,2
T0005803190,2
T0005803191,2
T0005803193,3
T0005803206,2
T0005803208,2
T0005803209,2
T0005803212,1
T0005803214,3
T0005803216,2
T0005803221,2
T0005803226,2
T0005803227,3
T0005803228,1
T0005803230,1
T0005803232,1
T0005803237,2
T0005803241,3
T0005803254,1
T0005803257,3
T0005803258,3
T0005803259,3
T0005803260,1
T0005803262,2
T0005803263,2
T0005803267,3
T0005803268,2
T0005803269,2
T0005803273,1
T0005803274,2
T0005803279,2
T0005803280,1
T0005803283,1
T0005803289,2
T0005803290,1
T0005803292,1
T0005803302,3
T0005803303,2
T0005803307,1
T0005803308,2
T0005803311,2
T0005803314,2
T0005803322,2
T0005803324,2
T0005803328,2
T0005803333,3
T0005803334,2
T0005803336,3
T0005803337,1
T0005803338,2
T0005803342,2
T0005803343,2
T0005803344,2
T0005803345,2
T0005803346,3
T0005803348,3
T0005803350,3
T0005803353,1
T0005803356,2
T0005803359,3
T0005803363,3
T0005803364,1
T0005803365,2
T0005803370,3
T0005803372,3
T0005803380,1
T0005803384,1
T0005803386,1
T0005803387,1
T0005803388,2
T0005803389,1
T0005803395,3
T0005803396,3
T0005803398,2
T0005803401,2
T0005803403,2
T0005803406,2
T0005803409,1
T0005803410,3
T0005803413,3
T0005803415,2
T0005803416,3
T0005803418,2
T0005803419,2
T0005803420,1
T0005803422,3
T0005803427,2
T0005803428,2
T0005803433,2
T0005803434,2
T0005803435,1
T0005803441,1
T0005803446,3
T0005803447,2
T0005803448,3
T0005803450,2
T0005803452,3
T0005803453,2
T0005803456,2
T0005803457,2
T0005803460,2
T0005803461,3
T0005803462,3
T0005803463,3
T0005803467,1
T0005803468,3
T0005803469,2
T0005803473,3
T0005803474,2
T0005803476,1
T0005803479,3
T0005803480,2
T0005803482,2
T0005803483,3
T0005803484,2
T0005803486,3
T0005803488,2
T0005803489,2
T0005803496,3
T0005803502,1
T0005803503,2
T0005803504,2
T0005803506,3
T0005803507,3
T0005803508,2
T0005803511,2
T0005803514,1
T0005803515,2
T0005803516,1
T0005803519,3
T0005803521,3
T0005803523,1
T0005803527,3
T0005803530,1
T0005803532,2
T0005803534,3
T0005803537,1
T0005803540,2
T0005803546,1
T0005803547,2
T0005803550,3
T0005803553,1
T0005803557,2
T0005803558,3
T0005803559,2
T0005803565,2
T0005803567,2
T0005803569,3
T0005803581,2
T0005803582,2
T0005803583,1
T0005803588,2
T0005803590,2
T0005803595,3
T0005803596,2
T0005803598,2
T0005803599,3
T0005803600,1
T0005803601,3
T0005803602,3
T0005803603,2
T0005803605,2
T0005803606,2
T0005803607,3
T0005803609,2
T0005803610,3
T0005803612,3
T0005803614,2
T0005803616,2
T0005803619,3
T0005803621,3
T0005803622,2
T0005803625,1
T0005803627,2
T0005803633,2
T0005803636,2
T0005803642,2
T0005803654,1
T0005803655,2
T0005803657,3
T0005803659,3
T0005803661,2
T0005803662,2
T0005803663,2
T0005803664,3
T0005803665,2
T0005803667,1
T0005803670,3
T0005803671,1
T0005803672,2
T0005803673,2
T0005803674,3
T0005803675,1
T0005803676,2
T0005803677,1
T0005803679,2
T0005803681,2
T0005803685,2
T0005803690,2
T0005803691,3
T0005803692,3
T0005803693,3
T0005803694,3
T0005803696,3
T0005803698,2
T0005803699,3
T0005803700,3
T0005803702,2
T0005803703,1
T0005803706,3
T0005803707,1
T0005803708,3
T0005803710,3
T0005803714,3
T0005803716,2
T0005803717,2
T0005803718,3
T0005803719,3
T0005803728,1
T0005803731,2
T0005803732,2
T0005803736,2
T0005803737,2
T0005803738,2
T0005803740,2
T0005803745,2
T0005803746,2
T0005803747,3
T0005803749,2
T0005803750,1
T0005803753,2
T0005803755,2
T0005803758,2
T0005803759,1
T0005803762,3
T0005803763,3
T0005803764,2
T0005803767,3
T0005803773,2
T0005803774,1
T0005803776,2
T0005803778,3
T0005803781,1
T0005803783,2
T0005803787,1
T0005803788,1
T0005803795,2
T0005803797,2
T0005803799,2
T0005803801,2
T0005803805,2
T0005803807,2
T0005803809,1
T0005803811,1
T0005803815,3
T0005803822,3
T0005803824,1
T0005803826,3
T0005803833,3
T0005803836,2
T0005803837,2
T0005803839,3
T0005803840,3
T0005803844,3
T0005803845,3
T0005803847,2
T0005803848,1
T0005803853,1
T0005803859,3
T0005803863,2
T0005803866,2
T0005803870,2
T0005803873,2
T0005803876,1
T0005803877,2
T0005803880,2
T0005803882,2
T0005803885,3
T0005803887,1
T0005803888,2
T0005803890,1
T0005803892,3
T0005803893,3
T0005803895,3
T0005803897,2
T0005803901,3
T0005803902,2
T0005803906,3
T0005803907,2
T0005803909,3
T0005803911,3
T0005803920,2
T0005803921,2
T0005803924,2
T0005803926,3
T0005803928,1
T0005803929,3
T0005803930,2
T0005803932,2
T0005803933,1
T0005803935,1
T0005803936,2
T0005803937,3
T0005803938,1
T0005803940,3
T0005803944,2
T0005803946,3
T0005803947,2
T0005803948,1
T0005803950,3
T0005803954,2
T0005803956,2
T0005803960,2
T0005803961,1
T0005803962,3
T0005803968,3
T0005803972,2
T0005803975,2
T0005803977,2
T0005803978,3
T0005803979,2
T0005803980,3
T0005803981,2
T0005803982,1
T0005803983,2
T0005803986,2
T0005803987,1
T0005803994,2
T0005803995,1
T0005804000,2
T0005804001,2
T0005804012,3
T0005804014,2
T0005804016,2
T0005804017,3
T0005804020,1
T0005804024,2
T0005804025,2
T0005804028,2
T0005804031,1
T0005804032,1
T0005804033,2
T0005804036,1
T0005804044,2
T0005804045,2
T0005804047,2
T0005804050,2
T0005804054,2
T0005804058,2
T0005804059,2
T0005804061,3
T0005804063,1
T0005804066,2
T0005804068,1
T0005804069,2
T0005804076,2
T0005804079,1
T0005804080,2
T0005804082,3
T0005804084,2
T0005804086,3
T0005804088,2
T0005804089,3
T0005804091,2
T0005804093,1
T0005804099,3
T0005804100,1
T0005804104,2
T0005804106,2
T0005804107,2
T0005804110,3
T0005804115,1
T0005804118,2
T0005804119,3
T0005804120,1
T0005804123,1
T0005804125,3
T0005804131,3
T0005804132,3
T0005804133,2
T0005804135,3
T0005804137,2
T0005804138,3
T0005804140,3
T0005804144,1
T0005804149,2
T0005804153,3
T0005804155,3
T0005804156,2
T0005804157,2
T0005804158,2
T0005804159,2
T0005804162,2
T0005804165,2
T0005804166,2
T0005804167,3
T0005804168,3
T0005804171,3
T0005804172,2
T0005804173,3
T0005804174,2
T0005804177,1
T0005804183,2
T0005804187,2
T0005804190,3
T0005804194,2
T0005804195,1
T0005804196,2
T0005804198,2
T0005804200,2
T0005804203,3
T0005804209,2
T0005804213,2
T0005804219,1
T0005804227,3
T0005804228,3
T0005804229,2
T0005804230,3
T0005804236,1
T0005804237,3
T0005804238,1
T0005804241,2
T0005804242,2
T0005804244,2
T0005804248,1
T0005804249,1
T0005804251,2
T0005804253,3
T0005804255,2
T0005804257,2
T0005804258,2
T0005804263,3
T0005804264,1
T0005804265,1
T0005804267,2
T0005804268,2
T0005804269,1
T0005804270,2
T0005804271,3
T0005804273,3
T0005804274,2
T0005804278,2
T0005804279,2
T0005804282,2
T0005804283,2
T0005804284,2
T0005804285,1
T0005804289,3
T0005804290,2
T0005804293,1
T0005804295,2
T0005804296,2
T0005804297,3
T0005804301,2
T0005804302,2
T0005804305,2
T0005804306,3
T0005804307,2
T0005804310,3
T0005804320,2
T0005804323,2
T0005804325,2
T0005804326,3
T0005804327,2
T0005804332,2
T0005804334,2
T0005804336,2
T0005804339,3
T0005804340,3
T0005804344,2
T0005804346,3
T0005804347,2
T0005804351,2
T0005804363,1
T0005804366,1
T0005804367,3
T0005804368,3
T0005804371,1
T0005804375,2
T0005804377,3
T0005804380,3
T0005804381,2
T0005804383,3
T0005804390,3
T0005804391,3
T0005804392,2
T0005804394,1
T0005804395,2
T0005804396,2
T0005804397,1
T0005804400,3
T0005804401,2
T0005804404,2
T0005804405,2
T0005804406,2
T0005804407,2
T0005804411,2
T0005804413,1
T0005804414,3
T0005804419,1
T0005804420,2
T0005804422,1
T0005804432,2
T0005804433,2
T0005804434,1
T0005804441,3
T0005804442,1
T0005804447,2
T0005804448,2
T0005804450,3
T0005804452,2
T0005804453,2
T0005804455,2
T0005804459,1
T0005804464,2
T0005804465,3
T0005804466,3
T0005804468,1
T0005804469,2
T0005804471,2
T0005804472,2
T0005804476,2
T0005804481,2
T0005804485,2
T0005804493,3
T0005804496,3
T0005804497,2
T0005804498,1
T0005804499,3
T0005804501,2
T0005804503,2
T0005804504,3
T0005804506,1
T0005804507,3
T0005804509,3
T0005804511,2
T0005804514,1
T0005804516,3
T0005804518,1
T0005804519,3
T0005804524,3
T0005804525,3
T0005804528,3
T0005804531,1
T0005804540,3
T0005804543,2
T0005804545,2
T0005804550,3
T0005804552,2
T0005804554,3
T0005804555,2
T0005804556,3
T0005804560,2
T0005804561,2
T0005804562,2
T0005804566,1
T0005804569,3
T0005804570,3
T0005804572,2
T0005804573,2
T0005804574,2
T0005804577,3
T0005804579,2
T0005804580,3
T0005804581,3
T0005804586,2
T0005804589,2
T0005804590,2
T0005804591,2
T0005804593,3
T0005804594,2
T0005804599,3
T0005804604,2
T0005804606,2
T0005804610,3
T0005804611,2
T0005804612,2
T0005804618,1
T0005804620,2
T0005804621,2
T0005804623,2
T0005804625,2
T0005804634,3
T0005804635,3
T0005804638,3
T0005804639,3
T0005804644,2
T0005804645,2
T0005804649,3
T0005804650,3
T0005804651,3
T0005804652,3
T0005804653,3
T0005804656,1
T0005804659,2
T0005804660,3
T0005804664,2
T0005804665,1
T0005804667,3
T0005804676,3
T0005804677,2
T0005804679,3
T0005804681,1
T0005804682,1
T0005804685,2
T0005804691,3
T0005804692,2
T0005804693,3
T0005804694,2
T0005804696,3
T0005804698,2
T0005804700,3
T0005804703,3
T0005804704,2
T0005804706,2
T0005804707,2
T0005804709,3
T0005804711,1
T0005804712,2
T0005804716,3
T0005804724,3
T0005804727,1
T0005804732,2
T0005804733,2
T0005804735,3
T0005804736,1
T0005804737,3
T0005804739,2
T0005804743,2
T0005804745,2
T0005804748,2
T0005804751,2
T0005804754,1
T0005804755,2
T0005804756,3
T0005804758,3
T0005804762,2
T0005804765,3
T0005804767,3
T0005804768,3
T0005804770,2
T0005804772,2
T0005804777,2
T0005804778,3
T0005804779,1
T0005804780,3
T0005804782,3
T0005804784,3
T0005804787,2
T0005804789,3
T0005804791,3
T0005804793,2
T0005804796,2
T0005804799,3
T0005804800,1
T0005804802,3
T0005804803,2
T0005804804,1
T0005804807,1
T0005804809,2
T0005804810,3
T0005804812,1
T0005804813,3
T0005804816,2
T0005804821,1
T0005804822,2
T0005804823,1
T0005804824,2
T0005804825,3
T0005804828,2
T0005804829,3
T0005804838,1
T0005804841,3
T0005804842,1
T0005804844,2
T0005804846,2
T0005804849,3
T0005804851,2
T0005804853,3
T0005804858,2
T0005804860,3
T0005804863,2
T0005804864,1
T0005804866,3
T0005804867,2
T0005804868,2
T0005804871,1
T0005804875,2
T0005804877,3
T0005804880,2
T0005804883,3
T0005804884,3
T0005804886,1
T0005804891,1
T0005804893,3
T0005804894,3
T0005804895,1
T0005804896,2
T0005804897,2
T0005804898,2
T0005804899,2
T0005804911,2
T0005804912,1
T0005804917,3
T0005804918,2
T0005804923,1
T0005804925,3
T0005804927,3
T0005804937,1
T0005804938,2
T0005804941,1
T0005804944,1
T0005804946,2
T0005804948,2
T0005804949,3
T0005804953,1
T0005804955,3
T0005804956,1
T0005804957,1
T0005804965,1
T0005804966,2
T0005804967,2
T0005804970,3
T0005804971,1
T0005804974,2
T0005804976,2
T0005804979,3
T0005804982,1
T0005804986,3
T0005804988,1
T0005804991,1
T0005804992,3
T0005804993,2
T0005804994,1
T0005805007,3
T0005805008,2
T0005805010,2
T0005805012,3
T0005805014,2
T0005805015,3
T0005805022,2
T0005805023,2
T0005805025,2
T0005805027,2
T0005805028,2
T0005805029,1
T0005805030,1
T0005805036,3
T0005805037,1
T0005805039,2
T0005805042,1
T0005805044,3
T0005805046,1
T0005805047,2
T0005805051,3
T0005805057,3
T0005805064,1
T0005805066,3
T0005805069,1
T0005805070,2
T0005805075,3
T0005805076,3
T0005805084,3
T0005805085,2
T0005805087,2
T0005805088,2
T0005805090,1
T0005805092,1
T0005805099,3
T0005805103,2
T0005805104,3
T0005805106,2
T0005805110,3
T0005805113,2
T0005805114,2
T0005805118,2
T0005805121,3
T0005805128,2
T0005805139,1
T0005805140,3
T0005805142,2
T0005805144,2
T0005805146,2
T0005805148,2
T0005805150,3
T0005805155,1
T0005805159,3
T0005805160,3
T0005805164,2
T0005805173,1
T0005805176,3
T0005805178,2
T0005805180,3
T0005805184,2
T0005805185,2
T0005805187,2
T0005805188,2
T0005805198,1
T0005805199,3
T0005805205,1
T0005805207,2
T0005805208,2
T0005805209,2
T0005805210,3
T0005805211,3
T0005805212,1
T0005805214,2
T0005805216,2
T0005805218,3
T0005805219,2
T0005805223,3
T0005805225,1
T0005805229,2
T0005805230,2
T0005805232,2
T0005805235,2
T0005805237,3
T0005805241,2
T0005805245,1
T0005805251,1
T0005805253,2
T0005805256,2
T0005805257,1
T0005805258,2
T0005805263,3
T0005805264,1
T0005805267,3
T0005805270,2
T0005805271,1
T0005805273,3
T0005805274,2
T0005805275,2
T0005805276,1
T0005805277,3
T0005805279,3
T0005805280,3
T0005805282,2
T0005805286,1
T0005805291,3
T0005805294,3
T0005805295,3
T0005805297,1
T0005805301,2
T0005805303,3
T0005805304,2
T0005805305,2
T0005805311,3
T0005805313,2
T0005805314,1
T0005805318,2
T0005805321,2
T0005805323,3
T0005805325,1
T0005805329,2
T0005805331,2
T0005805332,2
T0005805333,2
T0005805335,3
T0005805336,2
T0005805337,2
T0005805341,2
T0005805343,1
T0005805346,2
T0005805349,2
T0005805350,3
T0005805353,3
T0005805355,3
T0005805356,1
T0005805357,3
T0005805358,2
T0005805359,3
T0005805360,1
T0005805362,3
T0005805364,1
T0005805368,2
T0005805373,3
T0005805374,1
T0005805375,3
T0005805377,3
T0005805378,2
T0005805384,2
T0005805388,2
T0005805389,2
T0005805392,3
T0005805393,3
T0005805394,2
T0005805395,3
T0005805401,3
T0005805402,2
T0005805403,3
T0005805407,1
T0005805409,3
T0005805413,2
T0005805414,2
T0005805417,2
T0005805424,1
T0005805425,2
T0005805427,2
T0005805428,1
T0005805433,2
T0005805436,2
T0005805437,3
T0005805438,2
T0005805441,2
T0005805443,3
T0005805446,2
T0005805449,2
T0005805453,2
T0005805455,2
T0005805457,1
T0005805462,1
T0005805463,2
T0005805465,2
T0005805467,3
T0005805468,3
T0005805469,2
T0005805472,3
T0005805474,3
T0005805476,1
T0005805478,1
T0005805486,2
T0005805490,3
T0005805491,3
T0005805493,1
T0005805494,3
T0005805497,1
T0005805498,2
T0005805499,3
T0005805509,1
T0005805518,2
T0005805519,3
T0005805521,3
T0005805522,1
T0005805523,2
T0005805524,1
T0005805525,3
T0005805526,2
T0005805529,2
T0005805540,3
T0005805541,3
T0005805544,3
T0005805545,2
T0005805548,3
T0005805549,1
T0005805550,2
T0005805552,2
T0005805553,2
T0005805554,3
T0005805559,2
T0005805562,2
T0005805570,3
T0005805571,1
T0005805572,1
T0005805573,3
T0005805580,3
T0005805584,2
T0005805586,2
T0005805588,3
T0005805596,2
T0005805597,2
T0005805598,3
T0005805602,2
T0005805603,2
T0005805605,1
T0005805606,2
T0005805607,3
T0005805611,3
T0005805618,2
T0005805621,2
T0005805622,1
T0005805626,2
T0005805629,3
T0005805632,3
T0005805634,1
T0005805635,1
T0005805637,2
T0005805640,1
T0005805641,2
T0005805642,2
T0005805643,1
T0005805645,2
T0005805646,2
T0005805648,3
T0005805652,3
T0005805653,1
T0005805654,2
T0005805655,1
T0005805658,2
T0005805659,2
T0005805661,2
T0005805662,1
T0005805663,2
T0005805664,2
T0005805667,2
T0005805668,1
T0005805669,2
T0005805672,2
T0005805675,1
T0005805680,2
T0005805684,3
T0005805686,1
T0005805687,2
T0005805690,3
T0005805692,2
T0005805694,3
T0005805695,1
T0005805697,2
T0005805703,2
T0005805705,1
T0005805707,3
T0005805708,1
T0005805710,3
T0005805711,3
T0005805712,2
T0005805717,3
T0005805721,1
T0005805724,3
T0005805726,2
T0005805727,3
T0005805728,2
T0005805729,2
T0005805734,3
T0005805735,3
T0005805736,1
T0005805737,2
T0005805741,1
T0005805742,2
T0005805751,3
T0005805752,2
T0005805755,3
T0005805759,2
T0005805762,3
T0005805765,2
T0005805766,2
T0005805767,3
T0005805773,2
T0005805774,3
T0005805777,3
T0005805780,3
T0005805782,3
T0005805784,2
T0005805785,2
T0005805793,3
T0005805795,2
T0005805802,2
T0005805805,2
T0005805807,1
T0005805808,2
T0005805809,2
T0005805811,2
T0005805812,3
T0005805816,1
T0005805820,2
T0005805821,3
T0005805824,3
T0005805829,2
T0005805830,3
T0005805831,2
T0005805833,2
T0005805834,3
T0005805838,3
T0005805840,2
T0005805841,3
T0005805842,2
T0005805843,2
T0005805847,3
T0005805849,2
T0005805850,2
T0005805855,2
T0005805856,3
T0005805862,1
T0005805864,3
T0005805865,2
T0005805866,2
T0005805870,2
T0005805873,3
T0005805874,1
T0005805875,2
T0005805878,2
T0005805879,2
T0005805880,2
T0005805881,3
T0005805882,3
T0005805888,1
T0005805889,1
T0005805892,3
T0005805897,1
T0005805898,2
T0005805902,2
T0005805903,2
T0005805904,2
T0005805905,2
T0005805913,2
T0005805916,2
T0005805917,2
T0005805923,2
T0005805931,2
T0005805938,2
T0005805939,3
T0005805941,2
T0005805943,2
T0005805944,2
T0005805947,2
T0005805948,2
T0005805950,3
T0005805952,1
T0005805955,2
T0005805959,2
T0005805961,1
T0005805963,2
T0005805964,3
T0005805969,1
T0005805974,2
T0005805976,1
T0005805977,2
T0005805978,3
T0005805979,2
T0005805981,2
T0005805982,2
T0005805983,1
T0005805984,2
T0005805985,2
T0005805988,2
T0005805990,2
T0005805991,2
T0005805993,2
T0005805994,2
T0005805996,2
T0005806000,2
T0005806001,1
T0005806004,2
T0005806006,2
T0005806008,2
T0005806010,2
T0005806011,2
T0005806014,2
T0005806015,2
T0005806016,2
T0005806022,3
T0005806027,3
T0005806028,2
T0005806029,3
T0005806031,1
T0005806033,3
T0005806034,2
T0005806035,2
T0005806038,3
T0005806046,2
T0005806047,2
T0005806048,2
T0005806050,3
T0005806052,3
T0005806053,2
T0005806054,1
T0005806055,1
T0005806060,2
T0005806061,3
T0005806063,1
T0005806065,3
T0005806066,3
T0005806071,3
T0005806072,2
T0005806074,3
T0005806078,3
T0005806079,2
T0005806081,2
T0005806084,3
T0005806085,3
T0005806092,3
T0005806093,2
T0005806095,1
T0005806099,1
T0005806102,1
T0005806108,2
T0005806110,2
T0005806111,2
T0005806112,3
T0005806115,1
T0005806119,3
T0005806122,3
T0005806123,2
T0005806125,3
T0005806126,2
T0005806130,2
T0005806131,3
T0005806134,1
T0005806135,2
T0005806136,3
T0005806137,2
T0005806138,2
T0005806142,2
T0005806143,3
T0005806145,3
T0005806150,2
T0005806152,1
T0005806155,3
T0005806157,1
T0005806160,2
T0005806162,3
T0005806165,2
T0005806169,2
T0005806172,3
T0005806174,3
T0005806176,2
T0005806177,2
T0005806181,2
T0005806189,1
T0005806190,2
T0005806191,2
T0005806192,3
T0005806193,1
T0005806195,3
T0005806197,3
T0005806201,1
T0005806205,2
T0005806206,2
T0005806207,2
T0005806208,2
T0005806217,3
T0005806219,3
T0005806222,2
T0005806223,2
T0005806232,3
T0005806237,3
T0005806238,2
T0005806241,2
T0005806242,3
T0005806244,2
T0005806249,2
T0005806262,3
T0005806263,1
T0005806264,2
T0005806266,3
T0005806270,3
T0005806271,1
T0005806272,2
T0005806275,1
T0005806277,3
T0005806281,2
T0005806285,2
T0005806286,3
T0005806290,2
T0005806292,2
T0005806293,3
T0005806296,2
T0005806299,3
T0005806302,2
T0005806303,2
T0005806304,3
T0005806307,3
T0005806313,2
T0005806315,1
T0005806318,2
T0005806319,1
T0005806320,3
T0005806325,2
T0005806329,3
T0005806330,1
T0005806331,2
T0005806333,1
T0005806334,3
T0005806337,3
T0005806339,3
T0005806341,1
T0005806342,2
T0005806344,3
T0005806346,2
T0005806348,1
T0005806357,3
T0005806358,2
T0005806359,1
T0005806362,1
T0005806367,2
T0005806371,2
T0005806372,1
T0005806373,2
T0005806374,3
T0005806375,2
T0005806376,2
T0005806377,2
T0005806378,2
T0005806381,3
T0005806382,3
T0005806384,3
T0005806390,2
T0005806392,3
T0005806393,2
T0005806394,2
T0005806397,3
T0005806402,1
T0005806403,1
T0005806404,2
T0005806405,3
T0005806408,1
T0005806409,2
T0005806412,1
T0005806413,3
T0005806416,2
T0005806417,3
T0005806418,3
T0005806426,3
T0005806427,2
T0005806428,2
T0005806429,2
T0005806430,2
T0005806435,1
T0005806437,2
T0005806440,2
T0005806441,3
T0005806445,1
T0005806446,1
T0005806450,2
T0005806451,2
T0005806454,2
T0005806459,2
T0005806464,1
T0005806465,1
T0005806472,2
T0005806473,1
T0005806474,2
T0005806475,3
T0005806480,2
T0005806482,2
T0005806486,2
T0005806488,2
T0005806491,2
T0005806495,2
T0005806496,3
T0005806497,2
T0005806500,1
T0005806502,3
T0005806504,2
T0005806506,3
T0005806510,2
T0005806511,1
T0005806516,1
T0005806521,2
T0005806523,3
T0005806525,2
T0005806527,2
T0005806529,2
T0005806533,2
T0005806539,3
T0005806543,2
T0005806544,3
T0005806545,3
T0005806546,1
T0005806556,1
T0005806557,2
T0005806561,2
T0005806562,2
T0005806563,1
T0005806568,2
T0005806570,3
T0005806572,2
T0005806573,3
T0005806576,3
T0005806577,3
T0005806579,3
T0005806581,2
T0005806582,2
T0005806584,2
T0005806586,2
T0005806589,2
T0005806591,2
T0005806594,1
T0005806595,2
T0005806596,2
T0005806599,2
T0005806601,2
T0005806603,2
T0005806605,2
T0005806608,2
T0005806611,2
T0005806620,2
T0005806621,3
T0005806623,2
T0005806627,2
T0005806629,2
T0005806630,2
T0005806632,3
T0005806633,2
T0005806636,1
T0005806638,3
T0005806642,1
T0005806648,2
T0005806650,2
T0005806653,2
T0005806654,2
T0005806656,3
T0005806657,3
T0005806659,2
T0005806662,3
T0005806664,3
T0005806666,3
T0005806671,2
T0005806674,1
T0005806675,1
T0005806680,3
T0005806682,1
T0005806684,3
T0005806692,2
T0005806697,2
T0005806698,1
T0005806702,2
T0005806703,2
T0005806705,2
T0005806707,2
T0005806710,2
T0005806711,2
T0005806714,1
T0005806715,2
T0005806716,2
T0005806717,2
T0005806719,3
T0005806721,3
T0005806724,2
T0005806727,2
T0005806728,3
T0005806729,2
T0005806730,3
T0005806734,3
T0005806736,3
T0005806737,3
T0005806739,1
T0005806741,2
T0005806743,2
T0005806745,3
T0005806747,3
T0005806749,1
T0005806753,2
T0005806754,2
T0005806755,1
T0005806758,2
T0005806759,2
T0005806765,1
T0005806767,2
T0005806768,2
T0005806769,2
T0005806772,3
T0005806775,3
T0005806777,2
T0005806778,2
T0005806779,3
T0005806784,1
T0005806789,1
T0005806800,1
T0005806803,3
T0005806806,1
T0005806809,3
T0005806810,2
T0005806812,1
T0005806821,1
T0005806822,2
T0005806831,1
T0005806836,1
T0005806842,3
T0005806843,2
T0005806846,1
T0005806847,2
T0005806850,2
T0005806852,3
T0005806854,2
T0005806855,2
T0005806857,3
T0005806859,2
T0005806860,2
T0005806861,3
T0005806862,3
T0005806866,3
T0005806867,1
T0005806872,2
T0005806874,2
T0005806880,3
T0005806882,2
T0005806883,1
T0005806885,3
T0005806887,2
T0005806888,2
T0005806893,2
T0005806895,1
T0005806897,3
T0005806902,2
T0005806905,2
T0005806916,2
T0005806917,2
T0005806918,1
T0005806919,2
T0005806920,2
T0005806925,2
T0005806930,3
T0005806931,2
T0005806932,2
T0005806937,2
T0005806938,3
T0005806939,3
T0005806941,1
T0005806947,2
T0005806948,3
T0005806949,1
T0005806950,2
T0005806952,2
T0005806954,2
T0005806955,1
T0005806956,2
T0005806958,2
T0005806960,3
T0005806964,2
T0005806968,1
T0005806971,2
T0005806973,3
T0005806974,1
T0005806976,1
T0005806978,2
T0005806981,3
T0005806982,1
T0005806983,2
T0005806986,2
T0005806988,1
T0005806989,3
T0005806991,3
T0005806999,1
T0005807000,2
T0005807001,3
T0005807003,1
T0005807005,3
T0005807008,3
T0005807014,2
T0005807029,2
T0005807032,1
T0005807036,3
T0005807037,1
T0005807040,3
T0005807042,3
T0005807045,1
T0005807048,2
T0005807049,3
T0005807053,1
T0005807057,3
T0005807068,2
T0005807070,3
T0005807072,1
T0005807075,3
T0005807077,1
T0005807078,2
T0005807083,2
T0005807085,2
T0005807086,3
T0005807095,3
T0005807103,1
T0005807104,3
T0005807106,2
T0005807108,1
T0005807110,2
T0005807112,2
T0005807117,1
T0005807124,2
T0005807128,1
T0005807130,2
T0005807131,1
T0005807132,2
T0005807137,3
T0005807138,2
T0005807139,2
T0005807141,1
T0005807142,3
T0005807144,2
T0005807146,3
T0005807151,3
T0005807153,2
T0005807156,3
T0005807157,3
T0005807158,2
T0005807159,1
T0005807160,3
T0005807168,3
T0005807170,1
T0005807171,2
T0005807174,2
T0005807178,3
T0005807179,3
T0005807187,2
T0005807188,3
T0005807195,2
T0005807196,3
T0005807197,3
T0005807199,2
T0005807200,2
T0005807203,1
T0005807204,3
T0005807206,3
T0005807207,1
T0005807208,3
T0005807211,3
T0005807213,3
T0005807215,3
T0005807217,2
T0005807218,3
T0005807221,3
T0005807222,1
T0005807226,2
T0005807230,3
T0005807231,2
T0005807235,2
T0005807237,1
T0005807238,1
T0005807241,2
T0005807244,2
T0005807245,3
T0005807246,1
T0005807251,1
T0005807254,3
T0005807255,1
T0005807256,1
T0005807257,2
T0005807259,3
T0005807260,3
T0005807261,2
T0005807264,2
T0005807265,3
T0005807273,3
T0005807277,2
T0005807278,2
T0005807283,2
T0005807284,2
T0005807285,2
T0005807288,2
T0005807289,2
T0005807296,2
T0005807297,2
T0005807298,2
T0005807299,1
T0005807300,2
T0005807303,2
T0005807305,3
T0005807306,2
T0005807309,3
T0005807310,2
T0005807311,1
T0005807312,1
T0005807313,1
T0005807317,1
T0005807322,1
T0005807325,1
T0005807327,2
T0005807332,2
T0005807334,3
T0005807337,2
T0005807339,1
T0005807341,3
T0005807343,3
T0005807345,3
T0005807348,2
T0005807350,2
T0005807351,2
T0005807352,2
T0005807353,3
T0005807358,3
T0005807359,2
T0005807363,3
T0005807366,3
T0005807368,3
T0005807376,2
T0005807380,2
T0005807383,3
T0005807385,2
T0005807387,1
T0005807388,3
T0005807390,2
T0005807396,1
T0005807397,1
T0005807398,1
T0005807404,2
T0005807405,3
T0005807407,1
T0005807408,2
T0005807409,1
T0005807416,2
T0005807418,2
T0005807420,2
T0005807426,2
T0005807430,2
T0005807432,2
T0005807433,1
T0005807440,1
T0005807441,3
T0005807442,2
T0005807444,2
T0005807447,3
T0005807448,3
T0005807449,2
T0005807450,3
T0005807453,2
T0005807455,2
T0005807456,3
T0005807457,3
T0005807459,2
T0005807460,2
T0005807465,2
T0005807466,2
T0005807471,2
T0005807472,2
T0005807473,2
T0005807478,2
T0005807479,2
T0005807480,1
T0005807482,1
T0005807483,2
T0005807485,2
T0005807488,1
T0005807492,2
T0005807493,1
T0005807494,3
T0005807499,2
T0005807502,3
T0005807505,3
T0005807509,3
T0005807513,2
T0005807514,1
T0005807515,2
T0005807516,2
T0005807517,2
T0005807519,1
T0005807521,2
T0005807522,3
T0005807529,2
T0005807530,1
T0005807531,3
T0005807532,2
T0005807543,2
T0005807547,3
T0005807548,3
T0005807555,1
T0005807556,1
T0005807557,3
T0005807559,3
T0005807560,2
T0005807562,3
T0005807566,2
T0005807567,3
T0005807568,1
T0005807569,3
T0005807573,1
T0005807583,2
T0005807584,2
T0005807588,3
T0005807589,3
T0005807592,3
T0005807593,3
T0005807596,2
T0005807597,3
T0005807599,3
T0005807601,3
T0005807604,1
T0005807605,2
T0005807611,1
T0005807614,3
T0005807615,1
T0005807619,3
T0005807620,2
T0005807622,2
T0005807623,2
T0005807624,2
T0005807627,2
T0005807629,1
T0005807630,1
T0005807633,1
T0005807635,1
T0005807636,3
T0005807637,2
T0005807642,3
T0005807644,2
T0005807649,2
T0005807651,1
T0005807658,3
T0005807665,3
T0005807666,2
T0005807668,3
T0005807669,1
T0005807670,2
T0005807672,1
T0005807673,2
T0005807675,1
T0005807683,2
T0005807684,2
T0005807691,1
T0005807692,1
T0005807694,1
T0005807698,3
T0005807701,2
T0005807711,3
T0005807712,2
T0005807713,3
T0005807719,1
T0005807726,2
T0005807727,3
T0005807728,2
T0005807733,2
T0005807736,1
T0005807737,2
T0005807741,2
T0005807742,2
T0005807744,2
T0005807746,2
T0005807747,1
T0005807750,3
T0005807755,3
T0005807758,2
T0005807761,1
T0005807766,2
T0005807769,2
T0005807772,2
T0005807773,2
T0005807774,3
T0005807775,3
T0005807779,3
T0005807783,2
T0005807784,3
T0005807788,3
T0005807789,3
T0005807791,2
T0005807792,3
T0005807793,2
T0005807794,1
T0005807795,2
T0005807798,3
T0005807801,2
T0005807804,2
T0005807805,2
T0005807808,2
T0005807810,2
T0005807812,2
T0005807817,1
T0005807818,2
T0005807821,2
T0005807822,2
T0005807825,2
T0005807834,3
T0005807835,2
T0005807836,1
T0005807837,2
T0005807838,1
T0005807839,2
T0005807840,2
T0005807841,2
T0005807844,2
T0005807846,2
T0005807848,3
T0005807849,1
T0005807850,3
T0005807852,2
T0005807853,2
T0005807854,3
T0005807858,2
T0005807861,3
T0005807864,1
T0005807865,2
T0005807866,2
T0005807868,1
T0005807869,2
T0005807873,2
T0005807875,3
T0005807876,2
T0005807877,2
T0005807879,2
T0005807881,2
T0005807882,2
T0005807883,2
T0005807885,3
T0005807886,2
T0005807888,3
T0005807891,2
T0005807893,2
T0005807895,3
T0005807898,2
T0005807899,2
T0005807900,2
T0005807901,2
T0005807906,1
T0005807907,3
T0005807910,2
T0005807914,2
T0005807916,2
T0005807917,2
T0005807918,2
T0005807919,1
T0005807922,2
T0005807924,2
T0005807929,3
T0005807931,2
T0005807932,2
T0005807933,2
T0005807934,3
T0005807936,3
T0005807937,1
T0005807941,2
T0005807942,2
T0005807943,1
T0005807946,3
T0005807947,2
T0005807950,3
T0005807962,3
T0005807963,2
T0005807964,3
T0005807965,1
T0005807970,2
T0005807971,3
T0005807974,1
T0005807975,3
T0005807987,1
T0005807989,2
T0005807990,2
T0005807991,3
T0005807996,1
T0005807999,1
T0005808003,3
T0005808006,3
T0005808010,2
T0005808012,2
T0005808013,3
T0005808014,2
T0005808015,2
T0005808017,1
T0005808019,2
T0005808021,3
T0005808023,2
T0005808024,1
T0005808025,2
T0005808026,2
T0005808032,2
T0005808033,1
T0005808040,1
T0005808043,2
T0005808047,2
T0005808050,2
T0005808051,2
T0005808054,1
T0005808057,2
T0005808058,2
T0005808059,3
T0005808061,2
T0005808062,3
T0005808063,3
T0005808064,2
T0005808066,1
T0005808070,2
T0005808071,3
T0005808072,1
T0005808075,2
T0005808078,3
T0005808079,2
T0005808080,2
T0005808081,2
T0005808085,2
T0005808095,1
T0005808107,2
T0005808109,3
T0005808110,2
T0005808112,3
T0005808115,2
T0005808116,2
T0005808120,2
T0005808124,3
T0005808125,2
T0005808126,2
T0005808127,2
T0005808128,2
T0005808131,2
T0005808134,3
T0005808138,3
T0005808140,3
T0005808141,2
T0005808142,3
T0005808143,2
T0005808151,2
T0005808152,2
T0005808154,2
T0005808155,3
T0005808156,2
T0005808160,1
T0005808162,3
T0005808164,2
T0005808171,3
T0005808173,1
T0005808176,3
T0005808180,1
T0005808185,3
T0005808186,3
T0005808192,2
T0005808193,2
T0005808195,2
T0005808196,1
T0005808197,3
T0005808199,1
T0005808201,2
T0005808202,3
T0005808203,3
T0005808206,2
T0005808207,2
T0005808209,2
T0005808210,2
T0005808222,2
T0005808223,2
T0005808224,3
T0005808225,2
T0005808226,3
T0005808227,3
T0005808231,3
T0005808235,3
T0005808241,2
T0005808242,3
T0005808244,2
T0005808247,2
T0005808248,2
T0005808252,2
T0005808258,1
T0005808259,2
T0005808262,3
T0005808264,3
T0005808265,1
T0005808266,1
T0005808273,1
T0005808276,2
T0005808283,2
T0005808284,2
T0005808286,2
T0005808287,2
T0005808291,3
T0005808294,3
T0005808295,2
T0005808296,2
T0005808299,3
T0005808302,3
T0005808303,3
T0005808305,2
T0005808307,3
T0005808308,3
T0005808309,3
T0005808310,2
T0005808311,3
T0005808312,3
T0005808315,2
T0005808316,3
T0005808317,2
T0005808320,1
T0005808322,3
T0005808325,2
T0005808326,1
T0005808328,3
T0005808331,3
T0005808335,1
T0005808336,1
T0005808338,2
T0005808340,1
T0005808343,2
T0005808344,1
T0005808346,2
T0005808350,1
T0005808352,2
T0005808359,2
T0005808360,3
T0005808365,2
T0005808366,2
T0005808367,1
T0005808369,1
T0005808373,1
T0005808374,2
T0005808375,1
T0005808377,3
T0005808381,3
T0005808383,2
T0005808386,1
T0005808387,2
T0005808388,2
T0005808389,3
T0005808390,1
T0005808393,2
T0005808396,1
T0005808397,2
T0005808399,1
T0005808401,3
T0005808402,2
T0005808409,2
T0005808410,2
T0005808411,3
T0005808414,1
T0005808415,2
T0005808417,3
T0005808422,3
T0005808424,3
T0005808425,2
T0005808426,3
T0005808427,1
T0005808429,1
T0005808431,2
T0005808432,1
T0005808433,3
T0005808434,1
T0005808435,2
T0005808438,3
T0005808440,3
T0005808441,2
T0005808445,2
T0005808449,2
T0005808450,3
T0005808452,2
T0005808458,2
T0005808459,2
T0005808461,3
T0005808465,3
T0005808466,2
T0005808467,3
T0005808469,2
T0005808471,3
T0005808476,3
T0005808477,2
T0005808483,3
T0005808487,2
T0005808490,3
T0005808491,1
T0005808493,3
T0005808495,2
T0005808499,1
T0005808507,2
T0005808511,2
T0005808512,2
T0005808513,2
T0005808517,2
T0005808521,3
T0005808523,3
T0005808526,3
T0005808527,2
T0005808528,2
T0005808530,2
T0005808534,3
T0005808535,1
T0005808538,3
T0005808539,2
T0005808542,1
T0005808544,2
T0005808545,2
T0005808547,2
T0005808550,2
T0005808553,1
T0005808554,3
T0005808556,1
T0005808557,2
T0005808559,2
T0005808562,2
T0005808563,1
T0005808565,2
T0005808567,3
T0005808568,2
T0005808569,3
T0005808572,2
T0005808575,2
T0005808578,2
T0005808582,3
T0005808584,2
T0005808585,3
T0005808586,2
T0005808587,2
T0005808590,2
T0005808593,1
T0005808595,2
T0005808597,2
T0005808602,2
T0005808603,2
T0005808605,3
T0005808607,1
T0005808609,2
T0005808610,2
T0005808611,3
T0005808612,2
T0005808613,2
T0005808615,3
T0005808618,3
T0005808622,3
T0005808623,2
T0005808625,2
T0005808627,1
T0005808628,1
T0005808631,2
T0005808635,1
T0005808636,1
T0005808639,3
T0005808640,3
T0005808643,2
T0005808644,2
T0005808645,2
T0005808652,1
T0005808654,3
T0005808655,2
T0005808660,2
T0005808670,1
T0005808671,1
T0005808678,3
T0005808682,3
T0005808689,1
T0005808690,1
T0005808695,2
T0005808697,2
T0005808699,2
T0005808700,2
T0005808701,3
T0005808708,2
T0005808710,3
T0005808712,1
T0005808718,2
T0005808720,2
T0005808724,1
T0005808726,2
T0005808729,2
T0005808734,2
T0005808737,2
T0005808739,1
T0005808742,2
T0005808743,3
T0005808745,3
T0005808746,2
T0005808752,2
T0005808754,2
T0005808756,1
T0005808757,3
T0005808758,2
T0005808763,1
T0005808768,2
T0005808769,3
T0005808770,1
T0005808773,2
T0005808778,3
T0005808779,2
T0005808780,2
T0005808781,3
T0005808783,2
T0005808784,2
T0005808785,2
T0005808787,2
T0005808790,2
T0005808792,1
T0005808796,2
T0005808797,3
T0005808798,2
T0005808800,1
T0005808801,1
T0005808802,2
T0005808803,3
T0005808805,1
T0005808807,2
T0005808810,2
T0005808813,3
T0005808815,2
T0005808817,2
T0005808818,2
T0005808828,3
T0005808832,2
T0005808833,3
T0005808834,2
T0005808835,2
T0005808836,1
T0005808838,3
T0005808840,3
T0005808841,3
T0005808842,1
T0005808843,3
T0005808844,2
T0005808845,2
T0005808846,2
T0005808852,2
T0005808853,1
T0005808854,3
T0005808856,2
T0005808858,1
T0005808860,2
T0005808861,2
T0005808862,2
T0005808865,2
T0005808868,1
T0005808870,1
T0005808873,3
T0005808878,2
T0005808879,2
T0005808881,2
T0005808889,3
T0005808891,2
T0005808895,2
T0005808897,2
T0005808901,2
T0005808903,2
T0005808904,2
T0005808906,3
T0005808907,1
T0005808911,3
T0005808914,1
T0005808915,2
T0005808917,2
T0005808920,1
T0005808921,3
T0005808925,1
T0005808926,3
T0005808929,1
T0005808933,1
T0005808940,2
T0005808941,2
T0005808946,3
T0005808947,2
T0005808956,3
T0005808959,1
T0005808960,2
T0005808961,3
T0005808967,2
T0005808968,1
T0005808972,1
T0005808974,2
T0005808976,2
T0005808985,3
T0005808986,3
T0005808988,1
T0005808989,3
T0005808990,3
T0005808992,2
T0005808995,3
T0005808996,1
T0005808999,2
T0005809003,3
T0005809005,1
T0005809008,3
T0005809010,3
T0005809016,3
T0005809019,3
T0005809021,1
T0005809024,1
T0005809027,2
T0005809029,3
T0005809032,1
T0005809034,2
T0005809035,3
T0005809038,3
T0005809042,2
T0005809050,1
T0005809056,1
T0005809057,2
T0005809058,2
T0005809062,3
T0005809065,3
T0005809072,2
T0005809073,2
T0005809078,2
T0005809079,2
T0005809082,1
T0005809083,3
T0005809084,1
T0005809088,1
T0005809090,2
T0005809091,3
T0005809093,3
T0005809096,3
T0005809097,2
T0005809099,2
T0005809102,3
T0005809105,2
T0005809109,1
T0005809116,2
T0005809120,2
T0005809126,2
T0005809128,3
T0005809129,2
T0005809131,3
T0005809132,3
T0005809135,1
T0005809136,3
T0005809138,2
T0005809139,2
T0005809142,3
T0005809143,2
T0005809144,1
T0005809153,2
T0005809156,3
T0005809161,1
T0005809162,2
T0005809166,1
T0005809172,3
T0005809174,3
T0005809177,2
T0005809181,3
T0005809182,2
T0005809184,3
T0005809185,3
T0005809186,2
T0005809191,2
T0005809194,1
T0005809195,2
T0005809196,2
T0005809202,1
T0005809204,2
T0005809207,2
T0005809209,2
T0005809213,2
T0005809218,3
T0005809224,3
T0005809225,3
T0005809227,3
T0005809231,2
T0005809233,3
T0005809234,2
T0005809235,3
T0005809236,2
T0005809237,2
T0005809239,1
T0005809240,1
T0005809241,2
T0005809242,1
T0005809254,2
T0005809256,3
T0005809258,1
T0005809260,2
T0005809261,1
T0005809263,2
T0005809264,2
T0005809266,2
T0005809267,3
T0005809269,2
T0005809270,3
T0005809273,2
T0005809279,2
T0005809281,3
T0005809282,2
T0005809285,1
T0005809289,2
T0005809290,3
T0005809291,2
T0005809295,2
T0005809296,2
T0005809298,3
T0005809303,2
T0005809304,3
T0005809306,3
T0005809307,2
T0005809309,3
T0005809315,3
T0005809318,2
T0005809319,2
T0005809324,2
T0005809325,1
T0005809327,3
T0005809330,3
T0005809333,1
T0005809334,2
T0005809336,3
T0005809341,1
T0005809348,2
T0005809350,2
T0005809353,2
T0005809354,2
T0005809360,3
T0005809362,2
T0005809365,2
T0005809366,1
T0005809367,1
T0005809368,2
T0005809370,1
T0005809371,3
T0005809372,3
T0005809378,2
T0005809379,1
T0005809381,2
T0005809383,2
T0005809384,1
T0005809385,2
T0005809386,1
T0005809388,1
T0005809390,3
T0005809396,2
T0005809397,1
T0005809402,3
T0005809403,2
T0005809405,3
T0005809406,2
T0005809407,1
T0005809413,2
T0005809414,1
T0005809419,1
T0005809420,3
T0005809424,2
T0005809426,2
T0005809428,3
T0005809431,3
T0005809435,1
T0005809436,2
T0005809438,2
T0005809440,2
T0005809441,2
T0005809442,2
T0005809445,1
T0005809446,3
T0005809450,2
T0005809452,2
T0005809458,1
T0005809464,3
T0005809465,1
T0005809467,2
T0005809470,2
T0005809476,1
T0005809480,2
T0005809481,3
T0005809484,2
T0005809488,3
T0005809489,3
T0005809491,2
T0005809492,2
T0005809495,2
T0005809497,1
T0005809498,2
T0005809501,2
T0005809506,3
T0005809508,2
T0005809509,1
T0005809510,3
T0005809512,1
T0005809515,3
T0005809517,2
T0005809518,2
T0005809525,2
T0005809527,2
T0005809531,2
T0005809532,3
T0005809533,2
T0005809537,2
T0005809543,3
T0005809544,2
T0005809549,2
T0005809550,2
T0005809552,3
T0005809554,3
T0005809555,3
T0005809557,1
T0005809558,2
T0005809562,3
T0005809564,3
T0005809567,1
T0005809570,2
T0005809574,3
T0005809577,2
T0005809578,2
T0005809579,2
T0005809582,2
T0005809584,3
T0005809585,2
T0005809586,3
T0005809592,3
T0005809594,2
T0005809595,2
T0005809598,3
T0005809599,2
T0005809602,1
T0005809603,2
T0005809604,3
T0005809605,2
T0005809606,2
T0005809611,2
T0005809612,3
T0005809613,1
T0005809617,1
T0005809623,2
T0005809624,2
T0005809628,3
T0005809631,2
T0005809632,3
T0005809633,3
T0005809636,1
T0005809640,3
T0005809641,3
T0005809644,2
T0005809647,1
T0005809653,3
T0005809654,2
T0005809655,3
T0005809656,2
T0005809658,2
T0005809660,2
T0005809662,2
T0005809667,2
T0005809670,2
T0005809672,3
T0005809673,2
T0005809677,2
T0005809678,1
T0005809681,2
T0005809682,3
T0005809684,3
T0005809685,3
T0005809686,2
T0005809689,2
T0005809691,3
T0005809692,2
T0005809693,2
T0005809694,3
T0005809700,2
T0005809702,2
T0005809705,3
T0005809712,3
T0005809713,3
T0005809716,2
T0005809717,3
T0005809719,2
T0005809722,3
T0005809725,3
T0005809726,2
T0005809728,2
T0005809731,3
T0005809739,3
T0005809740,2
T0005809741,3
T0005809742,2
T0005809745,2
T0005809746,2
T0005809748,2
T0005809749,2
T0005809751,2
T0005809754,2
T0005809755,3
T0005809756,3
T0005809761,2
T0005809763,1
T0005809765,3
T0005809767,3
T0005809768,3
T0005809769,2
T0005809775,2
T0005809776,2
T0005809778,2
T0005809783,2
T0005809785,2
T0005809787,3
T0005809793,2
T0005809794,1
T0005809796,2
T0005809799,3
T0005809801,2
T0005809804,2
T0005809806,3
T0005809807,2
T0005809808,2
T0005809812,2
T0005809814,2
T0005809815,3
T0005809816,1
T0005809817,2
T0005809819,2
T0005809820,1
T0005809824,2
T0005809826,1
T0005809827,1
T0005809829,2
T0005809832,2
T0005809833,2
T0005809836,2
T0005809837,3
T0005809838,2
T0005809843,3
T0005809844,3
T0005809846,1
T0005809848,2
T0005809853,2
T0005809856,3
T0005809857,2
T0005809860,3
T0005809862,2
T0005809863,1
T0005809864,2
T0005809868,2
T0005809869,3
T0005809872,1
T0005809878,2
T0005809880,3
T0005809881,3
T0005809882,1
T0005809884,2
T0005809886,3
T0005809887,2
T0005809888,3
T0005809890,1
T0005809893,2
T0005809894,2
T0005809896,2
T0005809901,3
T0005809902,2
T0005809904,2
T0005809907,2
T0005809910,1
T0005809913,3
T0005809914,3
T0005809915,2
T0005809917,3
T0005809921,3
T0005809933,2
T0005809936,1
T0005809941,2
T0005809942,2
T0005809944,1
T0005809945,3
T0005809947,2
T0005809951,2
T0005809952,2
T0005809954,2
T0005809956,2
T0005809959,2
T0005809962,2
T0005809964,2
T0005809966,2
T0005809967,2
T0005809969,3
T0005809970,2
T0005809972,2
T0005809976,3
T0005809980,2
T0005809984,1
T0005809985,2
T0005809987,1
T0005809990,1
T0005809992,3
T0005809993,2
T0005809994,3
T0005809995,1
T0005809996,2
T0005809997,3
T0005809998,2
T0005809999,3
T0005810000,1
T0005810001,1
T0005810003,3
T0005810005,1
T0005810010,2
T0005810012,2
T0005810018,2
T0005810019,2
T0005810020,2
T0005810022,2
T0005810028,2
T0005810032,2
T0005810034,3
T0005810036,3
T0005810037,3
T0005810039,3
T0005810040,2
T0005810043,2
T0005810047,3
T0005810048,1
T0005810055,2
T0005810056,3
T0005810057,2
T0005810059,2
T0005810063,2
T0005810064,3
T0005810065,1
T0005810067,2
T0005810071,3
T0005810078,2
T0005810080,3
T0005810082,1
T0005810086,3
T0005810087,2
T0005810088,2
T0005810089,2
T0005810090,2
T0005810093,3
T0005810094,2
T0005810096,3
T0005810097,2
T0005810101,2
T0005810105,3
T0005810106,3
T0005810109,3
T0005810110,2
T0005810111,2
T0005810116,2
T0005810117,2
T0005810127,2
T0005810131,3
T0005810132,1
T0005810137,1
T0005810138,2
T0005810140,3
T0005810144,3
T0005810145,1
T0005810146,3
T0005810150,3
T0005810152,3
T0005810153,2
T0005810155,2
T0005810157,1
T0005810165,2
T0005810166,2
T0005810167,1
T0005810170,2
T0005810172,1
T0005810173,2
T0005810175,2
T0005810179,2
T0005810180,2
T0005810184,1
T0005810185,3
T0005810186,1
T0005810187,3
T0005810190,2
T0005810191,2
T0005810194,1
T0005810196,1
T0005810198,1
T0005810199,2
T0005810200,3
T0005810201,3
T0005810202,2
T0005810203,2
T0005810205,2
T0005810207,2
T0005810208,1
T0005810216,2
T0005810218,2
T0005810221,1
T0005810223,2
T0005810225,3
T0005810228,3
T0005810229,1
T0005810230,2
T0005810236,2
T0005810239,3
T0005810240,1
T0005810241,2
T0005810242,2
T0005810244,2
T0005810246,2
T0005810250,3
T0005810251,2
T0005810254,3
T0005810256,3
T0005810259,2
T0005810262,3
T0005810268,1
T0005810272,3
T0005810274,2
T0005810275,3
T0005810276,2
T0005810277,3
T0005810278,2
T0005810280,2
T0005810281,3
T0005810287,2
T0005810289,2
T0005810292,1
T0005810296,3
T0005810299,3
T0005810303,2
T0005810317,3
T0005810318,2
T0005810321,3
T0005810324,1
T0005810325,3
T0005810332,2
T0005810333,2
T0005810341,2
T0005810342,2
T0005810345,3
T0005810349,2
T0005810352,1
T0005810353,2
T0005810354,3
T0005810355,2
T0005810358,1
T0005810360,2
T0005810361,1
T0005810362,3
T0005810363,2
T0005810367,3
T0005810368,2
T0005810370,3
T0005810374,2
T0005810375,2
T0005810377,2
T0005810379,1
T0005810382,1
T0005810384,2
T0005810386,3
T0005810388,2
T0005810389,1
T0005810390,3
T0005810391,2
T0005810392,2
T0005810394,3
T0005810395,3
T0005810398,2
T0005810399,2
T0005810400,2
T0005810402,3
T0005810405,3
T0005810407,2
T0005810409,3
T0005810415,2
T0005810416,2
T0005810418,3
T0005810420,2
T0005810423,2
T0005810424,2
T0005810426,3
T0005810428,3
T0005810429,3
T0005810432,3
T0005810434,3
T0005810435,3
T0005810437,2
T0005810438,3
T0005810444,1
T0005810445,2
T0005810446,3
T0005810450,1
T0005810451,2
T0005810452,1
T0005810455,1
T0005810459,2
T0005810462,3
T0005810463,3
T0005810466,1
T0005810471,1
T0005810472,3
T0005810473,2
T0005810478,1
T0005810481,2
T0005810486,2
T0005810488,2
T0005810492,2
T0005810494,3
T0005810497,1
T0005810499,2
T0005810503,1
T0005810504,3
T0005810505,2
T0005810508,1
T0005810510,2
T0005810512,3
T0005810517,1
T0005810518,3
T0005810519,3
T0005810522,1
T0005810524,2
T0005810525,1
T0005810526,3
T0005810532,2
T0005810533,1
T0005810537,3
T0005810538,3
T0005810540,3
T0005810545,2
T0005810547,1
T0005810550,2
T0005810551,3
T0005810553,2
T0005810554,2
T0005810557,1
T0005810560,2
T0005810561,2
T0005810564,2
T0005810566,2
T0005810567,2
T0005810569,3
T0005810570,3
T0005810572,2
T0005810575,2
T0005810576,1
T0005810579,2
T0005810580,1
T0005810583,3
T0005810585,3
T0005810586,2
T0005810587,3
T0005810591,3
T0005810593,2
T0005810598,1
T0005810602,2
T0005810604,3
T0005810606,2
T0005810609,1
T0005810611,3
T0005810614,1
T0005810618,2
T0005810621,2
T0005810623,2
T0005810625,2
T0005810630,2
T0005810631,2
T0005810633,3
T0005810635,2
T0005810637,2
T0005810638,3
T0005810641,1
T0005810646,3
T0005810648,3
T0005810649,1
T0005810655,3
T0005810656,1
T0005810662,2
T0005810664,2
T0005810666,2
T0005810667,1
T0005810671,1
T0005810673,3
T0005810674,1
T0005810678,2
T0005810680,3
T0005810682,3
T0005810690,2
T0005810691,2
T0005810692,2
T0005810693,2
T0005810694,3
T0005810695,2
T0005810697,2
T0005810698,2
T0005810699,3
T0005810705,2
T0005810707,1
T0005810710,3
T0005810715,1
T0005810717,3
T0005810719,3
T0005810724,3
T0005810733,3
T0005810738,2
T0005810741,2
T0005810742,1
T0005810747,1
T0005810748,3
T0005810750,3
T0005810754,3
T0005810756,3
T0005810758,3
T0005810760,2
T0005810761,1
T0005810765,3
T0005810766,1
T0005810771,2
T0005810772,2
T0005810774,3
T0005810775,2
T0005810779,2
T0005810783,2
T0005810785,1
T0005810787,2
T0005810788,2
T0005810789,3
T0005810795,2
T0005810796,3
T0005810800,2
T0005810803,3
T0005810805,3
T0005810807,1
T0005810808,3
T0005810815,3
T0005810816,2
T0005810817,1
T0005810818,2
T0005810821,2
T0005810822,1
T0005810823,2
T0005810826,1
T0005810832,3
T0005810833,3
T0005810836,2
T0005810839,2
T0005810841,3
T0005810842,2
T0005810845,3
T0005810852,2
T0005810854,3
T0005810857,2
T0005810858,1
T0005810860,1
T0005810861,3
T0005810862,3
T0005810865,2
T0005810866,3
T0005810868,2
T0005810870,2
T0005810871,3
T0005810872,3
T0005810876,2
T0005810877,2
T0005810878,1
T0005810881,3
T0005810887,2
T0005810890,1
T0005810895,2
T0005810896,2
T0005810898,2
T0005810901,2
T0005810904,3
T0005810908,3
T0005810909,3
T0005810913,3
T0005810914,3
T0005810916,1
T0005810917,2
T0005810922,1
T0005810925,1
T0005810926,2
T0005810928,2
T0005810929,2
T0005810931,2
T0005810932,2
T0005810934,2
T0005810938,2
T0005810939,2
T0005810941,2
T0005810942,2
T0005810944,3
T0005810949,3
T0005810953,3
T0005810954,3
T0005810956,2
T0005810960,2
T0005810961,3
T0005810962,2
T0005810963,1
T0005810964,2
T0005810966,1
T0005810969,3
T0005810971,3
T0005810972,1
T0005810973,1
T0005810976,1
T0005810984,3
T0005810986,3
T0005810987,2
T0005810988,3
T0005810989,2
T0005810995,1
T0005810998,2
T0005810999,3
T0005811001,2
T0005811003,3
T0005811004,2
T0005811008,2
T0005811009,1
T0005811011,2
T0005811021,2
T0005811024,2
T0005811030,2
T0005811034,3
T0005811038,2
T0005811040,3
T0005811041,1
T0005811043,1
T0005811044,2
T0005811047,3
T0005811048,2
T0005811051,2
T0005811053,1
T0005811055,2
T0005811056,3
T0005811063,3
T0005811064,3
T0005811065,2
T0005811067,2
T0005811068,2
T0005811069,1
T0005811072,3
T0005811073,3
T0005811074,2
T0005811077,1
T0005811078,1
T0005811079,2
T0005811080,2
T0005811081,2
T0005811082,3
T0005811083,2
T0005811090,3
T0005811096,3
T0005811097,2
T0005811099,3
T0005811100,3
T0005811103,3
T0005811106,1
T0005811107,2
T0005811108,2
T0005811119,2
T0005811122,1
T0005811124,1
T0005811125,3
T0005811126,3
T0005811128,2
T0005811129,3
T0005811137,2
T0005811139,2
T0005811152,2
T0005811154,3
T0005811156,1
T0005811158,3
T0005811160,2
T0005811161,2
T0005811162,3
T0005811165,1
T0005811166,2
T0005811167,2
T0005811169,2
T0005811171,2
T0005811172,1
T0005811173,2
T0005811175,2
T0005811181,2
T0005811182,1
T0005811183,1
T0005811186,2
T0005811187,3
T0005811188,3
T0005811189,3
T0005811196,2
T0005811199,2
T0005811202,3
T0005811204,2
T0005811208,3
T0005811210,3
T0005811212,2
T0005811213,2
T0005811215,3
T0005811216,1
T0005811217,2
T0005811219,3
T0005811228,1
T0005811230,2
T0005811232,2
T0005811238,2
T0005811240,2
T0005811243,2
T0005811244,3
T0005811245,2
T0005811247,2
T0005811248,2
T0005811250,3
T0005811256,3
T0005811257,1
T0005811259,3
T0005811261,1
T0005811262,3
T0005811266,3
T0005811268,1
T0005811270,2
T0005811272,3
T0005811284,2
T0005811285,3
T0005811287,3
T0005811292,3
T0005811293,3
T0005811294,1
T0005811297,2
T0005811301,1
T0005811303,3
T0005811305,2
T0005811306,2
T0005811307,3
T0005811311,3
T0005811318,2
T0005811319,3
T0005811321,2
T0005811322,2
T0005811324,2
T0005811326,3
T0005811327,1
T0005811328,3
T0005811330,3
T0005811331,3
T0005811332,2
T0005811333,1
T0005811338,3
T0005811342,3
T0005811346,2
T0005811349,3
T0005811353,3
T0005811355,2
T0005811356,3
T0005811357,2
T0005811365,2
T0005811366,2
T0005811367,2
T0005811369,1
T0005811372,2
T0005811373,2
T0005811374,1
T0005811377,2
T0005811380,3
T0005811382,3
T0005811383,2
T0005811389,3
T0005811390,2
T0005811393,2
T0005811395,1
T0005811397,3
T0005811402,3
T0005811404,2
T0005811407,2
T0005811410,3
T0005811411,2
T0005811412,2
T0005811413,2
T0005811419,2
T0005811420,2
T0005811423,3
T0005811429,2
T0005811430,3
T0005811432,2
T0005811433,3
T0005811434,2
T0005811435,2
T0005811439,3
T0005811441,2
T0005811444,2
T0005811445,2
T0005811453,1
T0005811454,3
T0005811457,3
T0005811458,1
T0005811463,1
T0005811466,3
T0005811467,3
T0005811468,2
T0005811469,2
T0005811470,2
T0005811471,2
T0005811473,2
T0005811474,3
T0005811479,2
T0005811482,2
T0005811484,3
T0005811487,2
T0005811489,1
T0005811490,1
T0005811491,1
T0005811493,3
T0005811494,3
T0005811496,2
T0005811498,2
T0005811499,2
T0005811502,1
T0005811503,1
T0005811504,3
T0005811505,3
T0005811506,2
T0005811507,2
T0005811508,3
T0005811509,2
T0005811511,1
T0005811513,3
T0005811518,2
T0005811519,2
T0005811521,1
T0005811522,1
T0005811524,2
T0005811527,2
T0005811529,1
T0005811530,2
T0005811532,3
T0005811534,2
T0005811537,2
T0005811538,3
T0005811541,2
T0005811544,1
T0005811545,1
T0005811548,3
T0005811549,2
T0005811551,3
T0005811558,2
T0005811564,2
T0005811565,3
T0005811566,2
T0005811567,2
T0005811568,2
T0005811569,2
T0005811570,2
T0005811571,2
T0005811572,1
T0005811575,3
T0005811578,3
T0005811579,1
T0005811580,1
T0005811581,2
T0005811582,2
T0005811584,1
T0005811586,2
T0005811589,2
T0005811590,1
T0005811591,1
T0005811598,1
T0005811600,2
T0005811601,1
T0005811603,2
T0005811606,1
T0005811607,2
T0005811608,3
T0005811612,2
T0005811615,1
T0005811616,3
T0005811620,3
T0005811622,1
T0005811623,3
T0005811627,2
T0005811631,2
T0005811634,2
T0005811636,3
T0005811637,1
T0005811644,2
T0005811652,1
T0005811656,2
T0005811658,2
T0005811659,1
T0005811660,3
T0005811663,2
T0005811664,2
T0005811669,2
T0005811670,2
T0005811671,2
T0005811673,2
T0005811675,3
T0005811676,1
T0005811677,3
T0005811683,3
T0005811687,2
T0005811691,2
T0005811692,2
T0005811693,1
T0005811694,2
T0005811696,2
T0005811697,2
T0005811703,2
T0005811704,3
T0005811705,3
T0005811708,2
T0005811713,2
T0005811714,2
T0005811715,2
T0005811718,2
T0005811720,2
T0005811721,3
T0005811725,2
T0005811728,3
T0005811729,2
T0005811732,2
T0005811735,2
T0005811738,2
T0005811739,1
T0005811741,2
T0005811744,1
T0005811748,3
T0005811754,3
T0005811759,1
T0005811762,3
T0005811763,2
T0005811764,1
T0005811766,3
T0005811767,1
T0005811768,2
T0005811770,3
T0005811772,2
T0005811774,2
T0005811779,3
T0005811781,1
T0005811783,2
T0005811784,2
T0005811790,3
T0005811793,3
T0005811796,2
T0005811799,2
T0005811802,3
T0005811804,2
T0005811808,1
T0005811809,2
T0005811817,1
T0005811820,3
T0005811821,1
T0005811822,3
T0005811824,2
T0005811826,1
T0005811827,2
T0005811828,3
T0005811829,3
T0005811834,3
T0005811835,3
T0005811837,1
T0005811839,1
T0005811840,2
T0005811841,1
T0005811844,1
T0005811845,3
T0005811855,1
T0005811856,3
T0005811858,3
T0005811859,1
T0005811860,2
T0005811861,2
T0005811864,1
T0005811866,3
T0005811868,3
T0005811869,2
T0005811870,2
T0005811876,3
T0005811878,2
T0005811880,3
T0005811883,2
T0005811885,2
T0005811886,3
T0005811887,1
T0005811892,2
T0005811895,2
T0005811898,2
T0005811899,2
T0005811905,3
T0005811907,2
T0005811908,3
T0005811911,2
T0005811914,3
T0005811916,3
T0005811920,1
T0005811921,3
T0005811926,3
T0005811928,2
T0005811929,1
T0005811939,2
T0005811942,3
T0005811945,2
T0005811946,2
T0005811948,2
T0005811950,2
T0005811951,1
T0005811955,2
T0005811956,1
T0005811962,2
T0005811963,2
T0005811965,2
T0005811966,3
T0005811967,2
T0005811968,2
T0005811971,3
T0005811972,2
T0005811973,3
T0005811975,2
T0005811980,2
T0005811981,2
T0005811983,2
T0005811985,3
T0005811986,2
T0005811987,3
T0005811991,2
T0005811992,3
T0005811994,2
T0005811997,3
T0005812000,2
T0005812001,3
T0005812003,2
T0005812004,3
T0005812008,2
T0005812009,3
T0005812010,3
T0005812011,3
T0005812013,2
T0005812016,2
T0005812017,1
T0005812018,2
T0005812020,3
T0005812021,2
T0005812022,2
T0005812023,3
T0005812024,3
T0005812025,3
T0005812027,2
T0005812031,2
T0005812034,2
T0005812036,2
T0005812040,1
T0005812044,3
T0005812045,3
T0005812048,2
T0005812049,1
T0005812050,2
T0005812051,2
T0005812052,1
T0005812061,3
T0005812064,3
T0005812065,2
T0005812067,2
T0005812068,2
T0005812069,2
T0005812070,2
T0005812074,1
T0005812075,1
T0005812079,1
T0005812086,3
T0005812089,2
T0005812091,1
T0005812093,2
T0005812094,2
T0005812096,1
T0005812105,1
T0005812106,3
T0005812107,3
T0005812109,1
T0005812111,1
T0005812113,2
T0005812114,3
T0005812115,1
T0005812116,2
T0005812117,3
T0005812119,3
T0005812120,3
T0005812122,2
T0005812123,3
T0005812125,3
T0005812130,2
T0005812131,2
T0005812135,3
T0005812139,3
T0005812142,3
T0005812143,2
T0005812144,3
T0005812145,3
T0005812146,3
T0005812149,1
T0005812150,2
T0005812151,3
T0005812153,2
T0005812155,2
T0005812156,1
T0005812157,1
T0005812158,3
T0005812161,2
T0005812166,2
T0005812168,2
T0005812170,1
T0005812175,3
T0005812180,1
T0005812183,2
T0005812187,2
T0005812189,2
T0005812194,1
T0005812197,2
T0005812199,2
T0005812203,2
T0005812204,2
T0005812206,2
T0005812208,1
T0005812214,2
T0005812215,2
T0005812218,3
T0005812220,2
T0005812221,2
T0005812222,3
T0005812223,3
T0005812224,2
T0005812227,2
T0005812232,2
T0005812234,3
T0005812235,2
T0005812236,3
T0005812239,1
T0005812248,3
T0005812249,2
T0005812250,1
T0005812251,2
T0005812253,3
T0005812256,3
T0005812260,1
T0005812261,2
T0005812262,2
T0005812263,3
T0005812266,2
T0005812272,2
T0005812273,2
T0005812275,3
T0005812277,3
T0005812279,3
T0005812280,3
T0005812282,3
T0005812288,2
T0005812292,2
T0005812293,3
T0005812295,2
T0005812297,3
T0005812298,1
T0005812301,3
T0005812303,2
T0005812305,3
T0005812308,1
T0005812309,1
T0005812311,3
T0005812313,2
T0005812318,2
T0005812324,2
T0005812327,1
T0005812328,1
T0005812329,2
T0005812332,2
T0005812335,2
T0005812338,2
T0005812339,2
T0005812342,2
T0005812343,2
T0005812347,2
T0005812352,2
T0005812355,2
T0005812358,3
T0005812364,3
T0005812365,3
T0005812366,1
T0005812369,2
T0005812370,2
T0005812374,1
T0005812378,1
T0005812380,3
T0005812381,3
T0005812382,3
T0005812384,2
T0005812386,3
T0005812387,3
T0005812389,3
T0005812390,2
T0005812392,2
T0005812394,2
T0005812395,1
T0005812398,3
T0005812399,3
T0005812400,3
T0005812402,2
T0005812404,3
T0005812410,3
T0005812413,1
T0005812417,2
T0005812422,2
T0005812424,3
T0005812429,2
T0005812431,2
T0005812435,2
T0005812438,3
T0005812439,3
T0005812442,2
T0005812443,2
T0005812445,2
T0005812456,3
T0005812459,3
T0005812460,2
T0005812461,2
T0005812462,3
T0005812465,2
T0005812466,2
T0005812472,2
T0005812473,2
T0005812478,2
T0005812480,2
T0005812481,2
T0005812482,2
T0005812483,2
T0005812488,1
T0005812490,2
T0005812491,2
T0005812494,2
T0005812498,1
T0005812499,1
T0005812500,2
T0005812503,3
T0005812504,1
T0005812507,3
T0005812508,2
T0005812513,3
T0005812522,1
T0005812523,1
T0005812525,1
T0005812529,1
T0005812534,3
T0005812537,3
T0005812538,2
T0005812540,3
T0005812541,2
T0005812543,3
T0005812544,2
T0005812547,2
T0005812548,3
T0005812549,3
T0005812550,3
T0005812554,1
T0005812556,3
T0005812558,2
T0005812559,3
T0005812560,1
T0005812561,3
T0005812562,1
T0005812563,2
T0005812567,2
T0005812569,2
T0005812571,1
T0005812574,2
T0005812576,3
T0005812577,2
T0005812583,2
T0005812590,3
T0005812591,2
T0005812592,3
T0005812593,2
T0005812595,3
T0005812596,1
T0005812597,3
T0005812599,3
T0005812600,2
T0005812602,3
T0005812603,1
T0005812604,1
T0005812606,3
T0005812608,2
T0005812612,3
T0005812614,2
T0005812621,1
T0005812623,1
T0005812630,1
T0005812632,2
T0005812633,1
T0005812635,3
T0005812638,2
T0005812641,3
T0005812642,1
T0005812647,2
T0005812651,2
T0005812653,2
T0005812655,3
T0005812662,3
T0005812663,2
T0005812664,1
T0005812666,3
T0005812668,2
T0005812669,3
T0005812671,3
T0005812672,2
T0005812673,1
T0005812677,3
T0005812683,2
T0005812684,2
T0005812687,2
T0005812689,2
T0005812690,2
T0005812693,2
T0005812695,2
T0005812698,1
T0005812700,3
T0005812703,1
T0005812705,3
T0005812706,2
T0005812707,2
T0005812708,3
T0005812718,2
T0005812719,2
T0005812722,2
T0005812723,1
T0005812725,3
T0005812727,3
T0005812728,2
T0005812735,2
T0005812736,1
T0005812738,2
T0005812742,2
T0005812746,1
T0005812751,2
T0005812754,3
T0005812755,3
T0005812756,3
T0005812757,3
T0005812758,3
T0005812759,2
T0005812761,2
T0005812762,2
T0005812765,3
T0005812766,2
T0005812771,2
T0005812772,2
T0005812780,1
T0005812781,2
T0005812784,1
T0005812788,2
T0005812792,2
T0005812796,2
T0005812797,3
T0005812798,3
T0005812801,2
T0005812802,1
T0005812803,2
T0005812805,1
T0005812807,1
T0005812808,2
T0005812809,2
T0005812819,3
T0005812820,3
T0005812824,1
T0005812826,2
T0005812829,3
T0005812834,2
T0005812835,1
T0005812839,2
T0005812840,2
T0005812842,2
T0005812844,1
T0005812845,2
T0005812847,2
T0005812850,1
T0005812851,3
T0005812853,2
T0005812859,3
T0005812860,3
T0005812865,1
T0005812867,1
T0005812871,1
T0005812875,2
T0005812877,2
T0005812880,2
T0005812881,3
T0005812882,2
T0005812885,2
T0005812890,2
T0005812891,2
T0005812894,2
T0005812896,1
T0005812899,3
T0005812901,3
T0005812902,3
T0005812904,1
T0005812905,3
T0005812909,2
T0005812910,2
T0005812911,2
T0005812916,2
T0005812917,2
T0005812918,2
T0005812919,2
T0005812921,2
T0005812924,3
T0005812928,2
T0005812930,1
T0005812932,2
T0005812933,1
T0005812934,3
T0005812937,2
T0005812938,2
T0005812940,2
T0005812942,3
T0005812944,2
T0005812945,3
T0005812949,1
T0005812953,2
T0005812954,3
T0005812958,3
T0005812963,2
T0005812964,2
T0005812965,2
T0005812967,3
T0005812972,2
T0005812973,2
T0005812977,3
T0005812981,2
T0005812982,2
T0005812983,3
T0005812984,2
T0005812987,2
T0005812989,2
T0005812990,1
T0005812998,3
T0005813002,3
T0005813003,2
T0005813005,1
T0005813006,3
T0005813012,2
T0005813015,2
T0005813022,2
T0005813023,3
T0005813024,3
T0005813026,2
T0005813027,3
T0005813028,3
T0005813030,1
T0005813035,1
T0005813036,2
T0005813043,3
T0005813044,1
T0005813047,1
T0005813048,2
T0005813049,1
T0005813050,2
T0005813051,2
T0005813054,2
T0005813056,3
T0005813059,2
T0005813060,3
T0005813064,1
T0005813065,3
T0005813070,1
T0005813072,3
T0005813073,2
T0005813074,2
T0005813076,3
T0005813078,2
T0005813082,2
T0005813086,2
T0005813089,3
T0005813090,2
T0005813091,1
T0005813092,1
T0005813094,3
T0005813099,3
T0005813101,2
T0005813103,2
T0005813104,1
T0005813105,3
T0005813119,2
T0005813121,1
T0005813124,2
T0005813128,2
T0005813129,2
T0005813133,3
T0005813134,3
T0005813135,2
T0005813138,3
T0005813141,2
T0005813142,2
T0005813143,2
T0005813145,2
T0005813151,1
T0005813153,1
T0005813154,3
T0005813157,3
T0005813158,3
T0005813160,3
T0005813166,3
T0005813170,3
T0005813172,2
T0005813173,1
T0005813174,2
T0005813176,2
T0005813177,2
T0005813178,1
T0005813181,2
T0005813185,2
T0005813191,2
T0005813194,3
T0005813196,1
T0005813197,2
T0005813198,3
T0005813199,3
T0005813200,2
T0005813201,1
T0005813203,2
T0005813204,2
T0005813206,3
T0005813207,2
T0005813208,2
T0005813210,3
T0005813211,3
T0005813216,1
T0005813217,3
T0005813221,1
T0005813225,2
T0005813226,2
T0005813235,2
T0005813236,3
T0005813237,3
T0005813239,2
T0005813241,2
T0005813242,1
T0005813243,2
T0005813244,2
T0005813245,1
T0005813246,3
T0005813247,2
T0005813249,2
T0005813252,3
T0005813254,2
T0005813256,1
T0005813257,2
T0005813258,2
T0005813259,2
T0005813260,2
T0005813261,3
T0005813263,3
T0005813265,1
T0005813267,2
T0005813268,1
T0005813272,2
T0005813273,2
T0005813276,3
T0005813281,2
T0005813284,2
T0005813285,2
T0005813286,2
T0005813287,1
T0005813288,2
T0005813289,3
T0005813294,2
T0005813296,3
T0005813299,3
T0005813308,2
T0005813309,1
T0005813310,3
T0005813311,2
T0005813315,3
T0005813316,2
T0005813318,2
T0005813321,2
T0005813322,2
T0005813324,2
T0005813326,1
T0005813327,2
T0005813329,3
T0005813330,3
T0005813331,1
T0005813339,3
T0005813340,1
T0005813345,3
T0005813347,1
T0005813350,2
T0005813351,2
T0005813352,3
T0005813357,3
T0005813358,1
T0005813360,3
T0005813363,1
T0005813365,1
T0005813370,2
T0005813373,2
T0005813384,3
T0005813393,2
T0005813395,2
T0005813396,3
T0005813397,2
T0005813401,2
T0005813402,2
T0005813404,3
T0005813408,1
T0005813410,3
T0005813413,2
T0005813415,2
T0005813418,2
T0005813420,2
T0005813421,3
T0005813426,1
T0005813431,3
T0005813434,1
T0005813439,1
T0005813440,1
T0005813444,2
T0005813445,3
T0005813446,2
T0005813447,3
T0005813448,2
T0005813450,2
T0005813451,1
T0005813454,1
T0005813455,2
T0005813459,2
T0005813460,3
T0005813461,3
T0005813462,2
T0005813463,1
T0005813464,3
T0005813469,2
T0005813470,3
T0005813472,1
T0005813475,2
T0005813476,2
T0005813477,1
T0005813482,2
T0005813485,1
T0005813487,2
T0005813488,2
T0005813495,3
T0005813499,2
T0005813501,2
T0005813502,2
T0005813505,1
T0005813509,2
T0005813514,2
T0005813516,2
T0005813517,2
T0005813518,3
T0005813519,2
T0005813520,2
T0005813523,3
T0005813529,1
T0005813530,1
T0005813535,3
T0005813536,2
T0005813537,3
T0005813538,1
T0005813540,3
T0005813542,3
T0005813543,1
T0005813544,1
T0005813547,1
T0005813548,1
T0005813549,1
T0005813553,1
T0005813556,3
T0005813557,2
T0005813558,1
T0005813559,2
T0005813562,2
T0005813568,1
T0005813569,2
T0005813574,2
T0005813576,2
T0005813577,1
T0005813579,1
T0005813580,2
T0005813584,2
T0005813589,2
T0005813593,2
T0005813602,3
T0005813603,2
T0005813605,2
T0005813607,3
T0005813609,2
T0005813611,3
T0005813618,2
T0005813619,2
T0005813622,3
T0005813626,2
T0005813627,2
T0005813629,3
T0005813630,3
T0005813632,1
T0005813635,3
T0005813643,2
T0005813648,3
T0005813649,2
T0005813650,2
T0005813653,2
T0005813656,2
T0005813658,3
T0005813661,2
T0005813665,2
T0005813669,3
T0005813670,2
T0005813672,2
T0005813675,3
T0005813676,2
T0005813677,3
T0005813679,3
T0005813680,3
T0005813683,2
T0005813684,3
T0005813688,2
T0005813690,3
T0005813693,2
T0005813696,2
T0005813697,3
T0005813700,1
T0005813701,2
T0005813703,1
T0005813705,1
T0005813706,3
T0005813708,3
T0005813709,2
T0005813711,2
T0005813714,3
T0005813718,3
T0005813721,3
T0005813723,1
T0005813725,2
T0005813727,2
T0005813728,2
T0005813729,2
T0005813730,2
T0005813731,1
T0005813735,1
T0005813737,2
T0005813739,3
T0005813742,3
T0005813747,3
T0005813748,1
T0005813749,3
T0005813754,2
T0005813755,2
T0005813757,2
T0005813758,3
T0005813764,2
T0005813766,2
T0005813767,2
T0005813773,3
T0005813774,2
T0005813775,3
T0005813777,3
T0005813780,2
T0005813781,2
T0005813786,3
T0005813788,2
T0005813789,2
T0005813794,2
T0005813797,1
T0005813800,1
T0005813801,3
T0005813803,3
T0005813804,2
T0005813805,1
T0005813810,2
T0005813811,2
T0005813812,1
T0005813819,2
T0005813820,2
T0005813821,1
T0005813822,1
T0005813824,3
T0005813825,1
T0005813833,3
T0005813834,3
T0005813835,1
T0005813836,3
T0005813838,2
T0005813839,2
T0005813847,2
T0005813849,2
T0005813851,3
T0005813853,2
T0005813854,3
T0005813856,3
T0005813859,1
T0005813861,1
T0005813862,2
T0005813864,2
T0005813867,1
T0005813869,2
T0005813871,2
T0005813875,3
T0005813880,3
T0005813881,3
T0005813883,2
T0005813885,2
T0005813889,1
T0005813891,2
T0005813892,3
T0005813893,3
T0005813898,3
T0005813905,2
T0005813906,3
T0005813913,3
T0005813914,2
T0005813917,1
T0005813918,2
T0005813920,2
T0005813927,3
T0005813928,1
T0005813932,2
T0005813935,2
T0005813936,1
T0005813937,2
T0005813939,2
T0005813940,3
T0005813946,2
T0005813949,2
T0005813951,2
T0005813953,1
T0005813954,2
T0005813957,1
T0005813959,1
T0005813963,3
T0005813966,2
T0005813971,3
T0005813975,2
T0005813980,2
T0005813981,2
T0005813984,2
T0005813985,2
T0005813987,1
T0005813988,3
T0005813989,1
T0005813990,2
T0005813992,2
T0005814006,3
T0005814007,2
T0005814009,2
T0005814011,3
T0005814016,2
T0005814017,2
T0005814021,2
T0005814022,2
T0005814027,1
T0005814028,1
T0005814031,2
T0005814033,2
T0005814034,3
T0005814035,3
T0005814037,2
T0005814040,2
T0005814042,2
T0005814044,1
T0005814055,1
T0005814062,2
T0005814063,3
T0005814066,2
T0005814073,3
T0005814077,3
T0005814078,3
T0005814079,2
T0005814081,1
T0005814083,2
T0005814085,2
T0005814087,1
T0005814090,3
T0005814094,1
T0005814096,2
T0005814098,2
T0005814102,2
T0005814105,2
T0005814107,3
T0005814110,3
T0005814114,3
T0005814115,1
T0005814116,1
T0005814118,2
T0005814123,3
T0005814128,1
T0005814129,2
T0005814137,3
T0005814140,3
T0005814141,3
T0005814146,2
T0005814147,2
T0005814151,2
T0005814155,1
T0005814157,2
T0005814158,2
T0005814159,3
T0005814163,3
T0005814166,3
T0005814168,2
T0005814169,2
T0005814170,2
T0005814171,1
T0005814172,2
T0005814174,3
T0005814175,3
T0005814176,2
T0005814177,2
T0005814179,2
T0005814180,1
T0005814183,3
T0005814186,3
T0005814187,1
T0005814188,3
T0005814192,3
T0005814195,3
T0005814197,3
T0005814198,2
T0005814208,2
T0005814211,2
T0005814212,1
T0005814213,2
T0005814214,2
T0005814215,3
T0005814217,3
T0005814221,2
T0005814222,2
T0005814225,2
T0005814227,2
T0005814233,2
T0005814235,2
T0005814236,3
T0005814237,3
T0005814238,3
T0005814242,2
T0005814245,2
T0005814246,2
T0005814247,2
T0005814249,2
T0005814253,2
T0005814254,1
T0005814257,3
T0005814258,3
T0005814259,2
T0005814261,3
T0005814264,2
T0005814265,2
T0005814268,2
T0005814271,3
T0005814273,2
T0005814277,2
T0005814279,3
T0005814280,2
T0005814287,2
T0005814289,2
T0005814290,2
T0005814291,3
T0005814293,3
T0005814296,2
T0005814302,2
T0005814307,2
T0005814308,3
T0005814309,1
T0005814310,2
T0005814311,2
T0005814314,2
T0005814318,1
T0005814323,3
T0005814326,3
T0005814327,2
T0005814328,3
T0005814329,2
T0005814330,3
T0005814331,1
T0005814335,2
T0005814336,2
T0005814342,2
T0005814345,3
T0005814346,2
T0005814350,3
T0005814353,2
T0005814355,2
T0005814357,2
T0005814358,3
T0005814359,3
T0005814360,2
T0005814364,2
T0005814368,3
T0005814370,2
T0005814371,3
T0005814372,2
T0005814381,2
T0005814382,1
T0005814384,2
T0005814387,2
T0005814389,3
T0005814395,2
T0005814398,2
T0005814400,2
T0005814401,2
T0005814402,1
T0005814403,1
T0005814405,3
T0005814406,2
T0005814407,3
T0005814408,3
T0005814409,3
T0005814410,2
T0005814411,3
T0005814412,2
T0005814414,2
T0005814417,3
T0005814418,2
T0005814422,2
T0005814424,2
T0005814425,3
T0005814427,2
T0005814428,2
T0005814430,2
T0005814432,2
T0005814433,3
T0005814436,3
T0005814437,2
T0005814438,2
T0005814440,2
T0005814441,2
T0005814442,2
T0005814443,2
T0005814444,2
T0005814445,2
T0005814448,3
T0005814449,2
T0005814450,2
T0005814451,3
T0005814452,3
T0005814453,2
T0005814456,3
T0005814458,2
T0005814462,2
T0005814465,1
T0005814470,3
T0005814472,2
T0005814473,1
T0005814474,3
T0005814475,3
T0005814477,2
T0005814478,3
T0005814480,3
T0005814487,3
T0005814489,2
T0005814490,1
T0005814493,3
T0005814498,2
T0005814502,1
T0005814503,2
T0005814507,2
T0005814512,3
T0005814513,2
T0005814514,1
T0005814521,2
T0005814526,3
T0005814527,1
T0005814528,2
T0005814534,2
T0005814537,2
T0005814544,2
T0005814545,3
T0005814546,2
T0005814548,3
T0005814549,1
T0005814550,2
T0005814551,2
T0005814555,3
T0005814558,1
T0005814560,1
T0005814561,3
T0005814563,2
T0005814565,3
T0005814567,1
T0005814574,3
T0005814576,3
T0005814577,2
T0005814578,1
T0005814579,2
T0005814582,2
T0005814583,2
T0005814584,2
T0005814588,2
T0005814592,2
T0005814595,1
T0005814596,2
T0005814602,2
T0005814604,2
T0005814606,3
T0005814610,2
T0005814616,2
T0005814617,2
T0005814618,2
T0005814620,3
T0005814621,1
T0005814622,1
T0005814623,2
T0005814625,2
T0005814626,3
T0005814627,2
T0005814628,2
T0005814630,3
T0005814631,3
T0005814634,3
T0005814635,3
T0005814636,1
T0005814638,3
T0005814640,1
T0005814645,3
T0005814646,3
T0005814648,3
T0005814649,1
T0005814650,1
T0005814651,2
T0005814653,2
T0005814655,2
T0005814666,2
T0005814672,2
T0005814675,3
T0005814677,2
T0005814682,3
T0005814685,2
T0005814688,3
T0005814692,2
T0005814695,1
T0005814702,2
T0005814706,3
T0005814708,1
T0005814709,2
T0005814711,3
T0005814712,2
T0005814713,3
T0005814716,2
T0005814717,2
T0005814718,1
T0005814720,3
T0005814723,2
T0005814727,2
T0005814728,2
T0005814730,3
T0005814733,2
T0005814736,2
T0005814739,2
T0005814740,2
T0005814742,2
T0005814746,2
T0005814749,3
T0005814751,2
T0005814752,3
T0005814756,2
T0005814757,2
T0005814759,3
T0005814760,3
T0005814767,2
T0005814768,3
T0005814769,2
T0005814770,1
T0005814771,2
T0005814775,3
T0005814783,2
T0005814787,2
T0005814792,2
T0005814795,2
T0005814797,2
T0005814805,2
T0005814806,2
T0005814807,3
T0005814813,1
T0005814814,1
T0005814816,2
T0005814821,2
T0005814822,2
T0005814824,2
T0005814828,2
T0005814829,2
T0005814831,3
T0005814832,2
T0005814836,2
T0005814839,3
T0005814840,3
T0005814841,2
T0005814842,3
T0005814843,3
T0005814844,2
T0005814846,2
T0005814847,2
T0005814848,3
T0005814853,1
T0005814854,2
T0005814856,3
T0005814859,3
T0005814860,2
T0005814863,3
T0005814867,2
T0005814869,3
T0005814871,1
T0005814873,3
T0005814875,2
T0005814877,2
T0005814882,3
T0005814884,2
T0005814885,2
T0005814887,3
T0005814888,2
T0005814890,2
T0005814897,3
T0005814900,2
T0005814902,2
T0005814908,2
T0005814909,1
T0005814910,3
T0005814913,1
T0005814914,3
T0005814915,3
T0005814917,3
T0005814919,3
T0005814924,2
T0005814926,3
T0005814928,1
T0005814933,2
T0005814934,3
T0005814935,2
T0005814936,2
T0005814938,3
T0005814940,2
T0005814941,3
T0005814947,2
T0005814948,2
T0005814953,2
T0005814955,2
T0005814957,3
T0005814959,3
T0005814962,3
T0005814964,1
T0005814967,3
T0005814968,2
T0005814969,2
T0005814971,3
T0005814972,2
T0005814973,2
T0005814976,1
T0005814977,2
T0005814978,3
T0005814980,3
T0005814981,2
T0005814983,3
T0005814984,1
T0005814985,3
T0005814986,1
T0005814992,2
T0005814994,2
T0005814997,2
T0005814999,2
T0005815000,2
T0005815001,3
T0005815009,2
T0005815012,2
T0005815014,3
T0005815017,2
T0005815020,3
T0005815021,3
T0005815022,2
T0005815023,2
T0005815026,2
T0005815037,2
T0005815042,2
T0005815044,3
T0005815047,2
T0005815048,3
T0005815049,2
T0005815054,2
T0005815057,3
T0005815060,2
T0005815061,3
T0005815062,2
T0005815064,3
T0005815066,3
T0005815068,2
T0005815073,2
T0005815074,2
T0005815075,2
T0005815076,2
T0005815079,2
T0005815080,2
T0005815084,2
T0005815088,3
T0005815090,1
T0005815092,2
T0005815094,3
T0005815095,3
T0005815099,2
T0005815101,1
T0005815103,2
T0005815106,2
T0005815110,3
T0005815111,2
T0005815112,2
T0005815117,1
T0005815119,3
T0005815120,2
T0005815122,2
T0005815124,2
T0005815125,2
T0005815132,1
T0005815135,3
T0005815137,3
T0005815138,2
T0005815139,2
T0005815140,3
T0005815142,2
T0005815143,3
T0005815144,2
T0005815147,2
T0005815148,2
T0005815149,2
T0005815154,2
T0005815156,2
T0005815158,3
T0005815160,1
T0005815161,3
T0005815163,2
T0005815173,1
T0005815174,2
T0005815176,2
T0005815177,2
T0005815178,1
T0005815179,3
T0005815181,2
T0005815185,3
T0005815191,2
T0005815192,1
T0005815193,2
T0005815196,3
T0005815198,2
T0005815205,2
T0005815209,1
T0005815210,2
T0005815211,3
T0005815213,2
T0005815215,1
T0005815223,1
T0005815224,1
T0005815226,2
T0005815227,2
T0005815229,2
T0005815230,2
T0005815231,2
T0005815232,3
T0005815233,2
T0005815234,2
T0005815235,2
T0005815237,2
T0005815239,3
T0005815242,2
T0005815245,1
T0005815246,2
T0005815247,2
T0005815251,2
T0005815252,2
T0005815253,3
T0005815255,2
T0005815256,3
T0005815257,3
T0005815259,1
T0005815260,1
T0005815261,2
T0005815264,3
T0005815272,1
T0005815273,1
T0005815280,2
T0005815286,1
T0005815289,3
T0005815291,2
T0005815292,3
T0005815294,2
T0005815299,2
T0005815300,2
T0005815302,1
T0005815305,2
T0005815307,3
T0005815308,2
T0005815310,1
T0005815311,2
T0005815313,1
T0005815314,2
T0005815316,2
T0005815319,2
T0005815324,3
T0005815325,3
T0005815326,2
T0005815330,2
T0005815332,2
T0005815335,2
T0005815342,1
T0005815345,2
T0005815346,3
T0005815347,2
T0005815348,1
T0005815349,3
T0005815352,3
T0005815353,3
T0005815355,2
T0005815358,1
T0005815368,3
T0005815370,1
T0005815371,3
T0005815375,2
T0005815378,3
T0005815382,2
T0005815383,1
T0005815384,2
T0005815387,1
T0005815388,2
T0005815393,3
T0005815395,2
T0005815398,3
T0005815400,2
T0005815403,1
T0005815404,3
T0005815412,3
T0005815417,2
T0005815423,2
T0005815424,3
T0005815425,3
T0005815428,1
T0005815430,2
T0005815433,3
T0005815434,2
T0005815436,1
T0005815437,2
T0005815440,2
T0005815445,3
T0005815448,2
T0005815450,1
T0005815451,1
T0005815461,2
T0005815462,2
T0005815466,1
T0005815475,3
T0005815476,1
T0005815479,2
T0005815481,2
T0005815483,2
T0005815485,2
T0005815493,3
T0005815495,3
T0005815496,2
T0005815505,3
T0005815507,2
T0005815509,1
T0005815515,2
T0005815516,2
T0005815518,3
T0005815519,1
T0005815520,1
T0005815521,1
T0005815523,2
T0005815524,1
T0005815525,2
T0005815526,2
T0005815528,3
T0005815532,2
T0005815534,2
T0005815536,3
T0005815538,2
T0005815540,3
T0005815542,3
T0005815543,3
T0005815544,3
T0005815548,3
T0005815551,2
T0005815552,3
T0005815553,2
T0005815555,2
T0005815556,3
T0005815565,2
T0005815578,2
T0005815579,3
T0005815580,3
T0005815582,2
T0005815584,2
T0005815587,2
T0005815592,2
T0005815594,3
T0005815598,3
T0005815599,1
T0005815600,3
T0005815602,3
T0005815604,3
T0005815606,3
T0005815609,2
T0005815613,3
T0005815616,2
T0005815617,1
T0005815619,3
T0005815621,2
T0005815622,2
T0005815623,3
T0005815627,2
T0005815628,1
T0005815629,3
T0005815631,3
T0005815633,1
T0005815634,3
T0005815636,1
T0005815638,2
T0005815642,2
T0005815644,3
T0005815645,2
T0005815647,3
T0005815649,1
T0005815650,2
T0005815651,3
T0005815652,2
T0005815655,2
T0005815656,2
T0005815657,1
T0005815661,1
T0005815662,2
T0005815663,2
T0005815665,3
T0005815668,2
T0005815670,3
T0005815671,2
T0005815672,2
T0005815673,1
T0005815675,2
T0005815676,2
T0005815677,2
T0005815681,2
T0005815686,3
T0005815687,1
T0005815690,2
T0005815693,2
T0005815694,2
T0005815697,2
T0005815701,3
T0005815704,3
T0005815706,2
T0005815707,1
T0005815711,3
T0005815715,1
T0005815716,2
T0005815717,2
T0005815718,1
T0005815719,3
T0005815721,3
T0005815726,3
T0005815727,1
T0005815729,3
T0005815732,2
T0005815735,2
T0005815737,1
T0005815738,3
T0005815740,2
T0005815741,2
T0005815744,1
T0005815745,2
T0005815747,2
T0005815752,2
T0005815756,1
T0005815757,3
T0005815762,3
T0005815764,1
T0005815768,2
T0005815769,2
T0005815770,3
T0005815771,2
T0005815773,2
T0005815774,3
T0005815775,2
T0005815776,3
T0005815778,3
T0005815781,2
T0005815785,2
T0005815786,3
T0005815788,1
T0005815789,2
T0005815793,2
T0005815794,2
T0005815798,3
T0005815799,3
T0005815807,1
T0005815808,2
T0005815825,2
T0005815827,3
T0005815829,3
T0005815830,3
T0005815837,2
T0005815840,2
T0005815843,3
T0005815847,3
T0005815852,1
T0005815853,3
T0005815855,2
T0005815856,3
T0005815861,2
T0005815862,2
T0005815864,2
T0005815869,3
T0005815875,2
T0005815881,3
T0005815882,3
T0005815883,2
T0005815884,2
T0005815890,2
T0005815894,2
T0005815896,3
T0005815898,2
T0005815903,2
T0005815905,2
T0005815907,3
T0005815908,1
T0005815910,1
T0005815912,2
T0005815916,2
T0005815918,3
T0005815919,2
T0005815922,2
T0005815924,1
T0005815925,3
T0005815929,2
T0005815930,3
T0005815933,2
T0005815939,1
T0005815941,2
T0005815945,2
T0005815948,2
T0005815949,2
T0005815951,2
T0005815955,3
T0005815956,2
T0005815957,3
T0005815961,2
T0005815963,2
T0005815965,2
T0005815966,2
T0005815968,1
T0005815969,2
T0005815970,1
T0005815971,3
T0005815976,3
T0005815980,2
T0005815981,1
T0005815982,2
T0005815983,2
T0005815986,2
T0005815988,2
T0005815992,3
T0005815994,1
T0005815998,2
T0005816000,2
T0005816001,2
T0005816002,2
T0005816004,2
T0005816006,3
T0005816009,1
T0005816010,2
T0005816011,3
T0005816012,2
T0005816016,3
T0005816019,2
T0005816023,3
T0005816026,3
T0005816028,2
T0005816029,2
T0005816032,1
T0005816037,2
T0005816038,2
T0005816040,2
T0005816046,2
T0005816048,1
T0005816050,1
T0005816052,1
T0005816054,1
T0005816056,3
T0005816057,2
T0005816058,1
T0005816063,2
T0005816066,2
T0005816069,1
T0005816070,2
T0005816071,2
T0005816074,3
T0005816075,3
T0005816077,3
T0005816078,3
T0005816079,1
T0005816080,1
T0005816081,2
T0005816084,2
T0005816085,2
T0005816087,3
T0005816089,3
T0005816091,2
T0005816092,2
T0005816093,3
T0005816095,1
T0005816097,2
T0005816103,2
T0005816111,3
T0005816112,2
T0005816113,2
T0005816115,2
T0005816116,1
T0005816125,1
T0005816128,2
T0005816129,2
T0005816132,3
T0005816143,2
T0005816144,3
T0005816145,1
T0005816146,2
T0005816148,3
T0005816149,3
T0005816152,3
T0005816159,1
T0005816162,2
T0005816163,2
T0005816165,3
T0005816166,2
T0005816168,3
T0005816169,1
T0005816171,2
T0005816172,2
T0005816174,1
T0005816175,1
T0005816179,2
T0005816182,3
T0005816186,2
T0005816188,1
T0005816191,1
T0005816192,2
T0005816193,2
T0005816194,1
T0005816195,2
T0005816197,2
T0005816198,1
T0005816199,1
T0005816200,3
T0005816202,3
T0005816204,3
T0005816209,3
T0005816213,1
T0005816216,1
T0005816220,2
T0005816224,3
T0005816226,2
T0005816228,2
T0005816232,2
T0005816233,3
T0005816234,1
T0005816235,2
T0005816240,2
T0005816241,1
T0005816242,1
T0005816243,2
T0005816244,2
T0005816248,2
T0005816250,3
T0005816251,3
T0005816255,3
T0005816256,1
T0005816258,2
T0005816260,2
T0005816263,3
T0005816264,2
T0005816267,3
T0005816269,1
T0005816277,1
T0005816279,3
T0005816280,2
T0005816281,3
T0005816283,2
T0005816285,2
T0005816286,2
T0005816290,3
T0005816292,3
T0005816293,1
T0005816296,2
T0005816298,2
T0005816305,2
T0005816307,2
T0005816312,2
T0005816313,2
T0005816316,3
T0005816317,2
T0005816318,3
T0005816321,2
T0005816324,3
T0005816327,1
T0005816328,2
T0005816329,2
T0005816331,3
T0005816333,2
T0005816337,1
T0005816338,3
T0005816343,2
T0005816346,2
T0005816348,1
T0005816349,2
T0005816353,2
T0005816356,3
T0005816360,1
T0005816363,3
T0005816368,3
T0005816372,2
T0005816373,1
T0005816377,2
T0005816385,2
T0005816393,1
T0005816395,2
T0005816399,1
T0005816405,3
T0005816406,3
T0005816407,2
T0005816408,2
T0005816409,3
T0005816410,2
T0005816416,1
T0005816417,2
T0005816418,1
T0005816426,3
T0005816430,3
T0005816432,2
T0005816436,3
T0005816437,2
T0005816438,3
T0005816441,2
T0005816444,3
T0005816448,2
T0005816449,1
T0005816451,2
T0005816452,3
T0005816454,1
T0005816457,2
T0005816462,3
T0005816464,1
T0005816467,3
T0005816468,3
T0005816472,1
T0005816473,2
T0005816483,3
T0005816485,2
T0005816490,2
T0005816492,2
T0005816494,2
T0005816495,2
T0005816496,2
T0005816499,3
T0005816500,2
T0005816501,3
T0005816502,2
T0005816508,1
T0005816509,3
T0005816510,1
T0005816519,3
T0005816520,2
T0005816522,2
T0005816524,2
T0005816529,2
T0005816530,3
T0005816531,1
T0005816532,2
T0005816543,2
T0005816544,2
T0005816547,3
T0005816548,2
T0005816551,2
T0005816556,3
T0005816561,2
T0005816563,2
T0005816567,3
T0005816573,3
T0005816575,3
T0005816577,1
T0005816579,2
T0005816585,2
T0005816586,2
T0005816596,1
T0005816600,2
T0005816602,1
T0005816607,3
T0005816609,2
T0005816611,2
T0005816612,2
T0005816614,1
T0005816615,1
T0005816619,1
T0005816620,2
T0005816622,3
T0005816623,1
T0005816624,1
T0005816632,2
T0005816633,3
T0005816635,1
T0005816637,3
T0005816640,3
T0005816642,3
T0005816643,2
T0005816646,2
T0005816647,2
T0005816649,2
T0005816651,3
T0005816658,2
T0005816659,1
T0005816661,1
T0005816663,2
T0005816665,2
T0005816672,1
T0005816673,2
T0005816676,3
T0005816681,2
T0005816682,2
T0005816684,2
T0005816689,3
T0005816692,2
T0005816693,3
T0005816695,2
T0005816696,2
T0005816699,3
T0005816701,2
T0005816702,1
T0005816703,1
T0005816706,2
T0005816707,2
T0005816715,1
T0005816717,2
T0005816718,3
T0005816719,2
T0005816720,2
T0005816724,3
T0005816727,2
T0005816729,3
T0005816730,2
T0005816731,1
T0005816734,2
T0005816735,2
T0005816736,3
T0005816738,3
T0005816739,2
T0005816740,2
T0005816747,3
T0005816748,1
T0005816750,2
T0005816752,1
T0005816753,2
T0005816755,1
T0005816756,2
T0005816759,3
T0005816761,3
T0005816763,2
T0005816764,2
T0005816766,3
T0005816768,1
T0005816774,2
T0005816780,3
T0005816781,3
T0005816782,2
T0005816783,2
T0005816784,2
T0005816787,2
T0005816790,2
T0005816792,3
T0005816794,3
T0005816796,1
T0005816797,2
T0005816800,2
T0005816804,2
T0005816805,2
T0005816808,2
T0005816809,3
T0005816810,2
T0005816813,2
T0005816814,2
T0005816815,3
T0005816816,2
T0005816817,2
T0005816818,3
T0005816820,3
T0005816824,2
T0005816825,2
T0005816826,3
T0005816832,3
T0005816833,3
T0005816834,2
T0005816837,2
T0005816844,2
T0005816845,3
T0005816851,2
T0005816852,2
T0005816854,2
T0005816857,3
T0005816858,2
T0005816865,2
T0005816868,3
T0005816869,2
T0005816873,2
T0005816875,2
T0005816878,2
T0005816879,1
T0005816884,2
T0005816889,3
T0005816894,3
T0005816898,2
T0005816901,3
T0005816903,3
T0005816904,3
T0005816905,3
T0005816912,3
T0005816914,2
T0005816915,2
T0005816916,2
T0005816917,2
T0005816919,2
T0005816920,2
T0005816921,2
T0005816922,2
T0005816923,1
T0005816925,1
T0005816927,1
T0005816931,2
T0005816933,3
T0005816938,1
T0005816944,2
T0005816947,2
T0005816948,1
T0005816949,2
T0005816952,2
T0005816954,2
T0005816956,3
T0005816958,2
T0005816959,2
T0005816960,2
T0005816962,3
T0005816963,3
T0005816965,2
T0005816967,2
T0005816969,3
T0005816975,3
T0005816977,2
T0005816982,1
T0005816984,2
T0005816986,3
T0005816989,3
T0005816991,3
T0005816995,2
T0005816996,2
T0005816997,3
T0005817000,1
T0005817003,2
T0005817005,2
T0005817010,2
T0005817013,2
T0005817014,2
T0005817018,2
T0005817019,1
T0005817020,1
T0005817021,2
T0005817023,2
T0005817026,2
T0005817028,2
T0005817029,2
T0005817030,3
T0005817031,2
T0005817032,2
T0005817034,2
T0005817035,2
T0005817040,2
T0005817043,2
T0005817048,2
T0005817049,2
T0005817055,2
T0005817056,2
T0005817057,2
T0005817060,2
T0005817063,2
T0005817064,2
T0005817066,3
T0005817068,1
T0005817077,2
T0005817078,3
T0005817081,3
T0005817082,2
T0005817083,1
T0005817085,3
T0005817087,2
T0005817088,3
T0005817092,2
T0005817097,1
T0005817098,2
T0005817100,1
T0005817107,3
T0005817109,2
T0005817112,2
T0005817115,3
T0005817117,2
T0005817118,2
T0005817119,3
T0005817121,2
T0005817123,3
T0005817124,1
T0005817125,3
T0005817127,3
T0005817134,2
T0005817139,3
T0005817144,3
T0005817145,2
T0005817148,1
T0005817149,2
T0005817152,2
T0005817153,3
T0005817155,3
T0005817156,2
T0005817161,1
T0005817166,1
T0005817168,3
T0005817170,2
T0005817172,1
T0005817173,2
T0005817174,1
T0005817175,3
T0005817179,3
T0005817185,3
T0005817189,2
T0005817193,2
T0005817194,3
T0005817196,2
T0005817199,2
T0005817200,1
T0005817204,2
T0005817206,2
T0005817207,2
T0005817208,1
T0005817211,1
T0005817212,2
T0005817214,2
T0005817217,3
T0005817219,2
T0005817221,2
T0005817224,3
T0005817227,2
T0005817228,2
T0005817232,3
T0005817233,2
T0005817237,2
T0005817238,3
T0005817240,2
T0005817243,2
T0005817244,1
T0005817245,2
T0005817247,2
T0005817254,1
T0005817257,2
T0005817263,2
T0005817265,3
T0005817268,2
T0005817270,2
T0005817272,3
T0005817273,1
T0005817274,3
T0005817275,1
T0005817279,2
T0005817280,3
T0005817281,2
T0005817287,3
T0005817288,3
T0005817290,1
T0005817292,1
T0005817294,2
T0005817297,2
T0005817299,3
T0005817302,2
T0005817303,1
T0005817305,3
T0005817307,1
T0005817308,3
T0005817312,2
T0005817314,2
T0005817315,2
T0005817321,3
T0005817322,3
T0005817323,3
T0005817325,2
T0005817327,3
T0005817334,2
T0005817336,3
T0005817337,3
T0005817338,3
T0005817339,3
T0005817340,2
T0005817344,2
T0005817349,3
T0005817350,1
T0005817351,1
T0005817352,1
T0005817354,2
T0005817355,1
T0005817356,1
T0005817359,2
T0005817360,3
T0005817361,2
T0005817362,2
T0005817364,3
T0005817369,2
T0005817370,3
T0005817374,3
T0005817377,2
T0005817378,2
T0005817379,1
T0005817380,2
T0005817383,3
T0005817388,3
T0005817389,3
T0005817390,3
T0005817391,2
T0005817393,1
T0005817395,3
T0005817397,2
T0005817401,2
T0005817402,3
T0005817403,2
T0005817405,3
T0005817407,3
T0005817412,1
T0005817414,2
T0005817417,3
T0005817419,1
T0005817421,1
T0005817424,3
T0005817427,2
T0005817429,2
T0005817430,2
T0005817434,3
T0005817435,1
T0005817438,3
T0005817439,3
T0005817445,1
T0005817449,3
T0005817452,3
T0005817453,2
T0005817455,2
T0005817457,2
T0005817459,2
T0005817460,3
T0005817465,2
T0005817468,2
T0005817469,3
T0005817477,3
T0005817479,3
T0005817483,1
T0005817487,2
T0005817488,2
T0005817492,1
T0005817493,3
T0005817497,2
T0005817500,3
T0005817505,2
T0005817510,2
T0005817511,1
T0005817517,2
T0005817522,3
T0005817523,3
T0005817527,2
T0005817529,3
T0005817530,3
T0005817538,3
T0005817540,2
T0005817545,3
T0005817547,1
T0005817549,2
T0005817553,2
T0005817555,2
T0005817556,2
T0005817557,3
T0005817558,2
T0005817559,2
T0005817561,2
T0005817565,2
T0005817566,3
T0005817570,2
T0005817572,3
T0005817573,1
T0005817574,1
T0005817584,3
T0005817586,1
T0005817588,3
T0005817591,2
T0005817592,2
T0005817594,2
T0005817599,3
T0005817600,3
T0005817601,2
T0005817602,2
T0005817604,3
T0005817605,3
T0005817616,2
T0005817618,3
T0005817619,2
T0005817620,2
T0005817621,3
T0005817622,3
T0005817624,3
T0005817625,2
T0005817626,2
T0005817627,3
T0005817628,1
T0005817633,3
T0005817637,2
T0005817638,2
T0005817639,2
T0005817642,2
T0005817644,3
T0005817645,1
T0005817651,3
T0005817654,3
T0005817655,2
T0005817656,2
T0005817657,3
T0005817660,2
T0005817661,1
T0005817665,3
T0005817669,3
T0005817670,1
T0005817672,1
T0005817676,3
T0005817679,2
T0005817680,2
T0005817684,1
T0005817688,1
T0005817689,3
T0005817694,1
T0005817695,2
T0005817698,1
T0005817699,2
T0005817700,2
T0005817701,3
T0005817702,2
T0005817703,1
T0005817704,2
T0005817713,3
T0005817716,2
T0005817717,3
T0005817720,2
T0005817721,3
T0005817722,3
T0005817725,3
T0005817727,2
T0005817728,3
T0005817736,1
T0005817740,2
T0005817741,1
T0005817742,1
T0005817743,1
T0005817747,2
T0005817750,2
T0005817751,2
T0005817752,2
T0005817757,2
T0005817764,2
T0005817774,1
T0005817775,3
T0005817777,1
T0005817778,2
T0005817779,3
T0005817788,3
T0005817791,2
T0005817792,1
T0005817794,2
T0005817795,1
T0005817798,1
T0005817799,2
T0005817800,2
T0005817801,2
T0005817802,1
T0005817803,3
T0005817804,2
T0005817806,2
T0005817807,2
T0005817809,2
T0005817812,2
T0005817821,2
T0005817822,3
T0005817826,1
T0005817829,2
T0005817830,1
T0005817833,2
T0005817834,2
T0005817840,1
T0005817841,2
T0005817844,1
T0005817846,2
T0005817847,2
T0005817848,2
T0005817849,3
T0005817850,1
T0005817853,1
T0005817854,2
T0005817857,2
T0005817860,2
T0005817861,2
T0005817862,3
T0005817868,3
T0005817871,2
T0005817876,2
T0005817877,1
T0005817878,2
T0005817881,2
T0005817882,3
T0005817883,2
T0005817888,2
T0005817891,2
T0005817899,1
T0005817903,2
T0005817904,3
T0005817906,1
T0005817910,2
T0005817912,2
T0005817915,3
T0005817916,3
T0005817921,2
T0005817927,2
T0005817928,1
T0005817930,3
T0005817932,1
T0005817934,3
T0005817936,2
T0005817940,2
T0005817941,2
T0005817942,1
T0005817948,2
T0005817949,3
T0005817951,3
T0005817952,3
T0005817955,3
T0005817956,1
T0005817958,3
T0005817961,2
T0005817962,2
T0005817963,1
T0005817965,2
T0005817971,3
T0005817972,2
T0005817974,2
T0005817975,2
T0005817976,2
T0005817982,2
T0005817983,2
T0005817989,2
T0005817992,2
T0005817994,3
T0005817997,3
T0005818000,3
T0005818003,2
T0005818005,3
T0005818006,3
T0005818008,1
T0005818009,3
T0005818010,3
T0005818011,2
T0005818012,2
T0005818014,1
T0005818017,2
T0005818018,2
T0005818020,3
T0005818021,2
T0005818026,3
T0005818028,2
T0005818029,2
T0005818030,3
T0005818032,2
T0005818033,2
T0005818038,2
T0005818039,2
T0005818040,2
T0005818042,1
T0005818043,1
T0005818048,2
T0005818051,2
T0005818055,2
T0005818059,1
T0005818060,3
T0005818066,1
T0005818067,2
T0005818070,1
T0005818072,3
T0005818073,1
T0005818074,2
T0005818076,2
T0005818079,1
T0005818081,3
T0005818086,2
T0005818088,1
T0005818094,3
T0005818095,2
T0005818099,1
T0005818101,3
T0005818103,1
T0005818105,1
T0005818106,2
T0005818110,1
T0005818112,3
T0005818114,3
T0005818117,3
T0005818118,1
T0005818120,3
T0005818122,3
T0005818124,2
T0005818127,2
T0005818128,3
T0005818129,3
T0005818134,1
T0005818135,2
T0005818139,3
T0005818142,3
T0005818149,1
T0005818151,3
T0005818152,2
T0005818160,2
T0005818165,3
T0005818166,3
T0005818167,2
T0005818172,1
T0005818175,3
T0005818176,2
T0005818179,1
T0005818180,2
T0005818181,3
T0005818183,3
T0005818186,3
T0005818187,1
T0005818188,2
T0005818190,1
T0005818194,2
T0005818198,3
T0005818200,1
T0005818202,1
T0005818204,3
T0005818205,2
T0005818206,2
T0005818211,3
T0005818215,3
T0005818218,2
T0005818219,3
T0005818220,2
T0005818221,3
T0005818222,2
T0005818223,3
T0005818224,1
T0005818231,2
T0005818233,2
T0005818234,1
T0005818235,2
T0005818237,2
T0005818238,2
T0005818242,1
T0005818244,2
T0005818250,2
T0005818251,2
T0005818252,3
T0005818255,2
T0005818256,2
T0005818264,2
T0005818265,3
T0005818266,3
T0005818268,2
T0005818269,2
T0005818270,2
T0005818275,1
T0005818280,1
T0005818281,2
T0005818284,2
T0005818285,1
T0005818287,2
T0005818288,3
T0005818289,2
T0005818292,2
T0005818293,2
T0005818298,3
T0005818299,3
T0005818306,2
T0005818311,1
T0005818312,2
T0005818315,2
T0005818317,1
T0005818321,2
T0005818324,3
T0005818325,2
T0005818327,2
T0005818329,3
T0005818331,2
T0005818335,3
T0005818336,2
T0005818337,3
T0005818341,1
T0005818342,3
T0005818344,2
T0005818348,3
T0005818351,3
T0005818353,1
T0005818355,1
T0005818357,1
T0005818359,3
T0005818367,2
T0005818368,1
T0005818370,1
T0005818373,2
T0005818374,2
T0005818375,1
T0005818377,2
T0005818378,2
T0005818380,1
T0005818381,2
T0005818382,3
T0005818383,3
T0005818384,2
T0005818387,2
T0005818388,2
T0005818389,2
T0005818390,3
T0005818393,2
T0005818395,1
T0005818399,2
T0005818404,3
T0005818406,3
T0005818410,3
T0005818411,2
T0005818413,3
T0005818421,2
T0005818422,1
T0005818423,2
T0005818424,3
T0005818425,2
T0005818429,3
T0005818434,1
T0005818437,2
T0005818438,2
T0005818440,3
T0005818443,2
T0005818448,2
T0005818449,3
T0005818451,1
T0005818454,3
T0005818455,2
T0005818458,1
T0005818459,3
T0005818460,3
T0005818466,3
T0005818467,3
T0005818468,1
T0005818471,3
T0005818473,1
T0005818481,2
T0005818482,2
T0005818485,2
T0005818487,1
T0005818488,2
T0005818489,2
T0005818491,2
T0005818495,2
T0005818496,1
T0005818500,3
T0005818501,1
T0005818504,3
T0005818505,1
T0005818508,2
T0005818510,3
T0005818511,2
T0005818512,2
T0005818513,1
T0005818516,1
T0005818517,3
T0005818521,3
T0005818522,1
T0005818524,3
T0005818525,3
T0005818528,2
T0005818529,3
T0005818531,3
T0005818538,2
T0005818539,3
T0005818540,3
T0005818544,2
T0005818545,2
T0005818548,3
T0005818552,3
T0005818553,1
T0005818556,1
T0005818557,3
T0005818560,2
T0005818561,1
T0005818563,3
T0005818566,2
T0005818572,2
T0005818573,2
T0005818577,3
T0005818579,2
T0005818582,2
T0005818583,3
T0005818584,1
T0005818585,2
T0005818586,3
T0005818587,2
T0005818588,3
T0005818590,1
T0005818591,1
T0005818593,2
T0005818597,2
T0005818602,3
T0005818604,3
T0005818606,1
T0005818608,1
T0005818611,2
T0005818612,1
T0005818614,2
T0005818615,2
T0005818620,1
T0005818622,2
T0005818624,1
T0005818626,3
T0005818628,3
T0005818629,2
T0005818630,3
T0005818631,2
T0005818636,2
T0005818637,2
T0005818639,2
T0005818646,2
T0005818647,1
T0005818648,2
T0005818650,1
T0005818652,3
T0005818653,1
T0005818654,3
T0005818659,2
T0005818660,2
T0005818661,2
T0005818663,2
T0005818664,2
T0005818668,2
T0005818670,1
T0005818671,3
T0005818672,1
T0005818673,3
T0005818680,3
T0005818683,3
T0005818684,2
T0005818685,2
T0005818688,2
T0005818692,3
T0005818693,2
T0005818701,3
T0005818704,2
T0005818705,2
T0005818707,3
T0005818712,2
T0005818713,3
T0005818715,1
T0005818716,3
T0005818718,3
T0005818725,3
T0005818728,3
T0005818729,1
T0005818730,3
T0005818733,1
T0005818736,1
T0005818737,3
T0005818740,1
T0005818743,2
T0005818746,1
T0005818747,3
T0005818748,3
T0005818750,2
T0005818756,2
T0005818759,2
T0005818760,2
T0005818761,2
T0005818767,2
T0005818771,1
T0005818775,1
T0005818776,2
T0005818778,2
T0005818779,1
T0005818785,2
T0005818789,1
T0005818792,3
T0005818795,2
T0005818799,3
T0005818803,2
T0005818805,3
T0005818809,1
T0005818812,2
T0005818814,2
T0005818815,1
T0005818816,2
T0005818817,2
T0005818819,1
T0005818824,2
T0005818826,2
T0005818827,3
T0005818829,3
T0005818835,2
T0005818839,2
T0005818841,2
T0005818842,2
T0005818848,2
T0005818850,3
T0005818851,2
T0005818853,1
T0005818855,3
T0005818860,2
T0005818863,2
T0005818866,2
T0005818870,3
T0005818872,2
T0005818877,2
T0005818880,2
T0005818881,3
T0005818889,1
T0005818890,2
T0005818893,3
T0005818894,1
T0005818899,2
T0005818903,2
T0005818907,1
T0005818908,2
T0005818911,2
T0005818916,2
T0005818919,1
T0005818923,3
T0005818924,2
T0005818926,2
T0005818927,3
T0005818930,3
T0005818932,2
T0005818934,2
T0005818938,3
T0005818940,3
T0005818946,2
T0005818948,3
T0005818953,3
T0005818958,1
T0005818959,2
T0005818960,2
T0005818962,2
T0005818965,1
T0005818967,2
T0005818973,3
T0005818975,1
T0005818978,1
T0005818979,2
T0005818981,2
T0005818984,3
T0005818985,3
T0005818987,2
T0005818994,2
T0005818996,1
T0005818999,3
T0005819000,2
T0005819002,3
T0005819004,2
T0005819007,3
T0005819009,3
T0005819011,1
T0005819012,2
T0005819013,2
T0005819014,3
T0005819015,3
T0005819016,2
T0005819023,2
T0005819025,1
T0005819026,1
T0005819027,1
T0005819029,3
T0005819032,2
T0005819034,1
T0005819035,3
T0005819037,2
T0005819038,3
T0005819039,3
T0005819040,3
T0005819042,3
T0005819043,2
T0005819044,1
T0005819045,1
T0005819046,2
T0005819047,3
T0005819049,2
T0005819051,2
T0005819057,1
T0005819060,2
T0005819063,3
T0005819072,1
T0005819073,1
T0005819076,2
T0005819079,3
T0005819081,3
T0005819082,2
T0005819092,1
T0005819093,1
T0005819094,3
T0005819103,3
T0005819104,3
T0005819105,2
T0005819106,2
T0005819107,3
T0005819108,2
T0005819110,2
T0005819111,2
T0005819113,3
T0005819115,3
T0005819116,3
T0005819118,2
T0005819121,2
T0005819122,2
T0005819123,3
T0005819126,1
T0005819127,2
T0005819130,1
T0005819132,3
T0005819134,2
T0005819135,2
T0005819137,3
T0005819139,1
T0005819141,1
T0005819153,3
T0005819155,1
T0005819161,1
T0005819163,2
T0005819164,3
T0005819167,2
T0005819173,1
T0005819174,3
T0005819177,3
T0005819180,2
T0005819181,3
T0005819183,3
T0005819186,2
T0005819187,2
T0005819189,2
T0005819191,2
T0005819194,3
T0005819195,1
T0005819198,1
T0005819201,1
T0005819203,2
T0005819204,2
T0005819205,3
T0005819207,2
T0005819209,1
T0005819210,1
T0005819213,1
T0005819215,2
T0005819216,2
T0005819217,3
T0005819222,3
T0005819224,1
T0005819229,3
T0005819231,1
T0005819232,1
T0005819237,2
T0005819238,2
T0005819242,3
T0005819246,3
T0005819247,2
T0005819248,2
T0005819249,3
T0005819251,1
T0005819252,2
T0005819254,3
T0005819258,2
T0005819260,1
T0005819261,2
T0005819267,2
T0005819269,3
T0005819273,2
T0005819274,1
T0005819278,3
T0005819279,3
T0005819282,3
T0005819284,3
T0005819287,1
T0005819288,1
T0005819290,2
T0005819291,2
T0005819293,2
T0005819295,2
T0005819297,3
T0005819299,2
T0005819300,3
T0005819302,3
T0005819315,3
T0005819321,2
T0005819322,1
T0005819323,1
T0005819326,3
T0005819331,2
T0005819333,2
T0005819335,2
T0005819339,3
T0005819340,2
T0005819345,1
T0005819348,2
T0005819361,2
T0005819364,1
T0005819367,1
T0005819368,3
T0005819371,3
T0005819378,1
T0005819381,2
T0005819391,2
T0005819392,3
T0005819394,3
T0005819397,2
T0005819398,3
T0005819402,2
T0005819406,3
T0005819407,2
T0005819410,2
T0005819411,1
T0005819412,3
T0005819413,1
T0005819414,2
T0005819417,1
T0005819419,2
T0005819420,2
T0005819421,1
T0005819423,2
T0005819425,2
T0005819427,2
T0005819429,3
T0005819430,2
T0005819433,2
T0005819434,2
T0005819435,2
T0005819437,3
T0005819440,2
T0005819446,1
T0005819452,1
T0005819453,3
T0005819454,3
T0005819456,2
T0005819458,2
T0005819467,1
T0005819470,1
T0005819471,1
T0005819473,2
T0005819480,3
T0005819485,1
T0005819488,3
T0005819490,2
T0005819493,2
T0005819496,3
T0005819497,1
T0005819500,2
T0005819504,2
T0005819506,2
T0005819510,1
T0005819514,3
T0005819518,3
T0005819519,1
T0005819520,1
T0005819522,3
T0005819523,2
T0005819528,2
T0005819531,3
T0005819536,2
T0005819539,1
T0005819541,2
T0005819542,3
T0005819544,3
T0005819548,2
T0005819551,3
T0005819552,3
T0005819553,1
T0005819554,2
T0005819558,3
T0005819560,2
T0005819561,3
T0005819563,2
T0005819564,2
T0005819567,1
T0005819570,3
T0005819572,3
T0005819573,2
T0005819575,3
T0005819577,2
T0005819580,3
T0005819581,3
T0005819583,1
T0005819585,1
T0005819586,2
T0005819587,3
T0005819588,2
T0005819589,2
T0005819593,2
T0005819594,3
T0005819596,2
T0005819597,3
T0005819598,2
T0005819599,2
T0005819602,1
T0005819603,1
T0005819609,2
T0005819610,3
T0005819615,2
T0005819616,3
T0005819618,3
T0005819620,1
T0005819623,3
T0005819624,3
T0005819625,2
T0005819627,2
T0005819630,3
T0005819638,1
T0005819639,3
T0005819640,3
T0005819642,3
T0005819644,1
T0005819648,2
T0005819653,2
T0005819654,2
T0005819655,2
T0005819658,2
T0005819659,2
T0005819664,2
T0005819665,3
T0005819667,2
T0005819670,1
T0005819675,1
T0005819676,3
T0005819683,2
T0005819685,1
T0005819687,3
T0005819690,3
T0005819691,1
T0005819692,2
T0005819695,3
T0005819701,2
T0005819703,2
T0005819713,1
T0005819718,2
T0005819719,3
T0005819720,1
T0005819721,2
T0005819722,2
T0005819723,2
T0005819726,2
T0005819729,2
T0005819732,3
T0005819737,3
T0005819739,3
T0005819740,1
T0005819746,2
T0005819747,1
T0005819749,2
T0005819751,2
T0005819752,3
T0005819753,2
T0005819754,2
T0005819755,1
T0005819756,2
T0005819757,3
T0005819760,1
T0005819763,3
T0005819764,3
T0005819765,3
T0005819767,2
T0005819769,3
T0005819773,2
T0005819777,1
T0005819780,3
T0005819781,3
T0005819790,2
T0005819796,3
T0005819799,2
T0005819800,1
T0005819802,1
T0005819803,1
T0005819804,1
T0005819805,3
T0005819808,3
T0005819809,3
T0005819812,2
T0005819815,2
T0005819818,3
T0005819820,2
T0005819823,1
T0005819824,1
T0005819825,2
T0005819826,3
T0005819830,2
T0005819832,2
T0005819839,1
T0005819840,1
T0005819841,3
T0005819842,1
T0005819845,3
T0005819846,1
T0005819849,2
T0005819850,1
T0005819851,3
T0005819855,1
T0005819870,2
T0005819871,3
T0005819872,3
T0005819876,2
T0005819877,2
T0005819878,3
T0005819879,1
T0005819882,3
T0005819883,2
T0005819885,2
T0005819891,2
T0005819896,3
T0005819897,1
T0005819899,2
T0005819903,1
T0005819905,2
T0005819907,1
T0005819908,3
T0005819912,3
T0005819914,3
T0005819918,1
T0005819919,3
T0005819921,3
T0005819925,2
T0005819933,2
T0005819934,2
T0005819936,3
T0005819938,2
T0005819940,3
T0005819941,1
T0005819942,3
T0005819948,3
T0005819950,1
T0005819951,1
T0005819952,1
T0005819954,1
T0005819956,1
T0005819958,2
T0005819962,2
T0005819963,1
T0005819964,3
T0005819965,1
T0005819967,3
T0005819976,2
T0005819978,2
T0005819981,2
T0005819985,2
T0005819988,2
T0005819990,1
T0005819991,1
T0005819994,3
T0005819998,3
T0005819999,1
T0005820001,1
T0005820002,2
T0005820005,2
T0005820008,3
T0005820009,3
T0005820010,2
T0005820013,2
T0005820014,2
T0005820017,3
T0005820018,2
T0005820021,3
T0005820023,2
T0005820024,2
T0005820025,2
T0005820027,3
T0005820028,3
T0005820029,2
T0005820031,2
T0005820032,2
T0005820034,3
T0005820038,2
T0005820044,1
T0005820047,2
T0005820048,2
T0005820050,3
T0005820051,2
T0005820053,2
T0005820057,1
T0005820058,1
T0005820059,2
T0005820064,3
T0005820067,3
T0005820069,2
T0005820071,3
T0005820073,3
T0005820074,2
T0005820076,2
T0005820077,3
T0005820080,2
T0005820084,2
T0005820085,2
T0005820087,3
T0005820088,2
T0005820089,3
T0005820090,2
T0005820092,2
T0005820094,2
T0005820095,1
T0005820100,3
T0005820102,2
T0005820108,2
T0005820111,3
T0005820115,3
T0005820116,3
T0005820119,1
T0005820120,1
T0005820123,2
T0005820125,2
T0005820127,3
T0005820130,2
T0005820135,3
T0005820137,3
T0005820138,3
T0005820139,2
T0005820141,2
T0005820146,2
T0005820149,2
T0005820150,1
T0005820152,1
T0005820155,2
T0005820163,2
T0005820164,2
T0005820167,2
T0005820168,3
T0005820169,2
T0005820170,1
T0005820171,3
T0005820172,2
T0005820176,2
T0005820177,2
T0005820179,2
T0005820180,3
T0005820181,1
T0005820183,1
T0005820184,1
T0005820186,2
T0005820189,2
T0005820195,2
T0005820198,2
T0005820200,2
T0005820209,2
T0005820213,2
T0005820215,2
T0005820216,2
T0005820217,2
T0005820221,3
T0005820225,3
T0005820226,2
T0005820229,2
T0005820231,1
T0005820234,1
T0005820235,2
T0005820241,2
T0005820252,1
T0005820256,2
T0005820259,2
T0005820261,3
T0005820264,2
T0005820265,3
T0005820268,3
T0005820269,2
T0005820270,3
T0005820272,2
T0005820274,2
T0005820279,3
T0005820283,1
T0005820284,3
T0005820286,2
T0005820290,1
T0005820297,1
T0005820298,1
T0005820300,3
T0005820301,2
T0005820306,1
T0005820307,3
T0005820309,2
T0005820310,2
T0005820311,1
T0005820313,1
T0005820318,3
T0005820319,2
T0005820326,2
T0005820329,2
T0005820330,2
T0005820332,3
T0005820335,2
T0005820339,2
T0005820342,2
T0005820343,3
T0005820348,2
T0005820349,2
T0005820350,2
T0005820355,2
T0005820356,2
T0005820359,1
T0005820361,1
T0005820364,1
T0005820367,2
T0005820368,3
T0005820373,1
T0005820375,3
T0005820376,2
T0005820377,2
T0005820379,2
T0005820383,3
T0005820384,2
T0005820387,3
T0005820388,2
T0005820392,2
T0005820393,2
T0005820395,3
T0005820396,1
T0005820397,1
T0005820400,3
T0005820402,1
T0005820408,2
T0005820410,3
T0005820414,3
T0005820416,2
T0005820418,3
T0005820419,2
T0005820420,1
T0005820422,2
T0005820427,1
T0005820428,2
T0005820429,2
T0005820431,2
T0005820432,2
T0005820439,2
T0005820443,2
T0005820445,2
T0005820448,2
T0005820450,3
T0005820454,1
T0005820457,1
T0005820458,2
T0005820462,2
T0005820465,3
T0005820467,2
T0005820468,3
T0005820470,1
T0005820471,3
T0005820475,2
T0005820478,2
T0005820479,3
T0005820481,3
T0005820482,3
T0005820483,3
T0005820484,2
T0005820491,2
T0005820492,1
T0005820493,2
T0005820495,2
T0005820496,2
T0005820497,2
T0005820499,1
T0005820501,2
T0005820505,1
T0005820507,3
T0005820508,3
T0005820510,3
T0005820511,2
T0005820516,2
T0005820519,3
T0005820520,1
T0005820521,3
T0005820523,1
T0005820524,1
T0005820525,2
T0005820529,1
T0005820535,2
T0005820536,2
T0005820537,3
T0005820542,1
T0005820545,2
T0005820547,2
T0005820550,2
T0005820555,1
T0005820556,3
T0005820558,2
T0005820559,1
T0005820561,2
T0005820562,2
T0005820563,3
T0005820566,3
T0005820568,1
T0005820569,1
T0005820572,2
T0005820582,2
T0005820584,1
T0005820587,2
T0005820589,2
T0005820593,1
T0005820594,1
T0005820597,2
T0005820601,1
T0005820608,3
T0005820610,2
T0005820618,3
T0005820621,3
T0005820627,2
T0005820628,3
T0005820631,2
T0005820633,2
T0005820635,2
T0005820636,3
T0005820637,1
T0005820638,2
T0005820642,2
T0005820645,2
T0005820646,2
T0005820649,2
T0005820650,1
T0005820656,3
T0005820657,2
T0005820658,2
T0005820659,3
T0005820660,3
T0005820662,2
T0005820665,3
T0005820666,1
T0005820673,2
T0005820674,2
T0005820679,2
T0005820683,1
T0005820687,2
T0005820688,2
T0005820689,2
T0005820693,1
T0005820697,2
T0005820698,2
T0005820699,2
T0005820702,1
T0005820703,3
T0005820714,1
T0005820718,2
T0005820719,2
T0005820720,2
T0005820721,2
T0005820723,1
T0005820727,3
T0005820737,3
T0005820747,3
T0005820749,3
T0005820753,1
T0005820754,2
T0005820757,1
T0005820760,3
T0005820763,1
T0005820764,1
T0005820768,2
T0005820769,3
T0005820775,2
T0005820776,1
T0005820777,2
T0005820778,1
T0005820780,2
T0005820781,1
T0005820786,3
T0005820790,2
T0005820792,2
T0005820794,1
T0005820795,3
T0005820796,2
T0005820804,2
T0005820805,3
T0005820810,3
T0005820811,2
T0005820812,2
T0005820815,3
T0005820816,2
T0005820818,2
T0005820819,3
T0005820821,2
T0005820822,3
T0005820824,1
T0005820827,2
T0005820828,3
T0005820830,1
T0005820831,1
T0005820833,2
T0005820834,3
T0005820837,2
T0005820839,2
T0005820844,3
T0005820845,2
T0005820847,1
T0005820849,2
T0005820850,2
T0005820852,3
T0005820857,2
T0005820858,2
T0005820859,2
T0005820860,3
T0005820863,2
T0005820865,2
T0005820869,3
T0005820870,2
T0005820874,2
T0005820875,2
T0005820876,3
T0005820878,3
T0005820879,2
T0005820881,3
T0005820885,3
T0005820890,3
T0005820894,3
T0005820895,3
T0005820901,1
T0005820903,1
T0005820908,3
T0005820909,3
T0005820910,1
T0005820913,3
T0005820914,3
T0005820915,2
T0005820918,2
T0005820921,2
T0005820923,2
T0005820928,2
T0005820929,3
T0005820930,1
T0005820934,3
T0005820936,1
T0005820941,3
T0005820945,1
T0005820946,1
T0005820949,2
T0005820951,2
T0005820952,1
T0005820955,1
T0005820957,3
T0005820959,1
T0005820962,2
T0005820965,2
T0005820966,3
T0005820967,1
T0005820974,2
T0005820975,2
T0005820980,3
T0005820981,2
T0005820983,3
T0005820992,1
T0005820994,1
T0005820995,3
T0005820997,2
T0005820999,2
T0005821000,2
T0005821001,2
T0005821004,3
T0005821005,3
T0005821006,2
T0005821007,2
T0005821014,2
T0005821018,1
T0005821019,3
T0005821022,2
T0005821023,2
T0005821030,2
T0005821033,2
T0005821037,2
T0005821038,1
T0005821039,3
T0005821041,3
T0005821046,1
T0005821047,2
T0005821049,2
T0005821051,1
T0005821053,1
T0005821055,2
T0005821060,1
T0005821061,3
T0005821067,3
T0005821072,3
T0005821076,2
T0005821077,1
T0005821078,2
T0005821079,3
T0005821082,2
T0005821083,1
T0005821085,1
T0005821087,2
T0005821088,2
T0005821089,2
T0005821090,2
T0005821094,1
T0005821096,2
T0005821098,2
T0005821099,1
T0005821105,2
T0005821107,1
T0005821110,2
T0005821115,1
T0005821120,3
T0005821121,2
T0005821128,1
T0005821134,2
T0005821136,2
T0005821141,3
T0005821142,1
T0005821143,2
T0005821144,3
T0005821145,2
T0005821146,1
T0005821148,3
T0005821151,3
T0005821152,2
T0005821153,2
T0005821156,2
T0005821160,1
T0005821162,3
T0005821164,2
T0005821172,2
T0005821173,2
T0005821177,1
T0005821178,2
T0005821180,2
T0005821183,3
T0005821191,2
T0005821193,3
T0005821197,1
T0005821203,3
T0005821206,3
T0005821207,3
T0005821208,1
T0005821209,3
T0005821210,2
T0005821211,3
T0005821212,1
T0005821214,2
T0005821216,2
T0005821218,3
T0005821219,2
T0005821220,3
T0005821222,1
T0005821225,2
T0005821226,2
T0005821228,2
T0005821230,2
T0005821243,3
T0005821246,1
T0005821249,2
T0005821250,1
T0005821251,2
T0005821254,2
T0005821255,3
T0005821256,2
T0005821257,2
T0005821258,2
T0005821261,2
T0005821262,2
T0005821263,3
T0005821265,2
T0005821267,2
T0005821269,2
T0005821270,3
T0005821272,2
T0005821273,3
T0005821274,2
T0005821275,3
T0005821276,1
T0005821277,3
T0005821279,3
T0005821282,3
T0005821287,2
T0005821288,2
T0005821290,3
T0005821292,3
T0005821294,2
T0005821300,3
T0005821307,2
T0005821308,3
T0005821309,3
T0005821311,3
T0005821314,3
T0005821316,1
T0005821317,2
T0005821319,3
T0005821320,3
T0005821322,2
T0005821329,3
T0005821330,2
T0005821334,1
T0005821336,1
T0005821339,3
T0005821344,2
T0005821346,2
T0005821347,1
T0005821350,1
T0005821351,2
T0005821355,2
T0005821359,1
T0005821361,2
T0005821362,2
T0005821369,2
T0005821375,2
T0005821378,1
T0005821386,2
T0005821388,3
T0005821390,2
T0005821392,1
T0005821394,2
T0005821401,2
T0005821403,2
T0005821406,1
T0005821407,1
T0005821408,3
T0005821409,2
T0005821410,3
T0005821412,3
T0005821422,3
T0005821434,2
T0005821436,3
T0005821440,3
T0005821442,2
T0005821443,2
T0005821445,2
T0005821450,2
T0005821451,2
T0005821452,3
T0005821455,2
T0005821456,2
T0005821457,1
T0005821459,3
T0005821460,1
T0005821461,2
T0005821462,3
T0005821465,2
T0005821467,1
T0005821471,2
T0005821472,3
T0005821473,2
T0005821474,2
T0005821475,2
T0005821485,3
T0005821487,3
T0005821490,3
T0005821491,3
T0005821492,2
T0005821494,3
T0005821500,3
T0005821502,2
T0005821505,3
T0005821506,2
T0005821513,2
T0005821520,2
T0005821521,2
T0005821522,2
T0005821524,3
T0005821525,2
T0005821527,2
T0005821528,2
T0005821529,2
T0005821531,2
T0005821534,1
T0005821536,3
T0005821537,2
T0005821538,3
T0005821539,2
T0005821542,2
T0005821545,1
T0005821547,2
T0005821551,3
T0005821555,2
T0005821558,1
T0005821559,3
T0005821560,3
T0005821563,2
T0005821564,2
T0005821570,2
T0005821572,2
T0005821574,3
T0005821575,2
T0005821576,2
T0005821577,1
T0005821579,2
T0005821580,3
T0005821581,3
T0005821583,3
T0005821588,3
T0005821590,1
T0005821592,2
T0005821594,2
T0005821595,2
T0005821598,3
T0005821600,2
T0005821604,2
T0005821605,3
T0005821607,2
T0005821611,2
T0005821612,3
T0005821623,3
T0005821624,2
T0005821625,1
T0005821627,2
T0005821628,2
T0005821631,1
T0005821635,1
T0005821639,3
T0005821640,3
T0005821644,2
T0005821648,2
T0005821653,2
T0005821658,2
T0005821659,2
T0005821660,2
T0005821662,2
T0005821663,2
T0005821673,1
T0005821674,1
T0005821675,2
T0005821678,2
T0005821684,2
T0005821685,1
T0005821688,1
T0005821689,1
T0005821693,3
T0005821697,2
T0005821701,1
T0005821708,3
T0005821709,2
T0005821713,3
T0005821714,2
T0005821717,2
T0005821719,3
T0005821721,1
T0005821723,1
T0005821725,2
T0005821732,1
T0005821738,3
T0005821740,2
T0005821742,3
T0005821743,2
T0005821746,3
T0005821747,3
T0005821749,3
T0005821753,2
T0005821754,3
T0005821757,2
T0005821758,1
T0005821759,2
T0005821760,1
T0005821761,3
T0005821768,3
T0005821769,3
T0005821771,2
T0005821773,3
T0005821774,2
T0005821778,2
T0005821783,3
T0005821784,2
T0005821785,2
T0005821792,3
T0005821793,2
T0005821795,1
T0005821805,1
T0005821807,2
T0005821809,2
T0005821811,2
T0005821813,3
T0005821814,1
T0005821815,2
T0005821822,1
T0005821826,1
T0005821827,3
T0005821829,2
T0005821834,2
T0005821841,1
T0005821843,2
T0005821846,2
T0005821847,1
T0005821850,2
T0005821851,2
T0005821852,2
T0005821853,2
T0005821854,2
T0005821857,3
T0005821858,2
T0005821860,2
T0005821866,1
T0005821868,2
T0005821870,3
T0005821871,3
T0005821873,2
T0005821874,2
T0005821881,3
T0005821883,1
T0005821884,2
T0005821900,3
T0005821902,3
T0005821905,2
T0005821907,2
T0005821908,1
T0005821909,1
T0005821910,2
T0005821912,1
T0005821915,2
T0005821922,2
T0005821923,2
T0005821925,2
T0005821926,1
T0005821927,3
T0005821929,1
T0005821931,3
T0005821933,2
T0005821936,2
T0005821941,3
T0005821947,3
T0005821948,1
T0005821949,1
T0005821950,2
T0005821951,2
T0005821952,3
T0005821954,2
T0005821957,1
T0005821960,2
T0005821962,1
T0005821965,2
T0005821968,2
T0005821971,2
T0005821979,2
T0005821982,1
T0005821987,2
T0005821988,1
T0005821990,3
T0005821996,2
T0005821998,3
T0005822000,2
T0005822002,3
T0005822003,3
T0005822004,3
T0005822005,1
T0005822007,1
T0005822010,3
T0005822019,3
T0005822022,3
T0005822023,2
T0005822024,1
T0005822025,2
T0005822027,1
T0005822032,1
T0005822033,2
T0005822035,3
T0005822036,1
T0005822038,2
T0005822040,2
T0005822043,2
T0005822049,3
T0005822050,1
T0005822051,1
T0005822053,1
T0005822056,3
T0005822057,3
T0005822058,1
T0005822060,2
T0005822064,2
T0005822066,1
T0005822067,1
T0005822069,2
T0005822071,2
T0005822072,1
T0005822076,2
T0005822077,2
T0005822082,3
T0005822086,2
T0005822096,3
T0005822097,1
T0005822099,2
T0005822103,2
T0005822108,2
T0005822110,3
T0005822111,2
T0005822114,1
T0005822117,2
T0005822120,1
T0005822122,2
T0005822126,2
T0005822128,2
T0005822129,1
T0005822131,1
T0005822132,3
T0005822140,3
T0005822145,2
T0005822146,2
T0005822149,3
T0005822154,1
T0005822157,2
T0005822158,3
T0005822159,1
T0005822161,2
T0005822164,3
T0005822166,1
T0005822167,1
T0005822168,2
T0005822170,3
T0005822171,2
T0005822172,2
T0005822173,2
T0005822174,2
T0005822175,1
T0005822177,3
T0005822178,1
T0005822180,2
T0005822186,2
T0005822189,1
T0005822190,3
T0005822191,1
T0005822192,2
T0005822196,3
T0005822197,1
T0005822198,3
T0005822199,3
T0005822201,3
T0005822204,2
T0005822205,2
T0005822206,2
T0005822211,3
T0005822212,2
T0005822216,2
T0005822220,2
T0005822222,2
T0005822226,1
T0005822227,3
T0005822231,2
T0005822232,1
T0005822233,3
T0005822235,3
T0005822237,3
T0005822239,2
T0005822240,3
T0005822242,2
T0005822247,2
T0005822250,1
T0005822253,1
T0005822260,2
T0005822264,2
T0005822266,2
T0005822269,3
T0005822270,1
T0005822272,3
T0005822277,3
T0005822280,2
T0005822283,3
T0005822287,2
T0005822290,1
T0005822292,2
T0005822293,1
T0005822294,2
T0005822300,3
T0005822301,2
T0005822303,1
T0005822305,2
T0005822309,2
T0005822310,3
T0005822314,2
T0005822315,2
T0005822317,2
T0005822318,3
T0005822319,2
T0005822324,1
T0005822325,3
T0005822327,1
T0005822329,1
T0005822331,1
T0005822334,2
T0005822336,2
T0005822339,1
T0005822341,2
T0005822343,1
T0005822344,2
T0005822348,1
T0005822350,1
T0005822352,3
T0005822353,1
T0005822361,2
T0005822363,3
T0005822364,3
T0005822368,3
T0005822372,3
T0005822376,2
T0005822377,1
T0005822381,2
T0005822389,2
T0005822392,2
T0005822393,2
T0005822394,1
T0005822395,1
T0005822398,2
T0005822399,2
T0005822401,2
T0005822405,2
T0005822406,3
T0005822409,3
T0005822412,2
T0005822413,1
T0005822415,1
T0005822420,3
T0005822423,2
T0005822430,2
T0005822431,3
T0005822433,1
T0005822434,3
T0005822443,1
T0005822444,2
T0005822448,3
T0005822449,3
T0005822452,1
T0005822455,2
T0005822459,2
T0005822461,3
T0005822463,2
T0005822464,2
T0005822470,1
T0005822473,2
T0005822475,1
T0005822479,1
T0005822480,3
T0005822482,2
T0005822483,2
T0005822484,3
T0005822486,2
T0005822487,3
T0005822489,2
T0005822493,3
T0005822494,2
T0005822495,2
T0005822498,3
T0005822500,2
T0005822501,3
T0005822502,2
T0005822511,1
T0005822512,3
T0005822513,2
T0005822514,2
T0005822515,3
T0005822516,3
T0005822520,3
T0005822522,2
T0005822524,1
T0005822534,2
T0005822536,2
T0005822542,2
T0005822544,1
T0005822547,2
T0005822557,2
T0005822559,2
T0005822560,2
T0005822562,3
T0005822563,2
T0005822565,3
T0005822566,3
T0005822569,1
T0005822572,1
T0005822577,2
T0005822580,3
T0005822583,3
T0005822586,3
T0005822588,3
T0005822589,2
T0005822594,2
T0005822597,2
T0005822600,2
T0005822602,3
T0005822603,2
T0005822604,2
T0005822606,2
T0005822609,2
T0005822611,2
T0005822612,2
T0005822615,2
T0005822619,2
T0005822620,2
T0005822621,1
T0005822623,3
T0005822624,3
T0005822626,2
T0005822627,3
T0005822630,1
T0005822631,3
T0005822633,1
T0005822634,1
T0005822636,1
T0005822637,2
T0005822638,3
T0005822645,2
T0005822649,2
T0005822652,2
T0005822654,3
T0005822657,3
T0005822658,3
T0005822665,3
T0005822666,2
T0005822667,2
T0005822669,3
T0005822671,1
T0005822674,2
T0005822677,2
T0005822678,3
T0005822682,1
T0005822683,2
T0005822686,2
T0005822688,1
T0005822691,2
T0005822693,2
T0005822694,2
T0005822695,2
T0005822696,2
T0005822697,1
T0005822701,3
T0005822702,3
T0005822705,3
T0005822706,2
T0005822713,2
T0005822714,2
T0005822719,2
T0005822720,3
T0005822721,1
T0005822724,3
T0005822726,2
T0005822727,2
T0005822728,3
T0005822730,2
T0005822731,2
T0005822733,2
T0005822735,2
T0005822736,2
T0005822742,1
T0005822743,3
T0005822744,3
T0005822745,2
T0005822747,2
T0005822749,2
T0005822751,2
T0005822752,1
T0005822754,2
T0005822757,1
T0005822758,2
T0005822762,3
T0005822763,3
T0005822764,3
T0005822766,2
T0005822767,3
T0005822768,2
T0005822770,2
T0005822772,2
T0005822776,2
T0005822778,2
T0005822779,2
T0005822780,1
T0005822781,2
T0005822782,2
T0005822783,3
T0005822790,1
T0005822795,3
T0005822796,3
T0005822798,2
T0005822801,3
T0005822809,3
T0005822813,3
T0005822814,2
T0005822819,2
T0005822820,3
T0005822823,1
T0005822824,2
T0005822825,3
T0005822827,3
T0005822828,3
T0005822832,1
T0005822834,2
T0005822836,3
T0005822837,3
T0005822844,3
T0005822846,2
T0005822847,2
T0005822856,2
T0005822859,2
T0005822861,3
T0005822862,3
T0005822868,3
T0005822869,1
T0005822870,3
T0005822872,3
T0005822877,3
T0005822883,3
T0005822884,1
T0005822885,3
T0005822888,1
T0005822891,2
T0005822892,2
T0005822897,3
T0005822898,3
T0005822899,2
T0005822900,1
T0005822902,3
T0005822906,3
T0005822909,2
T0005822910,3
T0005822914,2
T0005822915,3
T0005822916,3
T0005822921,3
T0005822924,3
T0005822926,3
T0005822929,3
T0005822930,3
T0005822937,2
T0005822938,2
T0005822939,3
T0005822941,1
T0005822942,2
T0005822945,2
T0005822950,2
T0005822951,2
T0005822953,2
T0005822956,3
T0005822958,3
T0005822959,2
T0005822963,3
T0005822966,3
T0005822967,1
T0005822970,3
T0005822971,2
T0005822976,3
T0005822977,1
T0005822979,2
T0005822981,3
T0005822982,1
T0005822989,2
T0005822990,3
T0005822991,1
T0005822993,2
T0005822994,2
T0005822996,3
T0005822997,2
T0005822998,2
T0005822999,3
T0005823006,1
T0005823007,3
T0005823008,3
T0005823009,2
T0005823011,1
T0005823013,1
T0005823017,2
T0005823019,2
T0005823023,2
T0005823024,1
T0005823027,1
T0005823031,2
T0005823032,3
T0005823034,3
T0005823038,1
T0005823043,2
T0005823046,3
T0005823048,3
T0005823050,2
T0005823051,2
T0005823052,2
T0005823053,3
T0005823055,2
T0005823060,2
T0005823062,2
T0005823069,1
T0005823071,2
T0005823073,2
T0005823075,2
T0005823078,2
T0005823083,3
T0005823088,2
T0005823090,3
T0005823091,1
T0005823092,1
T0005823094,1
T0005823095,2
T0005823097,3
T0005823099,3
T0005823100,3
T0005823102,1
T0005823110,1
T0005823112,2
T0005823113,2
T0005823115,2
T0005823116,2
T0005823118,3
T0005823119,3
T0005823122,2
T0005823123,2
T0005823124,1
T0005823125,1
T0005823132,2
T0005823133,1
T0005823134,1
T0005823137,2
T0005823139,3
T0005823142,1
T0005823146,1
T0005823154,2
T0005823155,2
T0005823156,1
T0005823164,2
T0005823165,2
T0005823168,2
T0005823169,2
T0005823180,2
T0005823185,2
T0005823188,1
T0005823189,2
T0005823190,2
T0005823195,3
T0005823197,2
T0005823199,2
T0005823200,1
T0005823202,1
T0005823203,2
T0005823204,3
T0005823205,3
T0005823206,2
T0005823208,3
T0005823209,2
T0005823210,3
T0005823214,2
T0005823216,2
T0005823217,2
T0005823218,2
T0005823219,2
T0005823221,2
T0005823224,3
T0005823226,2
T0005823227,1
T0005823230,2
T0005823231,3
T0005823232,2
T0005823233,2
T0005823234,3
T0005823237,3
T0005823238,1
T0005823240,1
T0005823242,1
T0005823245,1
T0005823249,3
T0005823252,2
T0005823253,2
T0005823256,2
T0005823258,3
T0005823262,1
T0005823266,2
T0005823268,2
T0005823271,3
T0005823274,3
T0005823281,3
T0005823282,2
T0005823287,3
T0005823288,2
T0005823289,3
T0005823292,1
T0005823293,3
T0005823295,1
T0005823296,2
T0005823297,1
T0005823298,3
T0005823299,3
T0005823300,1
T0005823303,1
T0005823304,2
T0005823308,2
T0005823309,3
T0005823310,2
T0005823312,2
T0005823314,2
T0005823320,2
T0005823322,2
T0005823324,2
T0005823327,3
T0005823329,2
T0005823330,2
T0005823332,2
T0005823334,3
T0005823335,2
T0005823336,2
T0005823339,3
T0005823340,2
T0005823341,2
T0005823343,3
T0005823344,2
T0005823345,2
T0005823347,3
T0005823350,3
T0005823354,3
T0005823355,2
T0005823358,3
T0005823361,2
T0005823366,3
T0005823367,2
T0005823369,2
T0005823370,1
T0005823372,1
T0005823376,2
T0005823380,3
T0005823381,2
T0005823382,1
T0005823384,2
T0005823385,1
T0005823389,2
T0005823390,1
T0005823392,2
T0005823400,1
T0005823407,2
T0005823408,1
T0005823409,2
T0005823410,3
T0005823415,2
T0005823418,2
T0005823420,2
T0005823422,2
T0005823423,2
T0005823424,2
T0005823425,2
T0005823427,3
T0005823428,3
T0005823431,1
T0005823440,2
T0005823443,1
T0005823444,3
T0005823445,2
T0005823450,2
T0005823454,2
T0005823455,2
T0005823457,3
T0005823458,1
T0005823466,2
T0005823469,3
T0005823471,2
T0005823474,2
T0005823475,2
T0005823476,2
T0005823478,3
T0005823479,2
T0005823483,3
T0005823486,1
T0005823487,2
T0005823489,2
T0005823490,3
T0005823493,2
T0005823494,2
T0005823497,3
T0005823501,3
T0005823502,3
T0005823505,2
T0005823509,2
T0005823511,2
T0005823515,3
T0005823519,2
T0005823523,2
T0005823525,3
T0005823533,2
T0005823534,3
T0005823535,1
T0005823539,3
T0005823542,2
T0005823545,2
T0005823546,3
T0005823552,2
T0005823553,1
T0005823555,3
T0005823557,3
T0005823559,2
T0005823562,2
T0005823563,2
T0005823567,3
T0005823570,2
T0005823571,3
T0005823572,2
T0005823573,2
T0005823574,1
T0005823578,1
T0005823580,2
T0005823581,2
T0005823582,2
T0005823584,2
T0005823586,2
T0005823588,2
T0005823589,2
T0005823590,1
T0005823591,3
T0005823593,2
T0005823595,2
T0005823597,1
T0005823599,3
T0005823605,2
T0005823606,1
T0005823614,3
T0005823617,3
T0005823623,2
T0005823626,2
T0005823629,2
T0005823631,3
T0005823632,1
T0005823634,3
T0005823635,1
T0005823641,2
T0005823646,3
T0005823648,2
T0005823652,2
T0005823653,2
T0005823654,2
T0005823657,2
T0005823659,2
T0005823660,2
T0005823661,2
T0005823663,3
T0005823667,2
T0005823668,3
T0005823670,2
T0005823671,1
T0005823672,2
T0005823675,2
T0005823677,2
T0005823679,3
T0005823680,1
T0005823687,3
T0005823690,2
T0005823692,2
T0005823693,2
T0005823695,1
T0005823700,3
T0005823703,2
T0005823706,2
T0005823707,2
T0005823708,1
T0005823710,1
T0005823715,2
T0005823722,2
T0005823724,3
T0005823727,2
T0005823734,2
T0005823737,2
T0005823738,2
T0005823739,2
T0005823743,2
T0005823744,2
T0005823746,3
T0005823747,3
T0005823758,2
T0005823762,3
T0005823764,3
T0005823765,2
T0005823766,2
T0005823767,2
T0005823769,2
T0005823770,1
T0005823771,2
T0005823772,3
T0005823773,2
T0005823774,2
T0005823775,3
T0005823776,2
T0005823777,2
T0005823778,1
T0005823780,3
T0005823784,3
T0005823785,2
T0005823792,2
T0005823794,1
T0005823795,2
T0005823798,3
T0005823799,2
T0005823801,2
T0005823803,1
T0005823805,2
T0005823806,2
T0005823807,2
T0005823809,2
T0005823810,2
T0005823812,2
T0005823813,1
T0005823814,2
T0005823815,3
T0005823817,3
T0005823818,3
T0005823823,3
T0005823827,2
T0005823828,1
T0005823830,1
T0005823832,3
T0005823834,3
T0005823835,2
T0005823836,2
T0005823837,1
T0005823840,2
T0005823841,1
T0005823842,3
T0005823845,2
T0005823846,2
T0005823853,1
T0005823856,2
T0005823857,1
T0005823858,3
T0005823859,3
T0005823861,3
T0005823863,2
T0005823864,2
T0005823866,2
T0005823867,2
T0005823872,3
T0005823874,2
T0005823876,2
T0005823877,1
T0005823878,1
T0005823879,2
T0005823885,3
T0005823887,2
T0005823890,2
T0005823891,3
T0005823893,2
T0005823895,1
T0005823903,3
T0005823908,2
T0005823909,2
T0005823910,2
T0005823917,3
T0005823919,3
T0005823921,2
T0005823922,3
T0005823923,2
T0005823924,2
T0005823926,2
T0005823927,3
T0005823928,1
T0005823929,3
T0005823932,3
T0005823935,2
T0005823936,1
T0005823937,2
T0005823940,3
T0005823943,1
T0005823947,3
T0005823950,3
T0005823951,1
T0005823955,2
T0005823956,2
T0005823958,2
T0005823960,2
T0005823962,3
T0005823963,2
T0005823968,2
T0005823969,1
T0005823970,1
T0005823972,2
T0005823974,2
T0005823977,2
T0005823979,3
T0005823982,1
T0005823984,1
T0005823985,2
T0005823992,1
T0005823993,3
T0005823994,3
T0005824000,2
T0005824004,3
T0005824011,2
T0005824015,2
T0005824019,2
T0005824022,2
T0005824024,2
T0005824028,2
T0005824039,1
T0005824044,2
T0005824046,3
T0005824047,3
T0005824048,1
T0005824049,3
T0005824051,1
T0005824052,3
T0005824060,2
T0005824062,3
T0005824063,1
T0005824064,2
T0005824066,2
T0005824067,3
T0005824073,3
T0005824081,1
T0005824083,3
T0005824089,2
T0005824091,3
T0005824094,2
T0005824097,3
T0005824101,1
T0005824102,1
T0005824105,1
T0005824109,2
T0005824110,1
T0005824111,3
T0005824114,2
T0005824117,2
T0005824119,1
T0005824120,2
T0005824121,3
T0005824123,3
T0005824124,2
T0005824128,2
T0005824129,2
T0005824136,2
T0005824140,2
T0005824142,2
T0005824145,1
T0005824146,3
T0005824148,3
T0005824150,2
T0005824153,1
T0005824154,3
T0005824155,2
T0005824161,2
T0005824163,3
T0005824166,2
T0005824168,2
T0005824172,1
T0005824174,2
T0005824175,3
T0005824176,1
T0005824177,2
T0005824183,2
T0005824185,1
T0005824188,3
T0005824189,1
T0005824192,3
T0005824196,1
T0005824197,3
T0005824199,3
T0005824205,2
T0005824210,3
T0005824212,2
T0005824214,3
T0005824215,2
T0005824216,2
T0005824217,2
T0005824221,3
T0005824223,3
T0005824225,3
T0005824227,1
T0005824228,2
T0005824229,2
T0005824232,3
T0005824233,2
T0005824234,3
T0005824236,2
T0005824237,2
T0005824242,2
T0005824244,3
T0005824245,1
T0005824246,1
T0005824253,2
T0005824254,3
T0005824255,1
T0005824257,2
T0005824259,2
T0005824260,2
T0005824264,1
T0005824265,1
T0005824267,1
T0005824270,3
T0005824272,1
T0005824275,2
T0005824277,2
T0005824280,3
T0005824281,2
T0005824284,1
T0005824287,3
T0005824288,2
T0005824293,1
T0005824302,3
T0005824305,3
T0005824307,3
T0005824308,2
T0005824314,2
T0005824315,2
T0005824316,2
T0005824319,3
T0005824324,3
T0005824328,2
T0005824335,3
T0005824344,2
T0005824348,3
T0005824350,3
T0005824355,2
T0005824358,2
T0005824359,3
T0005824361,2
T0005824362,2
T0005824365,2
T0005824367,3
T0005824368,2
T0005824372,3
T0005824375,2
T0005824378,3
T0005824382,2
T0005824387,2
T0005824388,3
T0005824389,2
T0005824392,2
T0005824393,3
T0005824394,2
T0005824401,2
T0005824402,2
T0005824404,2
T0005824405,2
T0005824409,2
T0005824411,1
T0005824420,2
T0005824422,2
T0005824424,3
T0005824425,3
T0005824426,3
T0005824428,1
T0005824429,3
T0005824431,2
T0005824434,3
T0005824438,2
T0005824440,2
T0005824443,3
T0005824444,3
T0005824445,3
T0005824446,1
T0005824447,1
T0005824448,3
T0005824450,2
T0005824452,3
T0005824453,2
T0005824455,2
T0005824456,2
T0005824458,2
T0005824460,2
T0005824461,2
T0005824466,3
T0005824467,2
T0005824468,2
T0005824476,3
T0005824480,2
T0005824483,3
T0005824485,3
T0005824486,2
T0005824487,3
T0005824488,1
T0005824489,2
T0005824493,2
T0005824494,2
T0005824496,2
T0005824498,2
T0005824500,2
T0005824504,2
T0005824505,2
T0005824507,1
T0005824509,3
T0005824512,3
T0005824514,2
T0005824515,2
T0005824517,3
T0005824519,3
T0005824521,1
T0005824525,1
T0005824527,2
T0005824535,1
T0005824536,2
T0005824537,2
T0005824538,3
T0005824540,3
T0005824541,3
T0005824543,2
T0005824547,2
T0005824548,2
T0005824550,3
T0005824551,1
T0005824552,2
T0005824554,1
T0005824555,2
T0005824558,2
T0005824559,3
T0005824560,1
T0005824563,2
T0005824565,2
T0005824567,2
T0005824568,3
T0005824569,3
T0005824571,2
T0005824572,3
T0005824573,1
T0005824574,2
T0005824576,3
T0005824578,3
T0005824579,1
T0005824581,1
T0005824585,2
T0005824587,3
T0005824588,2
T0005824591,1
T0005824594,2
T0005824598,2
T0005824601,1
T0005824608,3
T0005824610,3
T0005824611,2
T0005824612,2
T0005824614,2
T0005824616,3
T0005824617,2
T0005824618,1
T0005824619,2
T0005824620,3
T0005824621,1
T0005824623,1
T0005824624,1
T0005824626,2
T0005824627,2
T0005824628,2
T0005824630,2
T0005824632,3
T0005824635,3
T0005824637,3
T0005824640,3
T0005824643,2
T0005824645,3
T0005824650,3
T0005824653,1
T0005824658,3
T0005824660,2
T0005824668,2
T0005824669,3
T0005824672,2
T0005824673,2
T0005824675,3
T0005824676,1
T0005824677,3
T0005824680,3
T0005824683,3
T0005824684,3
T0005824687,2
T0005824688,2
T0005824689,2
T0005824691,3
T0005824693,1
T0005824695,2
T0005824696,2
T0005824697,3
T0005824698,3
T0005824700,3
T0005824702,3
T0005824704,2
T0005824708,2
T0005824709,2
T0005824711,2
T0005824715,2
T0005824718,2
T0005824719,2
T0005824722,3
T0005824726,2
T0005824727,3
T0005824728,2
T0005824729,3
T0005824730,2
T0005824731,3
T0005824733,3
T0005824735,2
T0005824736,1
T0005824739,2
T0005824740,2
T0005824741,2
T0005824742,2
T0005824743,2
T0005824745,3
T0005824748,2
T0005824750,2
T0005824751,3
T0005824752,2
T0005824753,2
T0005824755,3
T0005824758,1
T0005824763,3
T0005824768,2
T0005824774,2
T0005824776,2
T0005824778,3
T0005824780,2
T0005824784,3
T0005824786,2
T0005824788,1
T0005824789,2
T0005824792,3
T0005824793,2
T0005824796,2
T0005824799,1
T0005824800,2
T0005824804,3
T0005824805,1
T0005824809,3
T0005824812,2
T0005824813,2
T0005824814,2
T0005824821,1
T0005824823,1
T0005824824,2
T0005824827,3
T0005824829,2
T0005824831,3
T0005824834,1
T0005824835,3
T0005824836,2
T0005824837,2
T0005824838,3
T0005824841,1
T0005824843,3
T0005824844,1
T0005824848,2
T0005824849,1
T0005824851,1
T0005824853,2
T0005824854,3
T0005824856,3
T0005824858,2
T0005824859,3
T0005824860,3
T0005824862,3
T0005824865,3
T0005824867,3
T0005824869,2
T0005824872,3
T0005824880,3
T0005824885,1
T0005824889,2
T0005824891,2
T0005824892,2
T0005824894,2
T0005824897,2
T0005824898,2
T0005824901,3
T0005824902,2
T0005824906,2
T0005824907,2
T0005824908,2
T0005824910,3
T0005824911,3
T0005824912,1
T0005824913,2
T0005824914,2
T0005824918,3
T0005824919,3
T0005824920,2
T0005824921,3
T0005824924,2
T0005824928,3
T0005824937,3
T0005824938,2
T0005824943,3
T0005824944,3
T0005824945,2
T0005824946,2
T0005824948,1
T0005824949,1
T0005824953,2
T0005824957,2
T0005824958,3
T0005824959,1
T0005824961,1
T0005824962,2
T0005824964,2
T0005824972,2
T0005824973,3
T0005824974,3
T0005824975,1
T0005824982,2
T0005824983,2
T0005824984,2
T0005824988,3
T0005824990,2
T0005824992,2
T0005824995,3
T0005824996,3
T0005824999,2
T0005825000,3
T0005825001,2
T0005825008,2
T0005825010,3
T0005825013,2
T0005825014,2
T0005825017,2
T0005825021,2
T0005825023,2
T0005825024,2
T0005825025,3
T0005825028,3
T0005825029,3
T0005825031,3
T0005825035,3
T0005825037,3
T0005825038,2
T0005825041,2
T0005825043,2
T0005825045,2
T0005825046,2
T0005825050,1
T0005825054,3
T0005825057,3
T0005825058,1
T0005825059,3
T0005825061,2
T0005825062,2
T0005825071,1
T0005825072,1
T0005825075,1
T0005825077,3
T0005825083,2
T0005825084,3
T0005825086,3
T0005825087,2
T0005825090,1
T0005825101,2
T0005825102,1
T0005825106,2
T0005825107,2
T0005825109,2
T0005825110,2
T0005825111,3
T0005825114,2
T0005825116,3
T0005825120,2
T0005825124,1
T0005825125,2
T0005825128,3
T0005825130,2
T0005825131,2
T0005825134,2
T0005825135,1
T0005825136,1
T0005825140,1
T0005825143,1
T0005825144,1
T0005825147,3
T0005825148,2
T0005825150,3
T0005825152,1
T0005825154,3
T0005825155,1
T0005825156,2
T0005825157,2
T0005825158,1
T0005825160,2
T0005825162,3
T0005825165,2
T0005825168,3
T0005825173,2
T0005825174,2
T0005825177,2
T0005825180,2
T0005825183,2
T0005825187,2
T0005825193,3
T0005825194,1
T0005825195,3
T0005825202,2
T0005825204,2
T0005825206,3
T0005825208,3
T0005825209,1
T0005825210,3
T0005825211,3
T0005825216,2
T0005825218,2
T0005825220,2
T0005825221,2
T0005825223,2
T0005825226,2
T0005825227,2
T0005825228,3
T0005825229,2
T0005825230,3
T0005825232,2
T0005825233,3
T0005825240,1
T0005825241,2
T0005825242,2
T0005825244,2
T0005825253,3
T0005825254,2
T0005825256,1
T0005825259,2
T0005825260,3
T0005825262,2
T0005825266,1
T0005825267,2
T0005825269,1
T0005825271,2
T0005825273,3
T0005825280,2
T0005825281,1
T0005825284,1
T0005825288,1
T0005825289,2
T0005825290,2
T0005825291,1
T0005825292,3
T0005825294,2
T0005825295,3
T0005825297,3
T0005825298,2
T0005825299,2
T0005825300,2
T0005825302,2
T0005825306,3
T0005825308,2
T0005825310,2
T0005825313,1
T0005825316,2
T0005825317,2
T0005825321,1
T0005825327,2
T0005825328,3
T0005825335,2
T0005825341,2
T0005825352,3
T0005825354,1
T0005825356,1
T0005825358,3
T0005825360,3
T0005825363,1
T0005825371,1
T0005825375,1
T0005825378,2
T0005825379,3
T0005825391,3
T0005825393,2
T0005825399,3
T0005825400,3
T0005825402,3
T0005825407,3
T0005825409,3
T0005825410,1
T0005825413,2
T0005825414,3
T0005825417,2
T0005825419,2
T0005825420,2
T0005825424,2
T0005825427,2
T0005825428,3
T0005825436,2
T0005825437,2
T0005825443,3
T0005825444,2
T0005825446,2
T0005825448,2
T0005825450,3
T0005825451,2
T0005825456,2
T0005825465,2
T0005825466,2
T0005825467,2
T0005825468,3
T0005825469,2
T0005825470,2
T0005825472,2
T0005825475,2
T0005825476,2
T0005825477,3
T0005825480,3
T0005825487,2
T0005825492,2
T0005825495,3
T0005825497,1
T0005825499,3
T0005825506,2
T0005825507,3
T0005825508,2
T0005825509,2
T0005825514,2
T0005825517,3
T0005825525,3
T0005825529,1
T0005825531,2
T0005825534,3
T0005825536,2
T0005825537,3
T0005825538,2
T0005825539,2
T0005825540,2
T0005825542,2
T0005825544,1
T0005825547,1
T0005825552,2
T0005825554,3
T0005825555,2
T0005825557,3
T0005825559,2
T0005825563,2
T0005825564,3
T0005825567,1
T0005825568,2
T0005825569,3
T0005825571,1
T0005825573,3
T0005825575,3
T0005825576,2
T0005825577,2
T0005825578,2
T0005825579,3
T0005825580,1
T0005825581,2
T0005825584,3
T0005825585,3
T0005825587,2
T0005825588,2
T0005825589,2
T0005825591,1
T0005825594,1
T0005825596,2
T0005825597,2
T0005825599,3
T0005825600,1
T0005825601,1
T0005825602,1
T0005825604,2
T0005825605,1
T0005825609,3
T0005825610,2
T0005825615,2
T0005825618,2
T0005825619,2
T0005825620,1
T0005825622,2
T0005825625,2
T0005825626,2
T0005825630,3
T0005825631,2
T0005825633,3
T0005825645,2
T0005825647,1
T0005825650,2
T0005825651,2
T0005825652,3
T0005825654,2
T0005825656,3
T0005825657,3
T0005825659,2
T0005825664,3
T0005825666,2
T0005825668,3
T0005825671,1
T0005825672,1
T0005825675,2
T0005825676,3
T0005825677,3
T0005825679,1
T0005825681,3
T0005825683,2
T0005825684,2
T0005825687,3
T0005825693,2
T0005825694,1
T0005825696,3
T0005825698,2
T0005825699,2
T0005825700,2
T0005825703,2
T0005825710,3
T0005825711,2
T0005825713,3
T0005825714,3
T0005825715,2
T0005825716,3
T0005825717,2
T0005825723,3
T0005825724,1
T0005825727,2
T0005825728,1
T0005825729,3
T0005825731,1
T0005825732,1
T0005825737,3
T0005825738,2
T0005825739,2
T0005825740,3
T0005825745,3
T0005825756,2
T0005825757,2
T0005825759,2
T0005825760,2
T0005825779,2
T0005825781,2
T0005825782,1
T0005825783,1
T0005825785,3
T0005825787,3
T0005825788,3
T0005825789,1
T0005825790,3
T0005825795,3
T0005825797,2
T0005825802,2
T0005825803,2
T0005825804,3
T0005825812,2
T0005825813,2
T0005825816,3
T0005825818,2
T0005825820,2
T0005825822,2
T0005825823,2
T0005825829,1
T0005825831,3
T0005825832,3
T0005825833,3
T0005825835,2
T0005825838,2
T0005825839,3
T0005825841,2
T0005825842,2
T0005825853,1
T0005825854,2
T0005825855,2
T0005825856,2
T0005825859,1
T0005825861,3
T0005825862,3
T0005825863,1
T0005825867,1
T0005825869,2
T0005825874,3
T0005825875,2
T0005825876,1
T0005825877,3
T0005825878,2
T0005825881,2
T0005825883,3
T0005825885,3
T0005825886,3
T0005825887,2
T0005825888,1
T0005825889,2
T0005825897,2
T0005825899,3
T0005825900,2
T0005825904,2
T0005825907,1
T0005825909,2
T0005825910,2
T0005825911,2
T0005825915,3
T0005825926,2
T0005825929,2
T0005825932,1
T0005825936,3
T0005825940,3
T0005825941,3
T0005825944,1
T0005825947,2
T0005825950,1
T0005825951,2
T0005825952,3
T0005825954,2
T0005825955,1
T0005825961,3
T0005825962,3
T0005825965,3
T0005825966,2
T0005825967,3
T0005825971,3
T0005825972,2
T0005825975,2
T0005825977,1
T0005825979,2
T0005825980,2
T0005825984,2
T0005825988,2
T0005825993,2
T0005825995,1
T0005826000,3
T0005826001,3
T0005826003,3
T0005826005,3
T0005826006,2
T0005826007,3
T0005826008,3
T0005826012,1
T0005826015,1
T0005826017,2
T0005826019,2
T0005826026,3
T0005826029,3
T0005826033,1
T0005826039,2
T0005826042,3
T0005826043,2
T0005826048,2
T0005826050,1
T0005826051,2
T0005826052,3
T0005826060,1
T0005826061,3
T0005826062,1
T0005826063,2
T0005826066,2
T0005826068,2
T0005826071,2
T0005826072,1
T0005826073,3
T0005826075,2
T0005826076,3
T0005826078,2
T0005826079,2
T0005826091,1
T0005826093,3
T0005826096,3
T0005826097,2
T0005826099,2
T0005826100,2
T0005826102,3
T0005826105,3
T0005826107,2
T0005826108,2
T0005826109,1
T0005826117,2
T0005826119,1
T0005826122,2
T0005826123,2
T0005826124,3
T0005826125,3
T0005826129,1
T0005826134,1
T0005826139,1
T0005826142,2
T0005826145,2
T0005826150,2
T0005826153,2
T0005826155,2
T0005826157,2
T0005826163,2
T0005826164,2
T0005826165,2
T0005826166,2
T0005826168,2
T0005826170,2
T0005826171,2
T0005826172,3
T0005826173,3
T0005826174,3
T0005826175,3
T0005826179,3
T0005826180,2
T0005826181,2
T0005826184,3
T0005826191,2
T0005826192,2
T0005826196,3
T0005826201,3
T0005826202,2
T0005826204,3
T0005826206,1
T0005826213,2
T0005826216,2
T0005826217,1
T0005826219,3
T0005826221,1
T0005826223,2
T0005826230,3
T0005826231,2
T0005826234,2
T0005826241,2
T0005826245,1
T0005826246,2
T0005826247,3
T0005826250,2
T0005826251,2
T0005826258,1
T0005826259,2
T0005826261,3
T0005826262,3
T0005826265,2
T0005826266,2
T0005826268,2
T0005826272,3
T0005826273,3
T0005826275,3
T0005826278,2
T0005826279,1
T0005826282,2
T0005826283,3
T0005826284,3
T0005826286,2
T0005826289,3
T0005826294,3
T0005826298,3
T0005826299,3
T0005826301,3
T0005826303,2
T0005826304,2
T0005826305,1
T0005826308,3
T0005826312,2
T0005826325,1
T0005826328,1
T0005826330,2
T0005826334,1
T0005826337,1
T0005826339,1
T0005826344,2
T0005826346,2
T0005826348,3
T0005826350,1
T0005826352,3
T0005826354,3
T0005826355,3
T0005826357,3
T0005826361,2
T0005826364,2
T0005826365,2
T0005826367,2
T0005826368,1
T0005826369,3
T0005826370,2
T0005826371,2
T0005826372,2
T0005826377,1
T0005826378,1
T0005826380,3
T0005826389,1
T0005826390,2
T0005826391,3
T0005826394,3
T0005826396,2
T0005826397,2
T0005826399,1
T0005826402,3
T0005826409,2
T0005826410,2
T0005826413,2
T0005826415,3
T0005826416,2
T0005826417,2
T0005826418,3
T0005826420,3
T0005826422,1
T0005826425,3
T0005826426,3
T0005826428,1
T0005826429,2
T0005826430,1
T0005826432,1
T0005826434,2
T0005826443,2
T0005826446,3
T0005826447,3
T0005826448,2
T0005826453,2
T0005826455,1
T0005826458,2
T0005826460,2
T0005826461,2
T0005826465,2
T0005826466,1
T0005826470,2
T0005826476,1
T0005826477,2
T0005826479,2
T0005826481,1
T0005826482,1
T0005826486,1
T0005826488,1
T0005826489,3
T0005826491,3
T0005826496,2
T0005826497,1
T0005826498,3
T0005826501,3
T0005826503,3
T0005826508,1
T0005826509,2
T0005826511,2
T0005826512,1
T0005826513,2
T0005826517,3
T0005826518,1
T0005826519,3
T0005826522,1
T0005826525,3
T0005826528,3
T0005826534,3
T0005826536,2
T0005826538,2
T0005826539,2
T0005826542,2
T0005826544,3
T0005826546,3
T0005826547,1
T0005826548,2
T0005826549,2
T0005826551,3
T0005826552,3
T0005826553,2
T0005826558,1
T0005826560,2
T0005826562,2
T0005826565,3
T0005826568,3
T0005826569,2
T0005826575,3
T0005826578,3
T0005826579,1
T0005826580,2
T0005826581,1
T0005826589,3
T0005826590,1
T0005826592,1
T0005826594,1
T0005826595,2
T0005826603,3
T0005826606,3
T0005826607,3
T0005826611,1
T0005826612,3
T0005826616,3
T0005826618,2
T0005826619,2
T0005826620,2
T0005826621,3
T0005826622,3
T0005826624,1
T0005826625,1
T0005826626,2
T0005826630,3
T0005826631,3
T0005826634,1
T0005826638,3
T0005826643,3
T0005826646,2
T0005826649,2
T0005826650,2
T0005826654,2
T0005826656,1
T0005826658,3
T0005826659,2
T0005826663,1
T0005826664,2
T0005826666,3
T0005826669,2
T0005826672,3
T0005826675,1
T0005826679,3
T0005826682,3
T0005826683,2
T0005826684,3
T0005826685,3
T0005826687,3
T0005826690,1
T0005826691,1
T0005826692,2
T0005826694,2
T0005826697,1
T0005826701,2
T0005826703,3
T0005826704,2
T0005826705,1
T0005826706,2
T0005826711,2
T0005826715,3
T0005826716,2
T0005826721,2
T0005826726,3
T0005826727,2
T0005826728,2
T0005826730,2
T0005826732,1
T0005826733,2
T0005826734,3
T0005826737,2
T0005826739,1
T0005826741,2
T0005826744,3
T0005826745,1
T0005826746,2
T0005826749,2
T0005826750,2
T0005826753,2
T0005826756,1
T0005826757,1
T0005826758,1
T0005826759,2
T0005826760,2
T0005826761,2
T0005826763,1
T0005826768,1
T0005826769,3
T0005826772,2
T0005826773,3
T0005826774,2
T0005826775,3
T0005826776,2
T0005826781,2
T0005826785,2
T0005826787,3
T0005826788,3
T0005826789,1
T0005826790,2
T0005826791,1
T0005826792,2
T0005826794,1
T0005826797,2
T0005826798,2
T0005826799,1
T0005826802,2
T0005826805,3
T0005826807,3
T0005826814,2
T0005826815,2
T0005826822,3
T0005826826,2
T0005826828,2
T0005826829,2
T0005826832,2
T0005826833,2
T0005826835,2
T0005826836,2
T0005826837,2
T0005826843,2
T0005826846,2
T0005826850,2
T0005826851,2
T0005826853,3
T0005826854,1
T0005826855,2
T0005826857,1
T0005826858,2
T0005826863,3
T0005826864,2
T0005826866,2
T0005826867,3
T0005826868,2
T0005826869,1
T0005826872,2
T0005826874,2
T0005826875,2
T0005826878,2
T0005826879,2
T0005826882,2
T0005826885,2
T0005826889,3
T0005826890,1
T0005826896,3
T0005826897,2
T0005826900,1
T0005826905,3
T0005826907,3
T0005826909,3
T0005826911,1
T0005826913,2
T0005826915,1
T0005826916,1
T0005826921,1
T0005826924,3
T0005826929,3
T0005826932,1
T0005826934,1
T0005826935,3
T0005826939,2
T0005826946,3
T0005826951,1
T0005826956,2
T0005826957,3
T0005826959,2
T0005826963,2
T0005826970,2
T0005826972,2
T0005826973,1
T0005826974,1
T0005826979,3
T0005826983,2
T0005826984,2
T0005826986,2
T0005826990,2
T0005826991,2
T0005826992,1
T0005826994,2
T0005826999,2
T0005827002,2
T0005827003,3
T0005827007,2
T0005827009,3
T0005827011,2
T0005827012,3
T0005827014,2
T0005827015,1
T0005827016,2
T0005827017,2
T0005827018,2
T0005827019,1
T0005827021,3
T0005827027,3
T0005827030,2
T0005827034,2
T0005827038,2
T0005827040,1
T0005827041,2
T0005827042,3
T0005827046,2
T0005827049,2
T0005827050,1
T0005827054,1
T0005827055,2
T0005827057,3
T0005827060,3
T0005827061,3
T0005827062,2
T0005827073,1
T0005827074,2
T0005827075,2
T0005827078,3
T0005827081,2
T0005827085,2
T0005827086,1
T0005827090,2
T0005827092,3
T0005827094,3
T0005827097,2
T0005827100,3
T0005827101,3
T0005827104,2
T0005827107,2
T0005827108,1
T0005827112,2
T0005827118,3
T0005827120,2
T0005827122,3
T0005827124,2
T0005827125,2
T0005827129,2
T0005827130,2
T0005827132,3
T0005827135,3
T0005827136,1
T0005827139,2
T0005827140,3
T0005827141,1
T0005827144,1
T0005827149,3
T0005827150,3
T0005827151,2
T0005827152,1
T0005827153,3
T0005827154,2
T0005827157,2
T0005827159,2
T0005827164,2
T0005827166,1
T0005827167,2
T0005827169,3
T0005827174,2
T0005827183,3
T0005827186,2
T0005827187,2
T0005827189,3
T0005827190,2
T0005827192,3
T0005827195,2
T0005827196,3
T0005827197,2
T0005827200,1
T0005827202,3
T0005827203,1
T0005827207,3
T0005827209,2
T0005827214,1
T0005827219,3
T0005827221,2
T0005827222,2
T0005827223,3
T0005827231,3
T0005827233,2
T0005827236,2
T0005827238,2
T0005827240,1
T0005827241,2
T0005827243,2
T0005827245,3
T0005827246,2
T0005827247,2
T0005827248,1
T0005827249,1
T0005827253,1
T0005827256,1
T0005827262,3
T0005827266,1
T0005827268,2
T0005827271,1
T0005827272,2
T0005827273,1
T0005827276,3
T0005827280,2
T0005827283,2
T0005827285,1
T0005827287,3
T0005827288,3
T0005827289,1
T0005827291,2
T0005827292,2
T0005827294,2
T0005827295,2
T0005827298,2
T0005827306,2
T0005827308,1
T0005827310,3
T0005827311,2
T0005827316,1
T0005827317,1
T0005827327,3
T0005827328,2
T0005827330,2
T0005827331,3
T0005827334,2
T0005827335,3
T0005827336,1
T0005827337,2
T0005827339,1
T0005827346,3
T0005827349,3
T0005827354,3
T0005827356,1
T0005827357,3
T0005827358,3
T0005827359,1
T0005827361,2
T0005827366,2
T0005827369,1
T0005827371,2
T0005827372,2
T0005827373,2
T0005827375,3
T0005827376,1
T0005827377,3
T0005827383,2
T0005827392,3
T0005827393,2
T0005827394,3
T0005827398,1
T0005827399,2
T0005827402,1
T0005827403,3
T0005827410,2
T0005827411,2
T0005827414,2
T0005827415,2
T0005827418,2
T0005827423,2
T0005827429,3
T0005827431,2
T0005827433,2
T0005827434,2
T0005827436,2
T0005827441,3
T0005827443,2
T0005827444,1
T0005827446,1
T0005827447,2
T0005827448,2
T0005827449,3
T0005827453,2
T0005827459,3
T0005827460,2
T0005827462,1
T0005827463,2
T0005827464,2
T0005827467,2
T0005827471,2
T0005827476,2
T0005827479,2
T0005827480,3
T0005827482,2
T0005827486,3
T0005827489,2
T0005827491,3
T0005827492,2
T0005827498,3
T0005827502,1
T0005827503,2
T0005827512,2
T0005827514,3
T0005827518,3
T0005827519,2
T0005827521,2
T0005827522,1
T0005827525,2
T0005827526,2
T0005827528,2
T0005827534,2
T0005827537,3
T0005827549,3
T0005827550,1
T0005827552,1
T0005827556,2
T0005827558,3
T0005827560,2
T0005827561,2
T0005827563,2
T0005827564,2
T0005827567,2
T0005827570,3
T0005827573,3
T0005827576,3
T0005827581,2
T0005827583,2
T0005827586,3
T0005827591,3
T0005827594,2
T0005827596,3
T0005827598,3
T0005827603,3
T0005827604,2
T0005827605,3
T0005827607,3
T0005827608,3
T0005827609,2
T0005827613,3
T0005827614,1
T0005827616,2
T0005827617,2
T0005827622,3
T0005827623,2
T0005827624,3
T0005827625,1
T0005827626,2
T0005827629,2
T0005827630,3
T0005827641,3
T0005827643,3
T0005827645,2
T0005827650,1
T0005827655,3
T0005827659,2
T0005827660,2
T0005827668,2
T0005827670,3
T0005827674,3
T0005827681,1
T0005827686,2
T0005827687,2
T0005827688,3
T0005827691,3
T0005827692,3
T0005827693,3
T0005827696,3
T0005827698,2
T0005827699,3
T0005827701,2
T0005827702,3
T0005827704,3
T0005827708,2
T0005827714,2
T0005827715,1
T0005827717,3
T0005827719,3
T0005827721,2
T0005827722,3
T0005827724,2
T0005827726,2
T0005827733,1
T0005827734,1
T0005827739,3
T0005827742,2
T0005827744,3
T0005827750,2
T0005827752,2
T0005827753,3
T0005827754,2
T0005827757,2
T0005827758,2
T0005827759,2
T0005827760,3
T0005827761,3
T0005827762,1
T0005827764,2
T0005827767,2
T0005827772,3
T0005827777,2
T0005827778,2
T0005827785,3
T0005827788,2
T0005827789,1
T0005827791,3
T0005827796,2
T0005827799,3
T0005827804,2
T0005827805,2
T0005827806,2
T0005827811,3
T0005827812,2
T0005827814,2
T0005827815,2
T0005827819,2
T0005827821,1
T0005827823,3
T0005827825,2
T0005827827,2
T0005827828,2
T0005827829,2
T0005827834,1
T0005827835,2
T0005827836,3
T0005827839,1
T0005827843,1
T0005827844,2
T0005827845,1
T0005827848,1
T0005827850,1
T0005827851,1
T0005827854,3
T0005827855,2
T0005827856,3
T0005827857,2
T0005827859,3
T0005827861,2
T0005827862,2
T0005827863,3
T0005827864,1
T0005827865,1
T0005827872,1
T0005827876,2
T0005827877,2
T0005827878,3
T0005827880,3
T0005827881,2
T0005827887,2
T0005827889,1
T0005827890,2
T0005827891,1
T0005827893,1
T0005827894,2
T0005827895,3
T0005827899,2
T0005827902,1
T0005827904,3
T0005827905,1
T0005827906,3
T0005827909,3
T0005827910,2
T0005827912,3
T0005827913,2
T0005827914,2
T0005827915,3
T0005827919,2
T0005827921,2
T0005827925,2
T0005827926,3
T0005827929,3
T0005827931,3
T0005827935,2
T0005827942,3
T0005827943,2
T0005827945,3
T0005827946,2
T0005827947,2
T0005827953,2
T0005827954,3
T0005827955,2
T0005827956,1
T0005827960,2
T0005827961,3
T0005827964,2
T0005827965,2
T0005827966,2
T0005827969,3
T0005827973,1
T0005827976,2
T0005827982,3
T0005827983,1
T0005827991,1
T0005827997,3
T0005828003,2
T0005828005,2
T0005828007,2
T0005828014,3
T0005828015,1
T0005828018,2
T0005828019,3
T0005828021,2
T0005828022,2
T0005828023,2
T0005828025,3
T0005828030,3
T0005828033,2
T0005828036,2
T0005828037,2
T0005828038,2
T0005828039,3
T0005828040,1
T0005828042,1
T0005828044,2
T0005828045,1
T0005828050,2
T0005828051,2
T0005828054,2
T0005828055,3
T0005828056,1
T0005828058,2
T0005828060,3
T0005828065,2
T0005828071,2
T0005828080,2
T0005828081,2
T0005828087,1
T0005828088,1
T0005828090,3
T0005828092,2
T0005828093,2
T0005828094,3
T0005828096,2
T0005828100,2
T0005828101,3
T0005828105,1
T0005828110,3
T0005828111,2
T0005828117,1
T0005828119,3
T0005828120,3
T0005828121,3
T0005828125,3
T0005828126,2
T0005828129,3
T0005828130,1
T0005828134,2
T0005828136,2
T0005828147,1
T0005828150,3
T0005828151,2
T0005828152,2
T0005828153,1
T0005828154,2
T0005828156,2
T0005828161,2
T0005828162,1
T0005828164,3
T0005828170,3
T0005828171,3
T0005828172,2
T0005828175,3
T0005828176,2
T0005828180,2
T0005828181,1
T0005828183,2
T0005828184,2
T0005828186,2
T0005828190,2
T0005828194,2
T0005828195,3
T0005828197,2
T0005828200,1
T0005828201,2
T0005828202,2
T0005828203,1
T0005828212,2
T0005828213,3
T0005828215,2
T0005828218,3
T0005828228,2
T0005828230,3
T0005828231,2
T0005828236,2
T0005828237,1
T0005828238,2
T0005828241,3
T0005828242,1
T0005828244,1
T0005828249,2
T0005828252,2
T0005828253,3
T0005828255,3
T0005828257,3
T0005828265,3
T0005828268,2
T0005828270,3
T0005828271,2
T0005828273,2
T0005828274,2
T0005828281,2
T0005828284,3
T0005828288,1
T0005828289,3
T0005828296,1
T0005828297,1
T0005828298,2
T0005828299,3
T0005828303,2
T0005828305,2
T0005828310,1
T0005828317,2
T0005828322,3
T0005828323,2
T0005828324,3
T0005828326,2
T0005828327,3
T0005828329,3
T0005828331,2
T0005828335,2
T0005828336,3
T0005828343,2
T0005828347,1
T0005828356,2
T0005828358,1
T0005828359,2
T0005828360,3
T0005828361,3
T0005828362,3
T0005828365,2
T0005828366,1
T0005828367,2
T0005828368,2
T0005828369,1
T0005828370,1
T0005828371,3
T0005828374,3
T0005828376,2
T0005828379,2
T0005828381,1
T0005828383,1
T0005828384,2
T0005828388,3
T0005828389,3
T0005828393,3
T0005828400,2
T0005828403,3
T0005828407,1
T0005828408,3
T0005828409,3
T0005828410,3
T0005828414,2
T0005828420,2
T0005828422,3
T0005828436,2
T0005828437,3
T0005828443,2
T0005828444,2
T0005828446,2
T0005828449,3
T0005828450,2
T0005828452,3
T0005828453,3
T0005828456,1
T0005828458,2
T0005828461,3
T0005828470,1
T0005828474,2
T0005828480,2
T0005828483,2
T0005828484,2
T0005828485,2
T0005828487,2
T0005828491,2
T0005828496,3
T0005828497,3
T0005828500,2
T0005828504,2
T0005828506,2
T0005828509,2
T0005828511,3
T0005828513,3
T0005828514,1
T0005828518,2
T0005828519,1
T0005828521,1
T0005828524,3
T0005828526,2
T0005828529,2
T0005828530,1
T0005828531,3
T0005828534,1
T0005828536,2
T0005828537,1
T0005828541,3
T0005828542,2
T0005828544,3
T0005828547,3
T0005828551,2
T0005828555,2
T0005828556,2
T0005828559,1
T0005828561,3
T0005828564,2
T0005828567,2
T0005828570,3
T0005828571,3
T0005828572,3
T0005828577,3
T0005828584,2
T0005828586,1
T0005828587,2
T0005828588,3
T0005828590,2
T0005828592,2
T0005828597,2
T0005828598,1
T0005828600,1
T0005828601,3
T0005828602,2
T0005828604,1
T0005828611,2
T0005828613,2
T0005828614,2
T0005828622,2
T0005828624,3
T0005828627,3
T0005828628,2
T0005828629,2
T0005828642,3
T0005828644,2
T0005828645,2
T0005828648,1
T0005828649,2
T0005828651,3
T0005828653,1
T0005828654,2
T0005828655,3
T0005828660,1
T0005828661,3
T0005828666,2
T0005828669,3
T0005828670,3
T0005828673,3
T0005828676,1
T0005828681,2
T0005828686,2
T0005828687,2
T0005828689,1
T0005828690,2
T0005828692,3
T0005828694,2
T0005828698,2
T0005828704,3
T0005828705,2
T0005828707,2
T0005828708,2
T0005828709,2
T0005828710,3
T0005828711,1
T0005828713,3
T0005828719,2
T0005828720,1
T0005828721,3
T0005828723,2
T0005828724,2
T0005828727,3
T0005828732,2
T0005828748,2
T0005828757,1
T0005828759,2
T0005828762,2
T0005828767,3
T0005828770,3
T0005828771,2
T0005828776,2
T0005828781,3
T0005828786,2
T0005828787,2
T0005828789,2
T0005828793,2
T0005828794,2
T0005828796,2
T0005828797,2
T0005828799,1
T0005828800,2
T0005828802,3
T0005828805,3
T0005828806,1
T0005828807,2
T0005828811,2
T0005828814,2
T0005828816,2
T0005828830,2
T0005828831,1
T0005828832,3
T0005828838,2
T0005828839,2
T0005828841,1
T0005828842,2
T0005828845,3
T0005828847,3
T0005828850,3
T0005828851,1
T0005828852,2
T0005828853,3
T0005828856,1
T0005828860,3
T0005828861,3
T0005828862,2
T0005828863,2
T0005828864,2
T0005828865,2
T0005828866,2
T0005828870,1
T0005828871,2
T0005828878,2
T0005828884,3
T0005828885,2
T0005828887,1
T0005828892,1
T0005828896,2
T0005828897,3
T0005828898,2
T0005828899,3
T0005828900,1
T0005828901,2
T0005828902,2
T0005828906,3
T0005828907,3
T0005828908,3
T0005828909,2
T0005828911,1
T0005828913,2
T0005828915,2
T0005828917,3
T0005828918,1
T0005828921,2
T0005828922,3
T0005828926,2
T0005828928,3
T0005828931,3
T0005828932,2
T0005828938,3
T0005828941,2
T0005828945,2
T0005828946,2
T0005828955,2
T0005828958,1
T0005828959,1
T0005828960,2
T0005828961,3
T0005828965,3
T0005828967,2
T0005828968,2
T0005828971,3
T0005828973,3
T0005828976,2
T0005828977,2
T0005828978,1
T0005828980,3
T0005828987,3
T0005828988,2
T0005828992,2
T0005828996,3
T0005828997,2
T0005829000,2
T0005829001,1
T0005829011,1
T0005829013,3
T0005829014,3
T0005829018,2
T0005829023,3
T0005829025,2
T0005829026,2
T0005829028,2
T0005829032,2
T0005829039,2
T0005829041,2
T0005829043,2
T0005829046,3
T0005829050,2
T0005829051,2
T0005829053,3
T0005829055,2
T0005829057,1
T0005829058,2
T0005829059,1
T0005829060,3
T0005829064,2
T0005829066,3
T0005829067,3
T0005829073,3
T0005829074,2
T0005829078,2
T0005829079,3
T0005829080,1
T0005829088,2
T0005829090,1
T0005829091,2
T0005829092,2
T0005829098,3
T0005829103,2
T0005829106,2
T0005829107,2
T0005829111,3
T0005829119,2
T0005829120,2
T0005829123,2
T0005829128,3
T0005829129,3
T0005829130,2
T0005829132,2
T0005829136,2
T0005829137,1
T0005829139,2
T0005829141,3
T0005829145,3
T0005829147,1
T0005829150,3
T0005829156,1
T0005829161,2
T0005829162,3
T0005829163,1
T0005829164,2
T0005829166,2
T0005829168,3
T0005829174,3
T0005829176,1
T0005829179,2
T0005829184,2
T0005829185,2
T0005829196,2
T0005829197,1
T0005829199,1
T0005829201,3
T0005829203,1
T0005829205,2
T0005829207,3
T0005829214,2
T0005829216,2
T0005829219,2
T0005829223,2
T0005829227,2
T0005829229,2
T0005829231,2
T0005829233,2
T0005829235,2
T0005829236,3
T0005829239,2
T0005829240,2
T0005829243,2
T0005829247,3
T0005829254,2
T0005829257,2
T0005829258,2
T0005829260,2
T0005829261,2
T0005829262,2
T0005829263,2
T0005829264,3
T0005829268,2
T0005829272,1
T0005829273,2
T0005829275,2
T0005829277,1
T0005829281,3
T0005829283,2
T0005829284,1
T0005829285,3
T0005829290,2
T0005829299,1
T0005829303,2
T0005829304,3
T0005829309,1
T0005829314,1
T0005829315,1
T0005829320,2
T0005829323,2
T0005829328,2
T0005829332,1
T0005829333,2
T0005829338,1
T0005829339,3
T0005829340,1
T0005829342,2
T0005829344,2
T0005829349,2
T0005829356,2
T0005829359,3
T0005829361,3
T0005829367,1
T0005829370,1
T0005829373,2
T0005829374,3
T0005829376,1
T0005829378,2
T0005829379,2
T0005829382,1
T0005829384,1
T0005829387,3
T0005829388,2
T0005829390,2
T0005829393,1
T0005829399,3
T0005829400,3
T0005829403,2
T0005829405,1
T0005829407,1
T0005829408,2
T0005829409,2
T0005829411,2
T0005829413,2
T0005829415,2
T0005829416,3
T0005829418,2
T0005829421,1
T0005829422,2
T0005829424,2
T0005829427,2
T0005829428,2
T0005829429,2
T0005829431,3
T0005829432,3
T0005829434,1
T0005829442,2
T0005829446,3
T0005829447,2
T0005829448,3
T0005829450,3
T0005829454,3
T0005829455,3
T0005829457,1
T0005829458,2
T0005829459,3
T0005829460,2
T0005829462,2
T0005829465,3
T0005829466,2
T0005829471,1
T0005829473,2
T0005829474,3
T0005829476,3
T0005829478,1
T0005829481,2
T0005829483,2
T0005829484,2
T0005829489,3
T0005829491,1
T0005829492,3
T0005829494,3
T0005829496,2
T0005829498,1
T0005829499,2
T0005829502,2
T0005829505,2
T0005829507,1
T0005829509,2
T0005829511,3
T0005829514,2
T0005829518,1
T0005829519,2
T0005829522,2
T0005829523,2
T0005829526,3
T0005829527,2
T0005829528,2
T0005829533,1
T0005829534,3
T0005829537,2
T0005829538,2
T0005829540,2
T0005829543,1
T0005829544,2
T0005829545,2
T0005829546,2
T0005829552,1
T0005829553,3
T0005829554,2
T0005829557,3
T0005829560,2
T0005829561,3
T0005829563,2
T0005829564,2
T0005829565,2
T0005829566,2
T0005829568,3
T0005829569,3
T0005829575,3
T0005829577,3
T0005829580,3
T0005829584,3
T0005829585,2
T0005829588,3
T0005829595,2
T0005829597,2
T0005829600,3
T0005829601,3
T0005829604,3
T0005829607,3
T0005829608,1
T0005829611,1
T0005829615,3
T0005829616,2
T0005829621,3
T0005829622,2
T0005829627,3
T0005829628,2
T0005829630,2
T0005829633,3
T0005829636,2
T0005829640,3
T0005829641,3
T0005829642,1
T0005829643,3
T0005829644,2
T0005829646,2
T0005829647,3
T0005829651,1
T0005829656,1
T0005829659,3
T0005829660,3
T0005829661,3
T0005829662,3
T0005829667,2
T0005829668,3
T0005829669,2
T0005829672,2
T0005829673,3
T0005829678,2
T0005829679,1
T0005829681,2
T0005829682,2
T0005829683,2
T0005829685,3
T0005829686,2
T0005829688,2
T0005829690,3
T0005829692,1
T0005829694,3
T0005829695,2
T0005829697,2
T0005829698,2
T0005829701,2
T0005829702,2
T0005829709,2
T0005829712,3
T0005829717,2
T0005829719,3
T0005829721,3
T0005829727,2
T0005829735,2
T0005829737,1
T0005829740,2
T0005829741,2
T0005829742,2
T0005829743,2
T0005829744,1
T0005829745,3
T0005829746,2
T0005829750,2
T0005829752,2
T0005829753,2
T0005829757,2
T0005829759,3
T0005829760,3
T0005829763,3
T0005829765,1
T0005829767,3
T0005829772,2
T0005829781,2
T0005829782,3
T0005829783,1
T0005829784,2
T0005829786,3
T0005829788,2
T0005829792,1
T0005829793,2
T0005829795,3
T0005829796,2
T0005829797,2
T0005829799,1
T0005829801,1
T0005829802,3
T0005829803,2
T0005829806,2
T0005829808,2
T0005829809,2
T0005829811,2
T0005829813,1
T0005829814,3
T0005829819,2
T0005829821,3
T0005829822,3
T0005829825,2
T0005829826,2
T0005829827,1
T0005829831,2
T0005829832,2
T0005829834,3
T0005829838,3
T0005829840,3
T0005829842,3
T0005829843,1
T0005829844,1
T0005829845,2
T0005829853,2
T0005829855,2
T0005829860,2
T0005829861,3
T0005829862,3
T0005829863,3
T0005829869,3
T0005829872,2
T0005829875,2
T0005829877,2
T0005829878,2
T0005829879,3
T0005829882,2
T0005829883,2
T0005829888,2
T0005829889,1
T0005829891,2
T0005829896,1
T0005829900,3
T0005829904,2
T0005829905,2
T0005829906,2
T0005829913,2
T0005829914,2
T0005829915,2
T0005829916,1
T0005829917,2
T0005829919,2
T0005829920,2
T0005829925,2
T0005829926,2
T0005829928,3
T0005829930,1
T0005829931,3
T0005829932,2
T0005829934,2
T0005829937,1
T0005829940,3
T0005829941,1
T0005829942,3
T0005829943,3
T0005829948,2
T0005829951,2
T0005829953,2
T0005829957,2
T0005829959,1
T0005829962,1
T0005829963,2
T0005829964,1
T0005829967,2
T0005829970,3
T0005829972,2
T0005829973,1
T0005829976,2
T0005829977,2
T0005829978,2
T0005829984,1
T0005829989,2
T0005829990,2
T0005829994,2
T0005829998,2
T0005830002,3
T0005830006,3
T0005830007,2
T0005830009,2
T0005830010,2
T0005830018,3
T0005830019,2
T0005830024,2
T0005830026,2
T0005830030,2
T0005830032,2
T0005830035,1
T0005830036,3
T0005830037,1
T0005830038,2
T0005830040,2
T0005830046,3
T0005830047,2
T0005830049,2
T0005830050,1
T0005830051,3
T0005830052,2
T0005830053,3
T0005830054,2
T0005830063,3
T0005830064,3
T0005830065,3
T0005830071,2
T0005830077,3
T0005830081,3
T0005830084,1
T0005830088,2
T0005830091,3
T0005830094,1
T0005830096,3
T0005830097,2
T0005830102,3
T0005830103,3
T0005830104,2
T0005830105,2
T0005830106,1
T0005830108,2
T0005830115,2
T0005830118,3
T0005830119,3
T0005830120,3
T0005830126,2
T0005830127,1
T0005830131,3
T0005830132,1
T0005830133,3
T0005830134,1
T0005830135,3
T0005830136,3
T0005830143,3
T0005830145,2
T0005830151,3
T0005830154,2
T0005830155,1
T0005830156,2
T0005830158,2
T0005830159,2
T0005830160,2
T0005830161,1
T0005830164,2
T0005830167,2
T0005830172,2
T0005830176,1
T0005830177,2
T0005830178,3
T0005830183,2
T0005830184,1
T0005830186,2
T0005830192,3
T0005830195,3
T0005830196,2
T0005830197,3
T0005830200,2
T0005830201,1
T0005830202,2
T0005830206,2
T0005830208,2
T0005830218,1
T0005830219,2
T0005830222,1
T0005830223,2
T0005830228,2
T0005830233,3
T0005830235,2
T0005830236,1
T0005830237,2
T0005830240,3
T0005830241,2
T0005830242,3
T0005830246,2
T0005830247,2
T0005830251,1
T0005830254,2
T0005830256,3
T0005830257,2
T0005830258,3
T0005830259,2
T0005830261,2
T0005830263,1
T0005830264,2
T0005830265,2
T0005830266,3
T0005830276,1
T0005830280,3
T0005830281,2
T0005830282,2
T0005830285,2
T0005830287,2
T0005830292,2
T0005830296,2
T0005830299,2
T0005830300,3
T0005830302,2
T0005830303,2
T0005830306,1
T0005830310,2
T0005830312,2
T0005830315,3
T0005830317,3
T0005830320,2
T0005830321,1
T0005830322,3
T0005830323,3
T0005830326,2
T0005830329,2
T0005830330,2
T0005830332,3
T0005830334,3
T0005830335,2
T0005830337,1
T0005830338,1
T0005830339,1
T0005830341,2
T0005830343,1
T0005830344,2
T0005830347,2
T0005830350,2
T0005830359,2
T0005830361,2
T0005830362,2
T0005830364,2
T0005830365,2
T0005830368,2
T0005830373,3
T0005830375,2
T0005830376,1
T0005830384,3
T0005830393,2
T0005830396,3
T0005830401,1
T0005830404,3
T0005830405,3
T0005830409,2
T0005830412,2
T0005830416,3
T0005830427,3
T0005830428,2
T0005830429,2
T0005830431,2
T0005830437,3
T0005830438,3
T0005830439,2
T0005830441,2
T0005830442,2
T0005830446,2
T0005830447,2
T0005830451,2
T0005830452,2
T0005830455,2
T0005830457,3
T0005830461,2
T0005830463,2
T0005830464,2
T0005830466,1
T0005830467,2
T0005830468,3
T0005830469,2
T0005830471,3
T0005830482,2
T0005830483,3
T0005830485,2
T0005830486,2
T0005830490,1
T0005830491,1
T0005830493,3
T0005830494,2
T0005830495,1
T0005830497,2
T0005830498,1
T0005830499,3
T0005830500,1
T0005830501,3
T0005830502,2
T0005830503,2
T0005830505,3
T0005830508,2
T0005830509,1
T0005830515,1
T0005830517,3
T0005830522,1
T0005830527,3
T0005830531,2
T0005830532,2
T0005830534,1
T0005830539,2
T0005830545,2
T0005830546,1
T0005830548,2
T0005830550,2
T0005830554,2
T0005830555,1
T0005830556,2
T0005830564,2
T0005830568,2
T0005830570,1
T0005830572,3
T0005830573,2
T0005830575,2
T0005830578,2
T0005830581,3
T0005830583,2
T0005830585,1
T0005830586,2
T0005830587,1
T0005830588,2
T0005830589,1
T0005830594,1
T0005830595,3
T0005830599,1
T0005830603,1
T0005830607,1
T0005830608,3
T0005830611,2
T0005830614,1
T0005830617,3
T0005830620,2
T0005830621,2
T0005830626,3
T0005830631,1
T0005830633,1
T0005830636,3
T0005830640,3
T0005830646,2
T0005830648,2
T0005830653,2
T0005830655,1
T0005830657,1
T0005830659,3
T0005830665,2
T0005830667,2
T0005830668,2
T0005830669,2
T0005830673,3
T0005830675,2
T0005830676,2
T0005830677,3
T0005830678,2
T0005830679,1
T0005830681,3
T0005830683,2
T0005830687,2
T0005830692,2
T0005830693,3
T0005830694,1
T0005830695,1
T0005830699,2
T0005830700,1
T0005830701,1
T0005830702,3
T0005830705,2
T0005830706,3
T0005830708,2
T0005830710,2
T0005830711,2
T0005830713,2
T0005830717,3
T0005830718,2
T0005830726,2
T0005830727,3
T0005830728,2
T0005830729,3
T0005830732,2
T0005830733,3
T0005830735,2
T0005830739,3
T0005830740,3
T0005830744,3
T0005830747,3
T0005830750,3
T0005830751,1
T0005830752,2
T0005830754,2
T0005830755,2
T0005830757,2
T0005830772,3
T0005830773,3
T0005830775,2
T0005830778,3
T0005830783,1
T0005830784,3
T0005830787,3
T0005830790,3
T0005830791,2
T0005830792,1
T0005830793,3
T0005830794,2
T0005830802,2
T0005830806,2
T0005830807,2
T0005830809,2
T0005830816,1
T0005830822,3
T0005830823,3
T0005830824,2
T0005830827,1
T0005830828,3
T0005830829,3
T0005830830,2
T0005830839,1
T0005830843,2
T0005830844,1
T0005830846,2
T0005830847,3
T0005830850,2
T0005830852,3
T0005830853,2
T0005830860,3
T0005830862,1
T0005830864,2
T0005830867,2
T0005830871,2
T0005830873,2
T0005830875,2
T0005830876,3
T0005830881,3
T0005830883,2
T0005830887,2
T0005830888,2
T0005830889,2
T0005830890,2
T0005830893,1
T0005830895,1
T0005830896,2
T0005830898,2
T0005830900,3
T0005830907,3
T0005830912,3
T0005830914,3
T0005830919,1
T0005830921,2
T0005830922,3
T0005830924,2
T0005830926,2
T0005830928,2
T0005830933,1
T0005830934,2
T0005830938,2
T0005830941,2
T0005830942,3
T0005830946,3
T0005830947,3
T0005830949,1
T0005830951,3
T0005830953,3
T0005830957,2
T0005830959,2
T0005830960,2
T0005830968,2
T0005830972,2
T0005830974,2
T0005830975,2
T0005830976,3
T0005830978,1
T0005830980,3
T0005830982,2
T0005830984,2
T0005830985,2
T0005830989,1
T0005830990,2
T0005830991,1
T0005830994,3
T0005830996,2
T0005831004,2
T0005831007,3
T0005831008,2
T0005831012,3
T0005831014,2
T0005831016,2
T0005831019,3
T0005831020,2
T0005831025,2
T0005831027,3
T0005831029,3
T0005831031,1
T0005831033,3
T0005831034,2
T0005831037,2
T0005831039,2
T0005831041,3
T0005831045,1
T0005831046,3
T0005831051,2
T0005831053,3
T0005831059,2
T0005831061,1
T0005831062,2
T0005831063,1
T0005831064,2
T0005831066,3
T0005831070,3
T0005831071,1
T0005831079,1
T0005831080,3
T0005831081,2
T0005831084,2
T0005831086,3
T0005831088,3
T0005831090,2
T0005831091,1
T0005831092,3
T0005831096,3
T0005831097,2
T0005831098,1
T0005831099,2
T0005831100,2
T0005831104,2
T0005831105,2
T0005831108,2
T0005831114,2
T0005831118,2
T0005831122,3
T0005831123,1
T0005831128,1
T0005831129,2
T0005831132,1
T0005831133,2
T0005831137,2
T0005831138,3
T0005831140,3
T0005831141,1
T0005831144,3
T0005831148,2
T0005831149,2
T0005831150,3
T0005831155,2
T0005831156,1
T0005831161,1
T0005831163,3
T0005831165,3
T0005831168,1
T0005831171,1
T0005831172,3
T0005831173,1
T0005831174,3
T0005831175,1
T0005831182,3
T0005831189,2
T0005831191,1
T0005831196,2
T0005831197,1
T0005831199,2
T0005831200,1
T0005831202,2
T0005831203,3
T0005831204,1
T0005831207,3
T0005831208,3
T0005831209,2
T0005831210,2
T0005831214,2
T0005831217,2
T0005831221,2
T0005831227,2
T0005831229,2
T0005831232,2
T0005831235,1
T0005831241,2
T0005831243,2
T0005831244,2
T0005831245,2
T0005831246,2
T0005831250,1
T0005831255,2
T0005831256,3
T0005831257,1
T0005831258,2
T0005831265,3
T0005831266,2
T0005831268,3
T0005831269,3
T0005831270,1
T0005831271,2
T0005831283,2
T0005831285,2
T0005831287,1
T0005831288,2
T0005831292,2
T0005831294,3
T0005831296,2
T0005831298,2
T0005831300,1
T0005831302,3
T0005831306,2
T0005831307,2
T0005831309,3
T0005831313,2
T0005831314,3
T0005831317,2
T0005831321,2
T0005831323,3
T0005831325,2
T0005831327,3
T0005831329,2
T0005831331,2
T0005831335,1
T0005831336,1
T0005831338,2
T0005831342,2
T0005831348,2
T0005831351,2
T0005831354,2
T0005831356,2
T0005831360,1
T0005831362,2
T0005831363,2
T0005831365,2
T0005831370,1
T0005831374,2
T0005831375,1
T0005831376,3
T0005831380,3
T0005831382,2
T0005831385,2
T0005831386,2
T0005831387,3
T0005831390,2
T0005831391,2
T0005831392,2
T0005831394,3
T0005831396,3
T0005831401,3
T0005831404,3
T0005831411,2
T0005831413,1
T0005831419,3
T0005831424,2
T0005831426,3
T0005831432,3
T0005831433,2
T0005831434,1
T0005831435,2
T0005831436,1
T0005831438,1
T0005831439,3
T0005831446,1
T0005831447,2
T0005831448,2
T0005831449,2
T0005831450,3
T0005831451,1
T0005831459,1
T0005831461,2
T0005831462,2
T0005831463,2
T0005831465,3
T0005831469,3
T0005831472,1
T0005831473,3
T0005831474,3
T0005831475,2
T0005831477,2
T0005831478,3
T0005831480,2
T0005831485,3
T0005831487,3
T0005831491,2
T0005831498,2
T0005831500,3
T0005831502,3
T0005831503,3
T0005831504,2
T0005831507,3
T0005831510,2
T0005831516,3
T0005831517,2
T0005831519,1
T0005831522,3
T0005831524,2
T0005831529,3
T0005831530,3
T0005831531,3
T0005831533,3
T0005831537,2
T0005831539,1
T0005831541,2
T0005831543,3
T0005831549,3
T0005831554,3
T0005831560,3
T0005831562,2
T0005831564,3
T0005831568,2
T0005831570,3
T0005831575,2
T0005831581,2
T0005831583,2
T0005831589,3
T0005831597,3
T0005831598,1
T0005831600,1
T0005831604,3
T0005831605,2
T0005831611,2
T0005831616,2
T0005831617,2
T0005831618,2
T0005831619,2
T0005831625,1
T0005831626,3
T0005831628,2
T0005831635,2
T0005831637,1
T0005831640,1
T0005831643,2
T0005831647,1
T0005831651,1
T0005831655,2
T0005831656,3
T0005831658,2
T0005831659,1
T0005831660,2
T0005831667,1
T0005831669,2
T0005831672,2
T0005831673,2
T0005831677,2
T0005831682,2
T0005831684,3
T0005831686,1
T0005831687,2
T0005831688,2
T0005831690,2
T0005831695,2
T0005831699,3
T0005831704,3
T0005831708,2
T0005831711,2
T0005831715,1
T0005831716,2
T0005831717,2
T0005831718,1
T0005831719,2
T0005831723,2
T0005831725,3
T0005831728,2
T0005831733,3
T0005831734,2
T0005831735,2
T0005831736,1
T0005831738,2
T0005831742,2
T0005831743,3
T0005831745,3
T0005831747,2
T0005831748,2
T0005831755,1
T0005831757,2
T0005831762,2
T0005831764,2
T0005831765,1
T0005831766,3
T0005831768,2
T0005831770,2
T0005831772,2
T0005831775,1
T0005831777,3
T0005831779,1
T0005831780,3
T0005831782,2
T0005831784,2
T0005831785,2
T0005831786,2
T0005831789,1
T0005831793,3
T0005831794,2
T0005831797,2
T0005831798,2
T0005831800,3
T0005831801,2
T0005831802,2
T0005831804,2
T0005831805,2
T0005831806,1
T0005831809,3
T0005831811,2
T0005831821,3
T0005831822,2
T0005831825,2
T0005831826,3
T0005831830,1
T0005831831,2
T0005831832,3
T0005831835,1
T0005831836,2
T0005831841,2
T0005831842,2
T0005831844,2
T0005831847,1
T0005831848,3
T0005831850,3
T0005831854,2
T0005831856,2
T0005831861,3
T0005831868,2
T0005831872,3
T0005831874,2
T0005831877,2
T0005831879,3
T0005831880,2
T0005831881,3
T0005831883,3
T0005831887,3
T0005831889,2
T0005831890,3
T0005831893,1
T0005831897,2
T0005831898,1
T0005831899,2
T0005831902,3
T0005831903,3
T0005831904,2
T0005831905,3
T0005831907,3
T0005831910,2
T0005831912,2
T0005831914,3
T0005831923,2
T0005831926,3
T0005831929,3
T0005831931,2
T0005831932,2
T0005831935,2
T0005831936,3
T0005831940,3
T0005831944,2
T0005831945,1
T0005831946,3
T0005831947,2
T0005831953,3
T0005831958,3
T0005831959,2
T0005831960,2
T0005831962,2
T0005831963,1
T0005831964,2
T0005831972,2
T0005831973,1
T0005831974,2
T0005831976,3
T0005831980,2
T0005831981,3
T0005831985,3
T0005831989,1
T0005831991,1
T0005831996,2
T0005831998,2
T0005832000,2
T0005832005,2
T0005832006,1
T0005832009,1
T0005832010,2
T0005832013,1
T0005832016,1
T0005832021,3
T0005832023,2
T0005832025,1
T0005832028,2
T0005832030,2
T0005832033,3
T0005832036,1
T0005832038,1
T0005832040,2
T0005832041,1
T0005832045,2
T0005832054,2
T0005832057,1
T0005832063,3
T0005832064,2
T0005832066,2
T0005832068,2
T0005832069,3
T0005832072,1
T0005832073,2
T0005832075,2
T0005832076,3
T0005832078,1
T0005832079,3
T0005832081,2
T0005832084,2
T0005832085,3
T0005832086,1
T0005832087,2
T0005832088,2
T0005832089,2
T0005832090,2
T0005832091,1
T0005832092,1
T0005832093,2
T0005832097,3
T0005832100,1
T0005832106,2
T0005832107,2
T0005832108,2
T0005832113,1
T0005832117,1
T0005832120,2
T0005832122,3
T0005832123,1
T0005832126,3
T0005832127,1
T0005832132,2
T0005832134,1
T0005832135,2
T0005832136,3
T0005832137,1
T0005832139,1
T0005832140,3
T0005832141,2
T0005832143,2
T0005832145,3
T0005832146,2
T0005832148,2
T0005832154,3
T0005832155,2
T0005832162,2
T0005832163,2
T0005832165,3
T0005832166,2
T0005832172,2
T0005832174,3
T0005832177,2
T0005832181,2
T0005832186,2
T0005832189,2
T0005832190,2
T0005832191,1
T0005832192,2
T0005832193,3
T0005832195,2
T0005832196,1
T0005832197,2
T0005832200,3
T0005832202,3
T0005832203,1
T0005832204,2
T0005832205,3
T0005832206,3
T0005832209,3
T0005832210,3
T0005832216,2
T0005832218,3
T0005832219,2
T0005832222,1
T0005832225,2
T0005832226,2
T0005832230,2
T0005832232,1
T0005832233,2
T0005832235,2
T0005832237,1
T0005832239,2
T0005832240,1
T0005832241,3
T0005832242,3
T0005832244,2
T0005832246,1
T0005832251,2
T0005832253,2
T0005832254,2
T0005832260,2
T0005832266,2
T0005832271,2
T0005832277,3
T0005832281,2
T0005832285,2
T0005832286,3
T0005832287,3
T0005832288,1
T0005832290,1
T0005832292,2
T0005832295,3
T0005832296,2
T0005832303,2
T0005832304,2
T0005832305,3
T0005832306,3
T0005832310,3
T0005832311,3
T0005832313,2
T0005832316,1
T0005832317,3
T0005832318,2
T0005832319,3
T0005832325,3
T0005832337,3
T0005832338,2
T0005832339,3
T0005832342,3
T0005832343,1
T0005832344,3
T0005832345,1
T0005832346,2
T0005832347,2
T0005832349,2
T0005832353,1
T0005832354,3
T0005832355,3
T0005832358,3
T0005832359,3
T0005832364,2
T0005832365,2
T0005832367,3
T0005832372,2
T0005832374,2
T0005832376,2
T0005832377,2
T0005832379,2
T0005832380,1
T0005832382,2
T0005832384,2
T0005832386,3
T0005832389,1
T0005832390,2
T0005832391,2
T0005832392,2
T0005832393,1
T0005832394,1
T0005832397,3
T0005832398,2
T0005832399,2
T0005832400,2
T0005832403,2
T0005832405,3
T0005832412,2
T0005832415,2
T0005832418,2
T0005832419,2
T0005832421,2
T0005832428,2
T0005832429,2
T0005832430,1
T0005832432,3
T0005832433,2
T0005832435,2
T0005832436,2
T0005832438,2
T0005832444,2
T0005832445,3
T0005832447,2
T0005832449,2
T0005832451,2
T0005832454,1
T0005832457,2
T0005832460,2
T0005832463,2
T0005832464,1
T0005832466,2
T0005832467,3
T0005832468,3
T0005832469,2
T0005832473,2
T0005832475,2
T0005832476,1
T0005832477,2
T0005832478,2
T0005832481,2
T0005832482,2
T0005832483,1
T0005832484,1
T0005832486,1
T0005832487,2
T0005832489,3
T0005832491,3
T0005832492,2
T0005832493,2
T0005832494,2
T0005832495,3
T0005832498,3
T0005832500,2
T0005832501,2
T0005832503,3
T0005832513,2
T0005832515,3
T0005832517,1
T0005832520,1
T0005832524,1
T0005832525,3
T0005832526,1
T0005832532,2
T0005832534,2
T0005832536,3
T0005832539,2
T0005832540,3
T0005832541,3
T0005832545,1
T0005832546,2
T0005832551,3
T0005832553,2
T0005832555,2
T0005832560,3
T0005832561,2
T0005832562,2
T0005832563,3
T0005832568,1
T0005832571,1
T0005832576,2
T0005832578,2
T0005832579,2
T0005832580,3
T0005832581,2
T0005832589,2
T0005832592,2
T0005832596,2
T0005832598,3
T0005832599,3
T0005832604,1
T0005832605,3
T0005832607,3
T0005832610,2
T0005832611,2
T0005832612,2
T0005832617,2
T0005832619,3
T0005832620,2
T0005832623,2
T0005832625,2
T0005832626,3
T0005832627,3
T0005832633,2
T0005832635,3
T0005832638,3
T0005832643,1
T0005832645,2
T0005832649,1
T0005832652,2
T0005832653,2
T0005832656,3
T0005832659,2
T0005832665,2
T0005832666,3
T0005832669,1
T0005832677,1
T0005832678,3
T0005832680,1
T0005832682,2
T0005832683,2
T0005832685,1
T0005832688,2
T0005832689,2
T0005832691,3
T0005832693,2
T0005832695,3
T0005832697,2
T0005832699,2
T0005832700,2
T0005832705,3
T0005832707,2
T0005832712,3
T0005832719,3
T0005832724,2
T0005832725,2
T0005832726,2
T0005832734,1
T0005832737,1
T0005832738,2
T0005832742,1
T0005832747,2
T0005832748,3
T0005832749,2
T0005832753,2
T0005832755,3
T0005832756,2
T0005832758,2
T0005832759,3
T0005832760,3
T0005832762,2
T0005832763,2
T0005832768,2
T0005832770,3
T0005832773,3
T0005832774,3
T0005832780,2
T0005832781,3
T0005832785,2
T0005832786,2
T0005832787,3
T0005832793,1
T0005832797,2
T0005832798,1
T0005832808,2
T0005832809,1
T0005832819,2
T0005832820,1
T0005832822,2
T0005832824,2
T0005832825,2
T0005832826,1
T0005832827,1
T0005832832,3
T0005832835,2
T0005832837,3
T0005832846,2
T0005832849,2
T0005832852,2
T0005832853,1
T0005832856,2
T0005832858,3
T0005832860,2
T0005832861,3
T0005832862,2
T0005832863,1
T0005832864,3
T0005832866,1
T0005832867,2
T0005832868,2
T0005832874,3
T0005832875,2
T0005832876,2
T0005832877,2
T0005832879,2
T0005832880,3
T0005832881,2
T0005832888,1
T0005832889,2
T0005832892,2
T0005832893,1
T0005832901,2
T0005832902,2
T0005832908,2
T0005832915,1
T0005832923,2
T0005832926,1
T0005832928,3
T0005832930,3
T0005832931,2
T0005832932,2
T0005832934,1
T0005832935,3
T0005832937,1
T0005832938,3
T0005832942,2
T0005832948,3
T0005832950,3
T0005832954,3
T0005832955,3
T0005832956,2
T0005832957,1
T0005832958,2
T0005832961,2
T0005832963,3
T0005832966,1
T0005832974,2
T0005832977,3
T0005832978,3
T0005832980,3
T0005832982,2
T0005832987,2
T0005832991,2
T0005832994,2
T0005832995,2
T0005832998,1
T0005833010,1
T0005833011,2
T0005833012,3
T0005833013,3
T0005833014,3
T0005833021,1
T0005833023,3
T0005833026,3
T0005833028,3
T0005833032,2
T0005833034,1
T0005833035,2
T0005833042,3
T0005833044,2
T0005833050,2
T0005833057,3
T0005833059,3
T0005833060,2
T0005833064,2
T0005833066,1
T0005833068,1
T0005833072,2
T0005833075,3
T0005833076,1
T0005833080,2
T0005833081,3
T0005833082,3
T0005833084,3
T0005833086,2
T0005833087,3
T0005833088,3
T0005833095,3
T0005833096,3
T0005833100,2
T0005833102,2
T0005833106,2
T0005833108,1
T0005833109,1
T0005833113,2
T0005833116,3
T0005833117,2
T0005833118,3
T0005833121,3
T0005833124,1
T0005833135,3
T0005833136,1
T0005833137,2
T0005833140,1
T0005833146,3
T0005833150,2
T0005833151,2
T0005833153,3
T0005833158,3
T0005833161,2
T0005833169,3
T0005833170,1
T0005833172,1
T0005833173,2
T0005833176,2
T0005833177,3
T0005833178,3
T0005833180,2
T0005833185,2
T0005833187,3
T0005833194,3
T0005833197,3
T0005833201,2
T0005833202,3
T0005833208,3
T0005833214,3
T0005833215,2
T0005833219,2
T0005833220,2
T0005833222,2
T0005833223,2
T0005833225,1
T0005833230,3
T0005833234,2
T0005833238,3
T0005833239,2
T0005833240,3
T0005833241,2
T0005833244,2
T0005833247,3
T0005833248,3
T0005833255,2
T0005833257,1
T0005833258,3
T0005833268,2
T0005833270,2
T0005833271,2
T0005833272,2
T0005833276,1
T0005833277,2
T0005833279,3
T0005833280,2
T0005833282,2
T0005833288,3
T0005833289,1
T0005833290,1
T0005833292,2
T0005833293,2
T0005833295,1
T0005833297,2
T0005833298,2
T0005833301,3
T0005833302,2
T0005833309,2
T0005833310,2
T0005833314,2
T0005833315,3
T0005833316,3
T0005833320,3
T0005833321,2
T0005833324,1
T0005833327,3
T0005833328,2
T0005833330,3
T0005833331,2
T0005833332,1
T0005833334,2
T0005833338,1
T0005833340,1
T0005833345,2
T0005833346,1
T0005833347,3
T0005833348,2
T0005833352,2
T0005833357,2
T0005833358,2
T0005833359,2
T0005833363,2
T0005833364,3
T0005833367,1
T0005833368,2
T0005833369,2
T0005833371,2
T0005833372,3
T0005833374,3
T0005833375,2
T0005833377,2
T0005833378,3
T0005833380,2
T0005833384,3
T0005833386,3
T0005833387,2
T0005833389,3
T0005833391,3
T0005833393,2
T0005833396,2
T0005833400,3
T0005833401,1
T0005833404,3
T0005833406,1
T0005833410,3
T0005833411,3
T0005833412,3
T0005833413,2
T0005833424,2
T0005833427,3
T0005833430,2
T0005833432,2
T0005833436,2
T0005833438,3
T0005833440,2
T0005833441,3
T0005833442,1
T0005833448,2
T0005833449,2
T0005833451,3
T0005833452,1
T0005833455,2
T0005833456,3
T0005833457,2
T0005833458,3
T0005833460,3
T0005833464,1
T0005833465,2
T0005833466,3
T0005833467,2
T0005833468,1
T0005833472,2
T0005833473,2
T0005833474,1
T0005833476,1
T0005833477,1
T0005833478,1
T0005833479,2
T0005833481,3
T0005833482,2
T0005833488,3
T0005833491,2
T0005833492,2
T0005833500,3
T0005833504,3
T0005833505,2
T0005833508,2
T0005833509,2
T0005833510,2
T0005833513,3
T0005833514,3
T0005833520,3
T0005833527,2
T0005833529,3
T0005833531,1
T0005833536,3
T0005833537,1
T0005833539,3
T0005833541,3
T0005833542,2
T0005833546,3
T0005833547,3
T0005833553,2
T0005833558,1
T0005833559,2
T0005833561,3
T0005833562,2
T0005833564,1
T0005833566,2
T0005833567,2
T0005833568,2
T0005833569,2
T0005833575,3
T0005833576,1
T0005833579,2
T0005833580,2
T0005833582,3
T0005833585,2
T0005833586,3
T0005833589,1
T0005833592,1
T0005833594,2
T0005833596,2
T0005833598,3
T0005833604,3
T0005833605,2
T0005833606,3
T0005833611,3
T0005833614,1
T0005833621,2
T0005833623,1
T0005833624,2
T0005833625,3
T0005833626,3
T0005833627,2
T0005833628,2
T0005833632,3
T0005833635,3
T0005833637,3
T0005833638,2
T0005833639,2
T0005833642,1
T0005833644,3
T0005833649,2
T0005833650,3
T0005833656,2
T0005833658,2
T0005833659,3
T0005833660,2
T0005833661,1
T0005833663,2
T0005833668,3
T0005833669,3
T0005833670,2
T0005833675,2
T0005833676,2
T0005833679,2
T0005833680,2
T0005833682,3
T0005833683,3
T0005833685,2
T0005833686,1
T0005833687,3
T0005833690,2
T0005833694,2
T0005833695,2
T0005833696,3
T0005833699,2
T0005833704,2
T0005833708,2
T0005833709,2
T0005833710,1
T0005833711,1
T0005833712,2
T0005833715,2
T0005833716,1
T0005833718,2
T0005833719,2
T0005833726,3
T0005833728,2
T0005833729,2
T0005833731,2
T0005833736,3
T0005833742,2
T0005833743,1
T0005833745,2
T0005833746,3
T0005833749,2
T0005833752,3
T0005833753,2
T0005833760,3
T0005833762,2
T0005833763,1
T0005833764,2
T0005833766,3
T0005833767,2
T0005833768,1
T0005833774,2
T0005833776,3
T0005833779,2
T0005833780,2
T0005833786,2
T0005833787,3
T0005833789,3
T0005833790,2
T0005833792,2
T0005833798,1
T0005833799,3
T0005833800,3
T0005833801,2
T0005833804,2
T0005833813,2
T0005833814,2
T0005833815,2
T0005833816,1
T0005833817,2
T0005833825,3
T0005833835,3
T0005833838,3
T0005833848,1
T0005833849,2
T0005833850,1
T0005833851,3
T0005833852,1
T0005833853,2
T0005833854,2
T0005833860,2
T0005833862,1
T0005833867,2
T0005833868,3
T0005833870,2
T0005833875,3
T0005833877,2
T0005833880,2
T0005833884,1
T0005833888,2
T0005833889,3
T0005833890,2
T0005833891,1
T0005833892,2
T0005833896,2
T0005833898,2
T0005833904,3
T0005833905,2
T0005833909,3
T0005833911,2
T0005833913,2
T0005833914,2
T0005833915,2
T0005833919,3
T0005833921,2
T0005833923,2
T0005833930,2
T0005833932,2
T0005833935,3
T0005833937,2
T0005833938,2
T0005833943,3
T0005833945,2
T0005833946,2
T0005833951,2
T0005833953,2
T0005833955,3
T0005833957,2
T0005833959,1
T0005833960,3
T0005833961,3
T0005833965,2
T0005833967,3
T0005833969,1
T0005833970,3
T0005833975,1
T0005833976,1
T0005833981,2
T0005833982,2
T0005833983,2
T0005833985,3
T0005833987,3
T0005833988,2
T0005833990,2
T0005833994,3
T0005833995,2
T0005833996,3
T0005833997,2
T0005833999,1
T0005834000,2
T0005834005,2
T0005834007,3
T0005834009,2
T0005834011,1
T0005834012,1
T0005834013,2
T0005834014,1
T0005834016,3
T0005834022,1
T0005834024,2
T0005834025,3
T0005834026,1
T0005834028,1
T0005834031,2
T0005834033,3
T0005834035,2
T0005834041,3
T0005834042,2
T0005834045,3
T0005834048,1
T0005834051,2
T0005834054,2
T0005834055,3
T0005834058,2
T0005834060,3
T0005834061,2
T0005834067,2
T0005834068,2
T0005834071,2
T0005834074,2
T0005834076,3
T0005834080,2
T0005834081,2
T0005834085,2
T0005834093,3
T0005834095,3
T0005834096,2
T0005834097,2
T0005834103,2
T0005834105,2
T0005834107,2
T0005834110,2
T0005834111,2
T0005834116,3
T0005834117,2
T0005834123,3
T0005834124,1
T0005834126,2
T0005834127,3
T0005834128,3
T0005834129,2
T0005834132,2
T0005834133,2
T0005834139,2
T0005834140,2
T0005834141,1
T0005834144,3
T0005834146,3
T0005834150,2
T0005834152,2
T0005834157,2
T0005834161,1
T0005834162,1
T0005834164,1
T0005834167,1
T0005834168,2
T0005834171,2
T0005834172,3
T0005834175,2
T0005834180,1
T0005834183,2
T0005834186,3
T0005834187,2
T0005834188,1
T0005834190,2
T0005834194,3
T0005834195,3
T0005834198,2
T0005834200,2
T0005834204,1
T0005834205,1
T0005834206,3
T0005834209,1
T0005834210,3
T0005834211,1
T0005834215,2
T0005834216,1
T0005834218,3
T0005834220,2
T0005834224,2
T0005834225,3
T0005834228,1
T0005834231,1
T0005834233,2
T0005834237,3
T0005834238,2
T0005834242,3
T0005834244,2
T0005834246,2
T0005834248,1
T0005834249,2
T0005834251,3
T0005834253,2
T0005834255,3
T0005834258,1
T0005834264,2
T0005834265,3
T0005834266,3
T0005834267,2
T0005834269,1
T0005834274,1
T0005834278,2
T0005834281,2
T0005834282,2
T0005834286,2
T0005834291,2
T0005834294,3
T0005834295,3
T0005834296,3
T0005834300,1
T0005834301,3
T0005834303,2
T0005834305,1
T0005834309,3
T0005834310,2
T0005834313,2
T0005834314,3
T0005834315,2
T0005834316,2
T0005834317,2
T0005834322,1
T0005834328,3
T0005834329,3
T0005834333,2
T0005834335,3
T0005834336,3
T0005834337,1
T0005834341,2
T0005834343,2
T0005834346,3
T0005834354,2
T0005834358,2
T0005834362,2
T0005834364,2
T0005834371,3
T0005834375,2
T0005834376,1
T0005834381,2
T0005834386,2
T0005834389,2
T0005834391,1
T0005834394,2
T0005834396,1
T0005834399,3
T0005834401,2
T0005834402,3
T0005834407,2
T0005834409,2
T0005834414,1
T0005834415,3
T0005834421,3
T0005834424,3
T0005834427,1
T0005834430,1
T0005834433,3
T0005834434,1
T0005834443,2
T0005834444,2
T0005834445,1
T0005834446,2
T0005834449,2
T0005834452,3
T0005834453,2
T0005834454,2
T0005834456,2
T0005834457,2
T0005834459,2
T0005834460,2
T0005834461,2
T0005834467,3
T0005834470,2
T0005834471,3
T0005834472,1
T0005834477,2
T0005834481,3
T0005834485,2
T0005834487,2
T0005834489,3
T0005834491,3
T0005834493,1
T0005834505,3
T0005834506,2
T0005834507,3
T0005834512,1
T0005834515,1
T0005834518,2
T0005834520,3
T0005834522,3
T0005834523,3
T0005834526,3
T0005834527,2
T0005834528,3
T0005834530,2
T0005834531,3
T0005834533,3
T0005834537,2
T0005834538,1
T0005834539,2
T0005834549,1
T0005834550,2
T0005834552,1
T0005834556,3
T0005834557,2
T0005834559,3
T0005834562,2
T0005834563,3
T0005834564,2
T0005834568,3
T0005834572,1
T0005834573,1
T0005834574,1
T0005834579,2
T0005834581,1
T0005834582,3
T0005834584,2
T0005834585,1
T0005834586,2
T0005834589,2
T0005834590,1
T0005834594,3
T0005834598,2
T0005834603,2
T0005834605,3
T0005834608,2
T0005834609,1
T0005834613,3
T0005834614,2
T0005834617,2
T0005834619,2
T0005834620,3
T0005834622,1
T0005834625,3
T0005834626,3
T0005834627,1
T0005834628,1
T0005834629,1
T0005834631,1
T0005834635,1
T0005834636,3
T0005834637,3
T0005834638,3
T0005834639,3
T0005834640,1
T0005834647,2
T0005834648,2
T0005834651,3
T0005834654,2
T0005834655,1
T0005834657,1
T0005834658,3
T0005834659,3
T0005834660,3
T0005834661,3
T0005834665,3
T0005834667,3
T0005834668,3
T0005834672,2
T0005834677,2
T0005834679,2
T0005834683,1
T0005834688,1
T0005834691,2
T0005834694,2
T0005834695,2
T0005834699,2
T0005834710,3
T0005834711,3
T0005834712,3
T0005834713,3
T0005834716,1
T0005834718,2
T0005834721,2
T0005834723,2
T0005834724,2
T0005834726,2
T0005834729,1
T0005834730,1
T0005834733,2
T0005834735,1
T0005834737,2
T0005834742,1
T0005834743,1
T0005834744,2
T0005834745,3
T0005834749,2
T0005834751,2
T0005834752,1
T0005834754,2
T0005834756,2
T0005834758,3
T0005834759,2
T0005834761,1
T0005834764,3
T0005834765,1
T0005834766,3
T0005834772,3
T0005834779,3
T0005834782,2
T0005834784,2
T0005834787,1
T0005834789,2
T0005834790,2
T0005834794,2
T0005834795,3
T0005834797,1
T0005834799,3
T0005834806,2
T0005834810,1
T0005834811,2
T0005834812,1
T0005834813,2
T0005834816,2
T0005834819,2
T0005834822,3
T0005834826,1
T0005834827,1
T0005834831,2
T0005834832,2
T0005834833,3
T0005834834,2
T0005834840,2
T0005834842,1
T0005834843,2
T0005834844,3
T0005834846,1
T0005834847,2
T0005834848,3
T0005834849,3
T0005834851,1
T0005834852,3
T0005834853,3
T0005834862,3
T0005834863,3
T0005834864,2
T0005834868,3
T0005834870,3
T0005834871,2
T0005834873,3
T0005834879,1
T0005834880,3
T0005834882,2
T0005834884,3
T0005834887,2
T0005834888,1
T0005834889,2
T0005834893,2
T0005834895,3
T0005834896,2
T0005834899,3
T0005834901,2
T0005834902,3
T0005834903,3
T0005834904,3
T0005834905,3
T0005834906,3
T0005834908,2
T0005834910,2
T0005834912,2
T0005834913,1
T0005834916,1
T0005834920,3
T0005834921,2
T0005834922,3
T0005834923,1
T0005834924,1
T0005834926,2
T0005834932,1
T0005834933,1
T0005834934,3
T0005834936,1
T0005834938,3
T0005834942,3
T0005834944,2
T0005834953,3
T0005834955,2
T0005834957,1
T0005834961,2
T0005834962,2
T0005834964,1
T0005834965,3
T0005834966,1
T0005834967,2
T0005834969,2
T0005834970,1
T0005834974,2
T0005834975,3
T0005834976,2
T0005834978,2
T0005834979,3
T0005834980,3
T0005834983,2
T0005834984,1
T0005834985,2
T0005834987,2
T0005834988,3
T0005834989,3
T0005834993,1
T0005834994,1
T0005834997,1
T0005834999,1
T0005835004,2
T0005835008,2
T0005835009,2
T0005835011,2
T0005835014,2
T0005835016,2
T0005835017,1
T0005835018,3
T0005835020,3
T0005835021,2
T0005835022,1
T0005835027,1
T0005835032,2
T0005835033,1
T0005835037,2
T0005835041,2
T0005835044,2
T0005835047,3
T0005835050,1
T0005835052,2
T0005835053,2
T0005835055,3
T0005835058,3
T0005835059,1
T0005835061,3
T0005835062,3
T0005835066,1
T0005835070,1
T0005835071,3
T0005835078,2
T0005835080,2
T0005835082,2
T0005835083,1
T0005835087,3
T0005835090,2
T0005835091,2
T0005835092,2
T0005835093,2
T0005835102,3
T0005835106,2
T0005835107,2
T0005835111,2
T0005835112,3
T0005835115,3
T0005835117,2
T0005835121,2
T0005835123,3
T0005835125,2
T0005835126,2
T0005835129,1
T0005835131,3
T0005835133,1
T0005835134,2
T0005835135,1
T0005835136,3
T0005835138,2
T0005835145,3
T0005835149,2
T0005835150,2
T0005835153,2
T0005835154,2
T0005835162,2
T0005835163,3
T0005835164,2
T0005835167,2
T0005835168,2
T0005835170,3
T0005835173,2
T0005835175,2
T0005835176,2
T0005835177,3
T0005835178,2
T0005835179,1
T0005835181,2
T0005835182,2
T0005835188,2
T0005835189,3
T0005835190,1
T0005835200,3
T0005835202,1
T0005835203,2
T0005835204,2
T0005835207,2
T0005835208,3
T0005835209,3
T0005835218,2
T0005835219,2
T0005835220,2
T0005835221,2
T0005835223,2
T0005835225,3
T0005835232,2
T0005835236,2
T0005835237,1
T0005835243,3
T0005835245,3
T0005835249,1
T0005835251,1
T0005835252,2
T0005835254,3
T0005835255,2
T0005835256,1
T0005835262,2
T0005835265,2
T0005835266,3
T0005835268,2
T0005835269,3
T0005835270,2
T0005835273,3
T0005835274,3
T0005835281,3
T0005835282,3
T0005835284,3
T0005835285,1
T0005835288,3
T0005835291,3
T0005835294,3
T0005835296,1
T0005835298,2
T0005835300,1
T0005835305,2
T0005835312,2
T0005835313,2
T0005835316,2
T0005835317,3
T0005835320,1
T0005835322,2
T0005835323,2
T0005835326,2
T0005835327,2
T0005835328,3
T0005835332,3
T0005835334,3
T0005835337,3
T0005835340,2
T0005835345,1
T0005835346,3
T0005835347,1
T0005835350,3
T0005835353,2
T0005835358,2
T0005835360,3
T0005835361,2
T0005835364,2
T0005835365,3
T0005835366,2
T0005835368,1
T0005835369,2
T0005835370,2
T0005835372,3
T0005835374,3
T0005835376,3
T0005835379,2
T0005835381,2
T0005835382,2
T0005835384,3
T0005835390,2
T0005835391,1
T0005835396,3
T0005835403,3
T0005835404,2
T0005835406,1
T0005835407,2
T0005835409,3
T0005835412,1
T0005835416,2
T0005835417,2
T0005835419,2
T0005835420,2
T0005835423,3
T0005835426,2
T0005835428,2
T0005835432,3
T0005835434,2
T0005835437,3
T0005835440,2
T0005835443,1
T0005835444,3
T0005835446,2
T0005835448,2
T0005835450,3
T0005835451,1
T0005835452,2
T0005835454,3
T0005835459,3
T0005835463,2
T0005835466,3
T0005835470,1
T0005835471,1
T0005835474,2
T0005835475,1
T0005835479,3
T0005835484,3
T0005835487,3
T0005835488,2
T0005835493,2
T0005835501,2
T0005835504,3
T0005835505,2
T0005835506,1
T0005835509,1
T0005835511,2
T0005835514,2
T0005835515,3
T0005835518,1
T0005835519,1
T0005835523,3
T0005835525,2
T0005835526,3
T0005835527,1
T0005835535,2
T0005835536,1
T0005835544,1
T0005835546,2
T0005835549,2
T0005835550,2
T0005835553,2
T0005835557,3
T0005835558,2
T0005835562,2
T0005835563,2
T0005835564,1
T0005835565,3
T0005835567,2
T0005835570,1
T0005835575,3
T0005835576,3
T0005835577,3
T0005835578,2
T0005835579,2
T0005835580,3
T0005835581,1
T0005835584,2
T0005835585,3
T0005835586,3
T0005835587,2
T0005835594,2
T0005835596,2
T0005835601,1
T0005835602,2
T0005835606,1
T0005835607,2
T0005835608,2
T0005835618,2
T0005835620,2
T0005835624,2
T0005835628,1
T0005835629,2
T0005835631,2
T0005835634,3
T0005835635,3
T0005835636,1
T0005835637,2
T0005835641,3
T0005835647,2
T0005835651,1
T0005835653,2
T0005835656,3
T0005835663,2
T0005835664,2
T0005835665,3
T0005835671,3
T0005835677,2
T0005835680,3
T0005835685,2
T0005835688,1
T0005835691,1
T0005835695,2
T0005835698,2
T0005835700,2
T0005835701,2
T0005835705,3
T0005835706,2
T0005835707,2
T0005835708,2
T0005835709,2
T0005835710,3
T0005835713,2
T0005835714,3
T0005835715,2
T0005835716,2
T0005835717,3
T0005835719,3
T0005835721,3
T0005835722,1
T0005835725,2
T0005835726,2
T0005835727,2
T0005835729,2
T0005835731,2
T0005835733,3
T0005835736,2
T0005835737,2
T0005835739,3
T0005835741,2
T0005835743,2
T0005835744,3
T0005835746,3
T0005835747,2
T0005835748,1
T0005835749,2
T0005835751,3
T0005835752,3
T0005835754,2
T0005835756,2
T0005835761,2
T0005835765,3
T0005835769,2
T0005835771,1
T0005835773,2
T0005835775,3
T0005835782,2
T0005835786,2
T0005835787,2
T0005835789,2
T0005835791,3
T0005835793,1
T0005835794,2
T0005835796,1
T0005835798,2
T0005835799,3
T0005835800,1
T0005835803,3
T0005835805,3
T0005835806,2
T0005835810,1
T0005835811,3
T0005835813,2
T0005835817,2
T0005835819,2
T0005835820,2
T0005835821,2
T0005835824,2
T0005835825,3
T0005835826,3
T0005835829,2
T0005835831,2
T0005835834,1
T0005835836,2
T0005835839,3
T0005835844,2
T0005835847,3
T0005835849,2
T0005835851,2
T0005835852,2
T0005835854,2
T0005835857,2
T0005835858,3
T0005835860,2
T0005835863,2
T0005835865,2
T0005835866,2
T0005835869,3
T0005835874,3
T0005835877,2
T0005835879,2
T0005835880,2
T0005835889,2
T0005835890,3
T0005835891,2
T0005835894,1
T0005835899,3
T0005835901,3
T0005835902,3
T0005835904,2
T0005835905,1
T0005835908,2
T0005835913,3
T0005835914,3
T0005835916,1
T0005835917,3
T0005835919,2
T0005835920,1
T0005835928,2
T0005835929,3
T0005835937,1
T0005835941,2
T0005835943,2
T0005835946,2
T0005835948,1
T0005835949,2
T0005835954,2
T0005835955,2
T0005835956,1
T0005835957,2
T0005835958,2
T0005835961,1
T0005835962,2
T0005835963,2
T0005835964,3
T0005835966,1
T0005835969,2
T0005835977,2
T0005835981,1
T0005835983,2
T0005835984,3
T0005835986,3
T0005835989,2
T0005835990,2
T0005835992,3
T0005835996,1
T0005835997,2
T0005835999,2
T0005836002,3
T0005836006,1
T0005836008,3
T0005836009,1
T0005836010,3
T0005836012,3
T0005836015,3
T0005836019,3
T0005836021,2
T0005836022,2
T0005836023,3
T0005836026,1
T0005836027,2
T0005836029,3
T0005836030,2
T0005836032,2
T0005836033,1
T0005836035,1
T0005836037,2
T0005836039,3
T0005836041,2
T0005836043,2
T0005836044,3
T0005836046,1
T0005836050,3
T0005836051,2
T0005836052,1
T0005836054,2
T0005836055,3
T0005836060,3
T0005836061,2
T0005836062,1
T0005836063,2
T0005836065,2
T0005836069,2
T0005836073,1
T0005836075,1
T0005836077,1
T0005836079,3
T0005836084,2
T0005836085,2
T0005836086,2
T0005836089,3
T0005836091,3
T0005836092,2
T0005836096,1
T0005836101,2
T0005836102,2
T0005836103,1
T0005836104,2
T0005836106,2
T0005836111,1
T0005836112,3
T0005836113,2
T0005836116,3
T0005836117,2
T0005836119,2
T0005836122,1
T0005836123,3
T0005836124,1
T0005836126,2
T0005836131,1
T0005836135,2
T0005836137,3
T0005836138,1
T0005836141,3
T0005836145,3
T0005836147,2
T0005836152,2
T0005836157,3
T0005836158,1
T0005836159,2
T0005836162,2
T0005836169,2
T0005836172,3
T0005836175,1
T0005836176,3
T0005836177,2
T0005836181,2
T0005836182,2
T0005836186,3
T0005836189,1
T0005836191,2
T0005836193,1
T0005836198,1
T0005836199,3
T0005836202,3
T0005836203,2
T0005836212,1
T0005836214,2
T0005836215,3
T0005836216,3
T0005836217,3
T0005836222,2
T0005836229,3
T0005836230,2
T0005836238,2
T0005836239,1
T0005836240,3
T0005836241,1
T0005836243,1
T0005836244,3
T0005836249,3
T0005836250,2
T0005836254,1
T0005836256,2
T0005836257,2
T0005836261,1
T0005836262,2
T0005836264,2
T0005836265,2
T0005836269,3
T0005836274,3
T0005836275,2
T0005836276,1
T0005836278,2
T0005836279,3
T0005836280,2
T0005836281,3
T0005836282,2
T0005836286,1
T0005836287,2
T0005836288,2
T0005836289,2
T0005836294,2
T0005836299,1
T0005836302,1
T0005836303,3
T0005836306,2
T0005836307,2
T0005836308,2
T0005836311,3
T0005836314,3
T0005836317,3
T0005836322,3
T0005836324,3
T0005836327,1
T0005836329,2
T0005836330,3
T0005836335,2
T0005836337,2
T0005836338,1
T0005836342,2
T0005836343,2
T0005836345,1
T0005836349,2
T0005836350,2
T0005836352,1
T0005836353,3
T0005836355,2
T0005836361,2
T0005836362,2
T0005836363,1
T0005836368,2
T0005836372,3
T0005836374,2
T0005836375,2
T0005836377,2
T0005836380,1
T0005836382,1
T0005836389,2
T0005836390,3
T0005836391,1
T0005836392,2
T0005836394,2
T0005836396,2
T0005836397,1
T0005836400,2
T0005836403,2
T0005836405,2
T0005836407,3
T0005836409,2
T0005836410,3
T0005836413,3
T0005836414,1
T0005836416,3
T0005836417,1
T0005836419,3
T0005836423,2
T0005836426,2
T0005836428,3
T0005836431,2
T0005836440,3
T0005836441,2
T0005836447,2
T0005836453,2
T0005836455,2
T0005836456,3
T0005836461,3
T0005836462,2
T0005836465,2
T0005836466,3
T0005836473,2
T0005836474,3
T0005836476,3
T0005836478,2
T0005836479,2
T0005836483,2
T0005836484,2
T0005836485,2
T0005836489,2
T0005836490,3
T0005836495,2
T0005836498,2
T0005836504,3
T0005836505,1
T0005836507,2
T0005836513,1
T0005836516,2
T0005836518,2
T0005836522,2
T0005836525,2
T0005836527,1
T0005836529,1
T0005836530,2
T0005836531,3
T0005836532,2
T0005836535,2
T0005836538,2
T0005836540,2
T0005836541,2
T0005836544,2
T0005836547,3
T0005836548,3
T0005836549,1
T0005836558,1
T0005836559,3
T0005836561,2
T0005836563,3
T0005836566,2
T0005836567,2
T0005836569,2
T0005836571,3
T0005836575,2
T0005836576,2
T0005836583,3
T0005836589,2
T0005836592,2
T0005836593,1
T0005836596,2
T0005836600,2
T0005836603,3
T0005836609,1
T0005836610,1
T0005836616,2
T0005836618,3
T0005836620,3
T0005836621,3
T0005836622,2
T0005836623,3
T0005836626,1
T0005836627,2
T0005836628,2
T0005836629,2
T0005836630,2
T0005836631,2
T0005836633,2
T0005836634,1
T0005836637,3
T0005836638,2
T0005836646,1
T0005836648,2
T0005836649,1
T0005836650,2
T0005836655,3
T0005836658,3
T0005836660,3
T0005836662,3
T0005836664,3
T0005836668,2
T0005836671,2
T0005836678,2
T0005836679,2
T0005836683,2
T0005836685,2
T0005836686,2
T0005836687,2
T0005836688,2
T0005836690,2
T0005836698,2
T0005836704,1
T0005836707,2
T0005836709,1
T0005836710,3
T0005836713,2
T0005836714,3
T0005836717,2
T0005836719,3
T0005836720,2
T0005836722,3
T0005836727,2
T0005836730,2
T0005836733,3
T0005836734,3
T0005836736,2
T0005836737,2
T0005836739,2
T0005836743,3
T0005836744,2
T0005836746,2
T0005836753,3
T0005836755,2
T0005836758,2
T0005836765,2
T0005836767,2
T0005836770,2
T0005836771,2
T0005836777,3
T0005836779,2
T0005836785,3
T0005836787,2
T0005836789,3
T0005836791,2
T0005836796,2
T0005836798,3
T0005836799,3
T0005836801,2
T0005836802,1
T0005836804,2
T0005836807,2
T0005836808,2
T0005836812,3
T0005836815,2
T0005836817,2
T0005836819,2
T0005836821,1
T0005836825,2
T0005836826,3
T0005836827,1
T0005836828,2
T0005836830,1
T0005836831,2
T0005836832,2
T0005836835,2
T0005836836,3
T0005836838,3
T0005836841,2
T0005836843,3
T0005836844,1
T0005836847,1
T0005836849,3
T0005836850,1
T0005836851,3
T0005836853,3
T0005836862,2
T0005836863,3
T0005836870,2
T0005836873,3
T0005836875,3
T0005836876,2
T0005836880,1
T0005836881,2
T0005836883,2
T0005836885,3
T0005836887,2
T0005836888,2
T0005836890,3
T0005836892,1
T0005836893,2
T0005836894,2
T0005836895,1
T0005836896,3
T0005836901,2
T0005836902,1
T0005836904,2
T0005836905,3
T0005836909,3
T0005836913,2
T0005836917,2
T0005836918,2
T0005836919,1
T0005836923,3
T0005836925,1
T0005836926,2
T0005836929,2
T0005836930,2
T0005836932,2
T0005836933,3
T0005836934,2
T0005836935,3
T0005836936,1
T0005836938,3
T0005836939,2
T0005836940,2
T0005836941,2
T0005836946,3
T0005836948,2
T0005836957,1
T0005836958,2
T0005836959,2
T0005836962,2
T0005836964,3
T0005836965,1
T0005836966,2
T0005836968,2
T0005836971,3
T0005836972,2
T0005836982,2
T0005836984,3
T0005836985,2
T0005836988,3
T0005836992,3
T0005836993,3
T0005836994,2
T0005836998,2
T0005837001,2
T0005837002,2
T0005837004,3
T0005837006,1
T0005837009,3
T0005837010,2
T0005837011,2
T0005837013,1
T0005837014,1
T0005837015,3
T0005837017,2
T0005837018,2
T0005837020,1
T0005837024,3
T0005837025,3
T0005837026,1
T0005837028,1
T0005837032,2
T0005837033,3
T0005837034,1
T0005837037,3
T0005837042,3
T0005837044,3
T0005837046,1
T0005837052,2
T0005837054,1
T0005837057,1
T0005837060,2
T0005837061,1
T0005837065,2
T0005837068,2
T0005837073,1
T0005837074,2
T0005837076,1
T0005837083,3
T0005837086,3
T0005837087,1
T0005837088,2
T0005837092,3
T0005837095,1
T0005837096,1
T0005837098,3
T0005837099,2
T0005837102,2
T0005837103,2
T0005837106,2
T0005837107,3
T0005837110,2
T0005837111,2
T0005837116,1
T0005837117,1
T0005837120,2
T0005837122,2
T0005837125,2
T0005837129,2
T0005837142,2
T0005837147,1
T0005837150,2
T0005837151,3
T0005837153,3
T0005837155,2
T0005837157,3
T0005837158,3
T0005837163,2
T0005837166,2
T0005837167,3
T0005837168,2
T0005837169,3
T0005837171,2
T0005837172,2
T0005837173,1
T0005837176,3
T0005837178,2
T0005837180,2
T0005837182,2
T0005837183,1
T0005837185,2
T0005837188,2
T0005837196,2
T0005837200,2
T0005837202,2
T0005837203,3
T0005837204,2
T0005837209,2
T0005837210,3
T0005837212,1
T0005837215,2
T0005837217,3
T0005837218,3
T0005837222,2
T0005837223,2
T0005837227,3
T0005837228,2
T0005837229,1
T0005837230,3
T0005837232,3
T0005837237,2
T0005837238,3
T0005837240,1
T0005837243,1
T0005837244,2
T0005837245,1
T0005837250,2
T0005837251,1
T0005837253,3
T0005837254,2
T0005837255,2
T0005837258,2
T0005837259,2
T0005837261,3
T0005837262,2
T0005837265,2
T0005837268,1
T0005837269,2
T0005837272,2
T0005837273,2
T0005837275,2
T0005837281,1
T0005837282,2
T0005837288,3
T0005837293,3
T0005837294,2
T0005837299,2
T0005837305,3
T0005837306,3
T0005837307,2
T0005837308,2
T0005837310,3
T0005837312,3
T0005837318,3
T0005837319,3
T0005837325,3
T0005837326,3
T0005837332,3
T0005837336,3
T0005837338,1
T0005837339,1
T0005837340,1
T0005837342,3
T0005837344,1
T0005837347,2
T0005837348,2
T0005837352,1
T0005837355,3
T0005837357,3
T0005837358,1
T0005837359,1
T0005837361,3
T0005837362,1
T0005837363,2
T0005837364,3
T0005837365,1
T0005837367,1
T0005837369,3
T0005837370,1
T0005837374,1
T0005837380,1
T0005837382,2
T0005837383,3
T0005837387,2
T0005837389,2
T0005837391,2
T0005837393,3
T0005837394,3
T0005837396,3
T0005837404,2
T0005837406,3
T0005837411,1
T0005837413,2
T0005837416,2
T0005837419,3
T0005837423,3
T0005837426,2
T0005837427,3
T0005837429,2
T0005837431,2
T0005837436,3
T0005837437,1
T0005837439,2
T0005837440,2
T0005837442,1
T0005837443,3
T0005837444,2
T0005837445,3
T0005837449,2
T0005837450,2
T0005837453,3
T0005837455,2
T0005837456,2
T0005837457,2
T0005837461,3
T0005837463,1
T0005837467,3
T0005837469,2
T0005837470,2
T0005837472,3
T0005837478,3
T0005837485,3
T0005837487,3
T0005837488,3
T0005837489,2
T0005837491,3
T0005837493,1
T0005837494,1
T0005837495,2
T0005837499,3
T0005837502,3
T0005837505,2
T0005837506,2
T0005837507,2
T0005837508,2
T0005837509,2
T0005837511,3
T0005837515,1
T0005837516,2
T0005837520,1
T0005837521,3
T0005837528,1
T0005837529,1
T0005837531,2
T0005837532,1
T0005837534,2
T0005837537,1
T0005837545,2
T0005837548,2
T0005837549,3
T0005837554,3
T0005837555,2
T0005837556,2
T0005837558,2
T0005837559,2
T0005837561,2
T0005837564,1
T0005837565,3
T0005837568,3
T0005837569,2
T0005837570,1
T0005837578,2
T0005837587,1
T0005837588,1
T0005837591,2
T0005837593,1
T0005837594,3
T0005837595,1
T0005837598,1
T0005837602,3
T0005837603,3
T0005837604,2
T0005837605,2
T0005837606,2
T0005837607,2
T0005837608,2
T0005837613,1
T0005837614,1
T0005837615,2
T0005837616,2
T0005837625,2
T0005837627,1
T0005837629,2
T0005837632,1
T0005837637,3
T0005837641,1
T0005837642,2
T0005837643,3
T0005837644,2
T0005837648,2
T0005837651,3
T0005837652,2
T0005837655,3
T0005837657,2
T0005837659,2
T0005837665,3
T0005837667,3
T0005837668,2
T0005837671,3
T0005837677,1
T0005837678,2
T0005837679,2
T0005837680,3
T0005837681,2
T0005837683,2
T0005837684,2
T0005837687,1
T0005837689,1
T0005837691,2
T0005837694,3
T0005837695,2
T0005837696,1
T0005837697,2
T0005837703,2
T0005837704,3
T0005837705,3
T0005837709,3
T0005837711,2
T0005837714,2
T0005837715,3
T0005837717,3
T0005837718,2
T0005837719,2
T0005837722,2
T0005837723,1
T0005837724,1
T0005837728,2
T0005837729,3
T0005837734,3
T0005837735,1
T0005837736,2
T0005837737,3
T0005837740,2
T0005837742,1
T0005837744,2
T0005837746,3
T0005837749,3
T0005837755,3
T0005837760,2
T0005837764,2
T0005837765,1
T0005837766,2
T0005837767,1
T0005837771,1
T0005837775,2
T0005837777,2
T0005837780,3
T0005837781,3
T0005837782,2
T0005837783,2
T0005837784,1
T0005837785,1
T0005837786,1
T0005837787,2
T0005837792,2
T0005837796,1
T0005837799,1
T0005837803,2
T0005837804,2
T0005837805,2
T0005837808,3
T0005837810,2
T0005837811,3
T0005837812,2
T0005837814,3
T0005837817,3
T0005837819,1
T0005837823,1
T0005837831,2
T0005837834,2
T0005837835,1
T0005837837,1
T0005837839,2
T0005837840,2
T0005837842,2
T0005837843,2
T0005837845,3
T0005837849,2
T0005837851,1
T0005837853,1
T0005837862,1
T0005837865,2
T0005837869,2
T0005837872,2
T0005837880,3
T0005837884,2
T0005837886,1
T0005837888,1
T0005837891,1
T0005837892,3
T0005837895,2
T0005837897,2
T0005837900,3
T0005837901,3
T0005837904,1
T0005837907,3
T0005837911,1
T0005837915,1
T0005837918,1
T0005837922,3
T0005837926,3
T0005837927,2
T0005837931,2
T0005837933,3
T0005837934,1
T0005837936,2
T0005837939,3
T0005837940,3
T0005837943,1
T0005837949,1
T0005837950,2
T0005837951,3
T0005837952,1
T0005837953,2
T0005837954,2
T0005837956,2
T0005837959,1
T0005837961,2
T0005837966,2
T0005837967,1
T0005837968,2
T0005837969,2
T0005837970,2
T0005837978,2
T0005837979,3
T0005837981,3
T0005837983,3
T0005837985,3
T0005837993,3
T0005837995,2
T0005837996,1
T0005837997,2
T0005838001,3
T0005838004,2
T0005838006,3
T0005838014,2
T0005838015,3
T0005838017,1
T0005838020,3
T0005838022,1
T0005838024,2
T0005838028,1
T0005838030,2
T0005838033,2
T0005838035,3
T0005838038,3
T0005838039,2
T0005838040,3
T0005838042,2
T0005838045,2
T0005838048,3
T0005838049,1
T0005838053,2
T0005838054,2
T0005838058,2
T0005838060,3
T0005838063,3
T0005838064,1
T0005838069,2
T0005838072,3
T0005838074,3
T0005838076,1
T0005838077,1
T0005838081,2
T0005838083,2
T0005838084,3
T0005838085,2
T0005838087,3
T0005838090,2
T0005838095,2
T0005838096,3
T0005838097,2
T0005838100,2
T0005838102,2
T0005838103,2
T0005838104,2
T0005838105,2
T0005838106,1
T0005838107,2
T0005838109,2
T0005838113,3
T0005838115,1
T0005838117,1
T0005838118,1
T0005838119,2
T0005838121,1
T0005838122,2
T0005838123,2
T0005838124,1
T0005838125,2
T0005838135,3
T0005838136,2
T0005838141,3
T0005838144,2
T0005838146,3
T0005838147,2
T0005838148,3
T0005838154,2
T0005838155,3
T0005838160,3
T0005838168,1
T0005838170,3
T0005838172,3
T0005838173,2
T0005838177,3
T0005838179,3
T0005838180,2
T0005838181,3
T0005838183,1
T0005838184,2
T0005838185,1
T0005838186,1
T0005838189,2
T0005838193,2
T0005838196,1
T0005838197,2
T0005838201,2
T0005838202,2
T0005838206,2
T0005838209,1
T0005838213,3
T0005838214,3
T0005838216,2
T0005838217,1
T0005838218,2
T0005838219,2
T0005838220,3
T0005838231,1
T0005838232,3
T0005838233,3
T0005838234,2
T0005838238,2
T0005838240,2
T0005838241,3
T0005838243,1
T0005838245,3
T0005838246,3
T0005838249,2
T0005838251,2
T0005838253,3
T0005838254,1
T0005838255,3
T0005838256,3
T0005838261,2
T0005838264,2
T0005838266,2
T0005838267,2
T0005838270,3
T0005838271,2
T0005838273,1
T0005838277,2
T0005838278,1
T0005838279,2
T0005838292,2
T0005838293,3
T0005838294,1
T0005838295,3
T0005838298,3
T0005838299,2
T0005838300,2
T0005838301,1
T0005838303,2
T0005838304,2
T0005838308,2
T0005838310,3
T0005838311,2
T0005838315,2
T0005838316,3
T0005838320,2
T0005838324,2
T0005838328,3
T0005838329,3
T0005838331,3
T0005838333,2
T0005838335,3
T0005838339,1
T0005838341,2
T0005838344,3
T0005838348,3
T0005838349,3
T0005838351,3
T0005838353,2
T0005838355,2
T0005838360,2
T0005838362,3
T0005838364,2
T0005838368,2
T0005838373,2
T0005838377,2
T0005838379,3
T0005838382,2
T0005838383,2
T0005838385,2
T0005838388,1
T0005838392,2
T0005838393,2
T0005838395,2
T0005838396,1
T0005838397,2
T0005838398,3
T0005838402,1
T0005838404,3
T0005838405,2
T0005838407,3
T0005838414,1
T0005838415,2
T0005838422,1
T0005838428,2
T0005838429,2
T0005838430,1
T0005838431,3
T0005838432,1
T0005838434,3
T0005838435,3
T0005838436,3
T0005838437,3
T0005838439,2
T0005838440,2
T0005838441,3
T0005838442,1
T0005838450,3
T0005838451,3
T0005838453,2
T0005838458,2
T0005838459,2
T0005838466,3
T0005838469,3
T0005838470,2
T0005838474,2
T0005838478,2
T0005838480,2
T0005838483,3
T0005838485,2
T0005838493,2
T0005838494,2
T0005838495,2
T0005838496,1
T0005838498,2
T0005838500,2
T0005838501,3
T0005838502,3
T0005838510,2
T0005838511,3
T0005838513,2
T0005838515,3
T0005838517,3
T0005838518,3
T0005838519,3
T0005838523,3
T0005838524,3
T0005838527,2
T0005838530,2
T0005838533,2
T0005838536,2
T0005838537,3
T0005838538,2
T0005838541,2
T0005838542,1
T0005838546,1
T0005838548,2
T0005838552,3
T0005838553,2
T0005838556,1
T0005838559,2
T0005838560,1
T0005838572,1
T0005838573,1
T0005838576,2
T0005838578,1
T0005838581,2
T0005838582,1
T0005838583,2
T0005838584,2
T0005838585,2
T0005838586,3
T0005838590,3
T0005838592,2
T0005838596,2
T0005838599,3
T0005838602,3
T0005838605,3
T0005838606,2
T0005838608,1
T0005838609,3
T0005838610,1
T0005838611,2
T0005838614,3
T0005838615,3
T0005838616,2
T0005838617,2
T0005838628,3
T0005838632,3
T0005838636,2
T0005838637,1
T0005838642,3
T0005838643,3
T0005838646,2
T0005838651,2
T0005838652,2
T0005838653,2
T0005838655,2
T0005838658,2
T0005838659,3
T0005838663,2
T0005838667,2
T0005838671,2
T0005838672,1
T0005838674,3
T0005838676,2
T0005838682,1
T0005838684,2
T0005838687,2
T0005838689,3
T0005838690,3
T0005838692,2
T0005838693,1
T0005838694,1
T0005838698,2
T0005838701,2
T0005838702,2
T0005838703,2
T0005838704,3
T0005838713,3
T0005838715,2
T0005838721,1
T0005838722,3
T0005838728,3
T0005838730,2
T0005838735,2
T0005838737,2
T0005838738,3
T0005838739,2
T0005838745,2
T0005838752,3
T0005838754,2
T0005838755,2
T0005838757,3
T0005838758,1
T0005838760,2
T0005838764,1
T0005838767,1
T0005838768,2
T0005838769,1
T0005838770,2
T0005838773,2
T0005838774,3
T0005838775,1
T0005838778,3
T0005838779,2
T0005838783,3
T0005838784,3
T0005838786,2
T0005838788,1
T0005838793,2
T0005838795,2
T0005838797,2
T0005838799,1
T0005838800,1
T0005838801,3
T0005838804,2
T0005838805,1
T0005838806,2
T0005838809,3
T0005838811,3
T0005838816,1
T0005838817,3
T0005838823,1
T0005838829,1
T0005838833,3
T0005838837,2
T0005838840,2
T0005838847,1
T0005838853,3
T0005838860,2
T0005838862,1
T0005838863,2
T0005838864,1
T0005838870,2
T0005838875,3
T0005838876,3
T0005838877,3
T0005838878,1
T0005838879,2
T0005838882,1
T0005838883,3
T0005838890,2
T0005838891,3
T0005838896,2
T0005838897,2
T0005838899,3
T0005838900,2
T0005838903,2
T0005838911,2
T0005838914,3
T0005838915,1
T0005838919,3
T0005838920,1
T0005838924,2
T0005838926,2
T0005838927,2
T0005838930,2
T0005838934,2
T0005838935,2
T0005838937,1
T0005838940,3
T0005838941,3
T0005838945,2
T0005838947,2
T0005838950,2
T0005838951,2
T0005838960,3
T0005838964,2
T0005838966,2
T0005838967,1
T0005838971,2
T0005838974,1
T0005838977,1
T0005838978,3
T0005838982,3
T0005838983,1
T0005838984,1
T0005838986,1
T0005838987,1
T0005838989,3
T0005838990,1
T0005838992,3
T0005838995,2
T0005839003,3
T0005839005,3
T0005839009,2
T0005839010,3
T0005839011,3
T0005839012,2
T0005839018,2
T0005839019,1
T0005839020,2
T0005839024,2
T0005839026,3
T0005839028,3
T0005839032,3
T0005839037,2
T0005839038,2
T0005839041,3
T0005839042,2
T0005839046,1
T0005839049,3
T0005839051,2
T0005839055,2
T0005839058,3
T0005839059,3
T0005839060,2
T0005839062,2
T0005839063,2
T0005839064,1
T0005839070,2
T0005839071,3
T0005839072,3
T0005839073,2
T0005839076,1
T0005839083,2
T0005839084,2
T0005839087,3
T0005839090,1
T0005839091,2
T0005839092,2
T0005839096,2
T0005839097,2
T0005839098,2
T0005839101,2
T0005839103,1
T0005839109,3
T0005839110,2
T0005839116,2
T0005839119,2
T0005839122,3
T0005839125,2
T0005839134,2
T0005839141,3
T0005839155,1
T0005839157,2
T0005839158,2
T0005839161,2
T0005839162,3
T0005839167,3
T0005839169,1
T0005839171,2
T0005839176,3
T0005839182,3
T0005839184,3
T0005839186,3
T0005839187,2
T0005839190,2
T0005839191,1
T0005839193,2
T0005839198,2
T0005839199,2
T0005839200,1
T0005839201,2
T0005839209,2
T0005839216,1
T0005839220,3
T0005839224,2
T0005839226,1
T0005839228,3
T0005839230,2
T0005839232,3
T0005839234,2
T0005839236,3
T0005839242,1
T0005839245,1
T0005839246,2
T0005839249,1
T0005839250,2
T0005839251,2
T0005839254,2
T0005839257,3
T0005839258,3
T0005839260,3
T0005839265,3
T0005839266,2
T0005839267,2
T0005839268,2
T0005839269,3
T0005839270,2
T0005839272,3
T0005839275,3
T0005839278,1
T0005839279,1
T0005839282,2
T0005839284,2
T0005839285,3
T0005839286,2
T0005839298,1
T0005839299,3
T0005839301,2
T0005839304,3
T0005839305,1
T0005839307,1
T0005839308,2
T0005839309,3
T0005839311,2
T0005839312,1
T0005839315,3
T0005839319,3
T0005839321,3
T0005839324,2
T0005839325,3
T0005839326,3
T0005839328,3
T0005839333,3
T0005839339,3
T0005839342,2
T0005839344,3
T0005839346,2
T0005839347,2
T0005839350,3
T0005839357,2
T0005839358,3
T0005839360,3
T0005839363,2
T0005839367,1
T0005839368,3
T0005839372,3
T0005839373,2
T0005839376,2
T0005839379,2
T0005839381,2
T0005839382,2
T0005839385,1
T0005839387,1
T0005839392,1
T0005839393,2
T0005839397,3
T0005839398,2
T0005839400,1
T0005839401,2
T0005839404,2
T0005839405,2
T0005839408,1
T0005839411,3
T0005839412,2
T0005839414,2
T0005839415,2
T0005839416,1
T0005839420,2
T0005839423,1
T0005839429,2
T0005839433,1
T0005839434,2
T0005839437,2
T0005839438,2
T0005839441,3
T0005839444,1
T0005839447,3
T0005839451,2
T0005839458,1
T0005839460,2
T0005839464,3
T0005839466,3
T0005839467,3
T0005839472,3
T0005839476,2
T0005839480,3
T0005839481,3
T0005839482,2
T0005839485,2
T0005839486,3
T0005839488,1
T0005839490,2
T0005839491,2
T0005839494,3
T0005839495,2
T0005839496,3
T0005839497,3
T0005839499,2
T0005839501,3
T0005839502,2
T0005839503,1
T0005839504,2
T0005839506,2
T0005839508,3
T0005839512,2
T0005839517,2
T0005839518,3
T0005839521,3
T0005839522,2
T0005839525,2
T0005839527,2
T0005839529,2
T0005839530,1
T0005839531,2
T0005839534,2
T0005839535,3
T0005839538,3
T0005839540,3
T0005839544,3
T0005839549,3
T0005839550,2
T0005839551,2
T0005839553,2
T0005839556,3
T0005839559,2
T0005839561,2
T0005839564,1
T0005839565,2
T0005839566,3
T0005839567,1
T0005839568,3
T0005839571,2
T0005839572,1
T0005839574,1
T0005839578,3
T0005839581,3
T0005839582,3
T0005839584,1
T0005839585,3
T0005839586,1
T0005839589,2
T0005839591,2
T0005839594,1
T0005839597,3
T0005839598,2
T0005839599,1
T0005839603,2
T0005839604,2
T0005839606,2
T0005839608,1
T0005839611,1
T0005839616,2
T0005839620,1
T0005839623,3
T0005839624,3
T0005839628,3
T0005839634,2
T0005839635,3
T0005839639,3
T0005839640,1
T0005839644,2
T0005839645,1
T0005839646,1
T0005839647,3
T0005839649,3
T0005839655,2
T0005839657,1
T0005839658,2
T0005839659,3
T0005839662,3
T0005839666,2
T0005839667,2
T0005839670,1
T0005839672,1
T0005839673,1
T0005839683,2
T0005839685,1
T0005839688,3
T0005839689,3
T0005839691,3
T0005839692,2
T0005839693,1
T0005839694,2
T0005839695,2
T0005839700,3
T0005839704,2
T0005839713,3
T0005839717,3
T0005839719,2
T0005839724,1
T0005839726,2
T0005839737,2
T0005839740,3
T0005839743,2
T0005839744,2
T0005839745,3
T0005839750,2
T0005839753,1
T0005839754,2
T0005839755,2
T0005839760,3
T0005839761,3
T0005839764,1
T0005839765,3
T0005839768,2
T0005839769,1
T0005839770,1
T0005839771,2
T0005839773,2
T0005839777,3
T0005839778,3
T0005839780,2
T0005839781,2
T0005839783,3
T0005839785,3
T0005839786,2
T0005839787,2
T0005839788,1
T0005839791,2
T0005839793,1
T0005839794,1
T0005839797,3
T0005839802,3
T0005839804,3
T0005839805,2
T0005839807,1
T0005839809,1
T0005839811,3
T0005839812,3
T0005839817,2
T0005839819,1
T0005839820,2
T0005839821,3
T0005839824,3
T0005839827,2
T0005839829,2
T0005839832,1
T0005839834,2
T0005839835,2
T0005839837,2
T0005839839,2
T0005839841,2
T0005839842,3
T0005839843,3
T0005839844,1
T0005839846,2
T0005839851,2
T0005839852,3
T0005839854,2
T0005839859,2
T0005839861,1
T0005839866,1
T0005839867,2
T0005839869,3
T0005839873,2
T0005839874,2
T0005839877,2
T0005839878,2
T0005839881,1
T0005839883,2
T0005839886,1
T0005839889,1
T0005839890,3
T0005839892,3
T0005839894,3
T0005839896,1
T0005839899,2
T0005839901,1
T0005839906,2
T0005839912,1
T0005839914,3
T0005839916,1
T0005839917,2
T0005839923,2
T0005839925,1
T0005839927,2
T0005839929,3
T0005839930,1
T0005839931,1
T0005839932,2
T0005839939,1
T0005839941,2
T0005839943,2
T0005839947,3
T0005839949,1
T0005839951,2
T0005839953,2
T0005839954,3
T0005839955,2
T0005839959,2
T0005839962,2
T0005839963,1
T0005839969,2
T0005839970,2
T0005839974,3
T0005839975,2
T0005839978,3
T0005839981,2
T0005839984,1
T0005839985,2
T0005839986,1
T0005839988,3
T0005839989,2
T0005839990,2
T0005839991,2
T0005839992,2
T0005839993,3
T0005839996,2
T0005839997,1
T0005839998,3
T0005839999,1
T0005840003,3
T0005840004,2
T0005840005,2
T0005840006,1
T0005840007,3
T0005840009,2
T0005840010,2
T0005840012,2
T0005840017,3
T0005840019,3
T0005840023,2
T0005840027,2
T0005840028,2
T0005840034,1
T0005840038,2
T0005840039,3
T0005840042,1
T0005840048,3
T0005840049,3
T0005840050,2
T0005840051,1
T0005840053,1
T0005840056,2
T0005840057,3
T0005840059,3
T0005840063,2
T0005840064,1
T0005840065,2
T0005840069,2
T0005840070,3
T0005840074,2
T0005840078,2
T0005840079,2
T0005840082,2
T0005840083,3
T0005840087,3
T0005840088,2
T0005840089,2
T0005840101,2
T0005840103,3
T0005840104,3
T0005840105,3
T0005840106,2
T0005840108,2
T0005840112,2
T0005840113,1
T0005840117,2
T0005840118,2
T0005840125,2
T0005840131,3
T0005840135,2
T0005840140,1
T0005840146,1
T0005840148,3
T0005840150,3
T0005840156,3
T0005840158,2
T0005840159,2
T0005840160,1
T0005840165,3
T0005840169,2
T0005840170,1
T0005840171,1
T0005840172,3
T0005840173,3
T0005840179,2
T0005840183,1
T0005840184,2
T0005840196,3
T0005840199,2
T0005840200,2
T0005840204,2
T0005840212,3
T0005840215,2
T0005840217,2
T0005840221,1
T0005840223,2
T0005840224,3
T0005840225,2
T0005840226,2
T0005840231,1
T0005840232,2
T0005840234,2
T0005840236,2
T0005840237,1
T0005840238,3
T0005840240,2
T0005840243,2
T0005840244,2
T0005840245,2
T0005840249,3
T0005840250,1
T0005840253,2
T0005840255,1
T0005840258,2
T0005840259,2
T0005840261,1
T0005840262,2
T0005840263,2
T0005840269,2
T0005840275,2
T0005840279,2
T0005840280,1
T0005840284,1
T0005840287,1
T0005840288,1
T0005840292,1
T0005840298,3
T0005840299,3
T0005840302,3
T0005840304,2
T0005840305,1
T0005840310,2
T0005840312,3
T0005840314,2
T0005840315,2
T0005840323,3
T0005840325,3
T0005840327,2
T0005840330,1
T0005840334,2
T0005840338,2
T0005840339,3
T0005840343,2
T0005840348,2
T0005840350,1
T0005840352,1
T0005840354,2
T0005840356,3
T0005840357,2
T0005840358,2
T0005840359,3
T0005840371,1
T0005840372,2
T0005840374,1
T0005840379,3
T0005840380,1
T0005840381,2
T0005840384,1
T0005840385,3
T0005840386,2
T0005840388,3
T0005840390,2
T0005840395,1
T0005840398,2
T0005840399,2
T0005840402,1
T0005840404,2
T0005840408,1
T0005840413,2
T0005840422,3
T0005840423,2
T0005840424,3
T0005840425,2
T0005840426,2
T0005840429,3
T0005840431,3
T0005840434,3
T0005840435,2
T0005840438,2
T0005840439,1
T0005840441,3
T0005840445,3
T0005840446,2
T0005840448,1
T0005840453,3
T0005840454,2
T0005840456,2
T0005840462,1
T0005840464,2
T0005840465,3
T0005840466,3
T0005840471,3
T0005840480,2
T0005840484,2
T0005840485,2
T0005840488,2
T0005840492,3
T0005840494,2
T0005840498,1
T0005840499,1
T0005840501,1
T0005840510,1
T0005840511,3
T0005840514,1
T0005840515,3
T0005840519,2
T0005840523,3
T0005840524,3
T0005840526,2
T0005840527,2
T0005840528,1
T0005840530,1
T0005840532,2
T0005840533,2
T0005840536,2
T0005840539,3
T0005840548,2
T0005840551,2
T0005840554,2
T0005840557,1
T0005840561,3
T0005840564,2
T0005840568,3
T0005840570,1
T0005840571,1
T0005840573,2
T0005840576,1
T0005840577,2
T0005840581,1
T0005840582,2
T0005840585,2
T0005840587,3
T0005840588,3
T0005840592,3
T0005840596,2
T0005840597,1
T0005840600,1
T0005840606,2
T0005840609,2
T0005840610,2
T0005840611,3
T0005840612,1
T0005840616,2
T0005840617,2
T0005840618,2
T0005840622,2
T0005840623,2
T0005840624,3
T0005840625,2
T0005840626,1
T0005840629,3
T0005840632,2
T0005840635,2
T0005840636,3
T0005840640,2
T0005840642,1
T0005840643,3
T0005840644,2
T0005840645,3
T0005840646,3
T0005840650,2
T0005840651,2
T0005840652,2
T0005840655,2
T0005840659,1
T0005840663,3
T0005840666,2
T0005840668,3
T0005840670,2
T0005840673,2
T0005840677,2
T0005840678,2
T0005840680,2
T0005840682,2
T0005840687,3
T0005840688,2
T0005840692,2
T0005840695,3
T0005840697,3
T0005840700,2
T0005840701,2
T0005840702,2
T0005840706,1
T0005840709,1
T0005840713,2
T0005840714,2
T0005840715,1
T0005840717,2
T0005840718,3
T0005840720,3
T0005840722,1
T0005840724,2
T0005840735,2
T0005840736,2
T0005840739,3
T0005840741,3
T0005840743,2
T0005840744,1
T0005840745,2
T0005840746,1
T0005840748,2
T0005840759,3
T0005840762,1
T0005840763,2
T0005840770,3
T0005840773,1
T0005840774,2
T0005840777,3
T0005840778,2
T0005840781,1
T0005840782,2
T0005840786,2
T0005840792,2
T0005840794,3
T0005840797,3
T0005840801,1
T0005840802,3
T0005840804,2
T0005840805,2
T0005840811,1
T0005840813,2
T0005840815,2
T0005840816,3
T0005840818,2
T0005840823,3
T0005840826,3
T0005840829,2
T0005840831,2
T0005840832,3
T0005840835,2
T0005840836,1
T0005840839,2
T0005840845,1
T0005840847,2
T0005840849,1
T0005840850,2
T0005840857,2
T0005840859,2
T0005840862,1
T0005840863,2
T0005840865,2
T0005840866,3
T0005840874,2
T0005840875,1
T0005840876,2
T0005840878,1
T0005840879,1
T0005840880,2
T0005840883,2
T0005840885,3
T0005840886,2
T0005840890,2
T0005840891,2
T0005840894,1
T0005840897,2
T0005840900,2
T0005840908,3
T0005840909,1
T0005840911,1
T0005840912,1
T0005840913,2
T0005840915,2
T0005840916,1
T0005840920,2
T0005840921,1
T0005840924,2
T0005840925,3
T0005840926,3
T0005840930,2
T0005840935,2
T0005840936,3
T0005840940,1
T0005840942,1
T0005840943,2
T0005840944,3
T0005840946,2
T0005840948,2
T0005840952,3
T0005840954,1
T0005840957,2
T0005840965,2
T0005840966,3
T0005840967,3
T0005840968,3
T0005840969,1
T0005840972,2
T0005840974,2
T0005840975,3
T0005840976,3
T0005840977,1
T0005840978,2
T0005840980,3
T0005840984,1
T0005840985,1
T0005840986,1
T0005840988,2
T0005840989,2
T0005840991,2
T0005840996,3
T0005840997,3
T0005841000,1
T0005841001,2
T0005841003,2
T0005841006,2
T0005841011,1
T0005841017,2
T0005841018,2
T0005841020,1
T0005841021,2
T0005841022,3
T0005841023,1
T0005841025,3
T0005841026,2
T0005841031,1
T0005841032,2
T0005841036,2
T0005841042,2
T0005841043,3
T0005841047,2
T0005841048,1
T0005841049,2
T0005841054,2
T0005841057,2
T0005841059,2
T0005841062,2
T0005841064,2
T0005841068,3
T0005841075,3
T0005841076,3
T0005841078,3
T0005841079,3
T0005841080,2
T0005841084,2
T0005841085,1
T0005841088,1
T0005841090,3
T0005841092,2
T0005841095,3
T0005841098,3
T0005841099,3
T0005841100,2
T0005841105,3
T0005841111,2
T0005841112,3
T0005841115,3
T0005841118,1
T0005841119,3
T0005841120,1
T0005841123,2
T0005841125,3
T0005841131,2
T0005841136,2
T0005841141,3
T0005841142,1
T0005841145,2
T0005841146,2
T0005841147,2
T0005841150,2
T0005841151,1
T0005841152,3
T0005841159,2
T0005841160,2
T0005841161,3
T0005841162,2
T0005841163,2
T0005841164,3
T0005841165,3
T0005841166,1
T0005841167,3
T0005841168,1
T0005841170,3
T0005841171,2
T0005841172,1
T0005841175,2
T0005841178,2
T0005841181,3
T0005841194,2
T0005841195,3
T0005841196,1
T0005841200,2
T0005841202,2
T0005841203,2
T0005841205,3
T0005841207,3
T0005841209,1
T0005841215,2
T0005841216,2
T0005841218,2
T0005841222,1
T0005841229,2
T0005841231,2
T0005841233,2
T0005841235,2
T0005841236,1
T0005841238,2
T0005841240,3
T0005841248,2
T0005841250,2
T0005841251,2
T0005841253,1
T0005841254,3
T0005841258,1
T0005841260,1
T0005841261,3
T0005841264,2
T0005841266,2
T0005841267,2
T0005841269,3
T0005841270,2
T0005841271,2
T0005841272,3
T0005841275,3
T0005841276,1
T0005841277,1
T0005841281,2
T0005841283,1
T0005841288,3
T0005841293,3
T0005841295,2
T0005841301,2
T0005841304,1
T0005841307,2
T0005841308,3
T0005841310,3
T0005841312,2
T0005841314,3
T0005841320,2
T0005841322,2
T0005841323,2
T0005841327,1
T0005841328,3
T0005841330,2
T0005841331,2
T0005841332,3
T0005841335,1
T0005841336,2
T0005841339,3
T0005841340,2
T0005841342,2
T0005841344,3
T0005841349,2
T0005841350,1
T0005841352,2
T0005841353,3
T0005841355,2
T0005841356,3
T0005841357,1
T0005841363,3
T0005841365,2
T0005841366,1
T0005841368,2
T0005841369,3
T0005841372,3
T0005841374,3
T0005841382,1
T0005841383,2
T0005841388,3
T0005841391,1
T0005841393,1
T0005841394,2
T0005841396,1
T0005841397,3
T0005841402,2
T0005841403,2
T0005841404,3
T0005841406,2
T0005841407,1
T0005841414,1
T0005841415,3
T0005841418,3
T0005841423,2
T0005841424,3
T0005841428,1
T0005841430,2
T0005841432,1
T0005841433,1
T0005841437,3
T0005841438,2
T0005841443,2
T0005841444,2
T0005841447,2
T0005841448,3
T0005841449,2
T0005841450,1
T0005841453,2
T0005841456,2
T0005841457,1
T0005841460,2
T0005841463,2
T0005841467,2
T0005841469,2
T0005841472,2
T0005841478,2
T0005841483,1
T0005841485,2
T0005841490,2
T0005841491,1
T0005841492,2
T0005841493,2
T0005841495,2
T0005841500,3
T0005841506,2
T0005841507,1
T0005841510,3
T0005841512,3
T0005841513,2
T0005841514,1
T0005841516,2
T0005841518,3
T0005841520,2
T0005841521,2
T0005841522,2
T0005841524,1
T0005841526,2
T0005841527,2
T0005841530,2
T0005841531,2
T0005841537,1
T0005841548,2
T0005841551,2
T0005841553,3
T0005841555,2
T0005841557,1
T0005841559,2
T0005841560,1
T0005841563,1
T0005841566,2
T0005841567,2
T0005841568,2
T0005841569,2
T0005841571,2
T0005841572,3
T0005841574,3
T0005841575,3
T0005841577,3
T0005841579,1
T0005841582,1
T0005841588,2
T0005841591,2
T0005841592,2
T0005841594,1
T0005841599,1
T0005841604,1
T0005841607,1
T0005841609,2
T0005841611,2
T0005841614,2
T0005841615,2
T0005841616,2
T0005841620,2
T0005841622,2
T0005841624,2
T0005841628,2
T0005841629,3
T0005841634,1
T0005841645,2
T0005841646,2
T0005841647,3
T0005841649,2
T0005841651,2
T0005841653,3
T0005841660,3
T0005841663,2
T0005841664,1
T0005841669,1
T0005841671,2
T0005841680,1
T0005841681,2
T0005841682,3
T0005841683,1
T0005841685,2
T0005841686,1
T0005841687,1
T0005841689,2
T0005841690,2
T0005841692,3
T0005841693,3
T0005841695,3
T0005841697,3
T0005841700,3
T0005841701,2
T0005841703,1
T0005841704,2
T0005841707,2
T0005841708,1
T0005841710,3
T0005841711,3
T0005841715,3
T0005841716,1
T0005841718,3
T0005841719,3
T0005841723,1
T0005841725,1
T0005841730,2
T0005841732,3
T0005841733,2
T0005841735,2
T0005841738,2
T0005841741,2
T0005841747,3
T0005841749,1
T0005841752,1
T0005841754,2
T0005841755,2
T0005841756,2
T0005841757,2
T0005841762,3
T0005841764,2
T0005841766,2
T0005841772,3
T0005841773,2
T0005841774,3
T0005841780,2
T0005841781,2
T0005841783,2
T0005841795,2
T0005841801,2
T0005841804,3
T0005841805,2
T0005841807,2
T0005841808,2
T0005841809,3
T0005841812,2
T0005841813,1
T0005841816,3
T0005841824,2
T0005841831,2
T0005841834,3
T0005841837,2
T0005841839,1
T0005841840,3
T0005841841,2
T0005841842,1
T0005841843,3
T0005841846,2
T0005841847,3
T0005841851,1
T0005841852,3
T0005841859,3
T0005841860,2
T0005841864,2
T0005841866,3
T0005841868,1
T0005841869,2
T0005841870,2
T0005841871,2
T0005841872,2
T0005841873,1
T0005841875,2
T0005841876,2
T0005841877,3
T0005841878,1
T0005841881,1
T0005841882,2
T0005841883,2
T0005841887,2
T0005841888,3
T0005841889,1
T0005841890,2
T0005841894,3
T0005841896,3
T0005841898,2
T0005841899,2
T0005841902,1
T0005841908,3
T0005841909,1
T0005841911,2
T0005841914,3
T0005841915,2
T0005841925,2
T0005841926,2
T0005841927,2
T0005841934,2
T0005841936,3
T0005841937,2
T0005841943,3
T0005841947,2
T0005841950,3
T0005841957,2
T0005841958,3
T0005841962,1
T0005841965,2
T0005841968,2
T0005841970,3
T0005841973,2
T0005841978,2
T0005841980,3
T0005841981,2
T0005841988,2
T0005841992,2
T0005841995,1
T0005841996,1
T0005841997,3
T0005842001,2
T0005842005,2
T0005842006,2
T0005842008,2
T0005842011,2
T0005842013,2
T0005842014,2
T0005842018,1
T0005842021,2
T0005842024,1
T0005842027,3
T0005842028,1
T0005842029,1
T0005842030,1
T0005842031,2
T0005842033,3
T0005842034,1
T0005842035,1
T0005842038,2
T0005842041,2
T0005842046,2
T0005842050,2
T0005842053,2
T0005842064,2
T0005842067,3
T0005842068,3
T0005842069,3
T0005842071,2
T0005842072,2
T0005842075,3
T0005842080,2
T0005842082,2
T0005842083,1
T0005842084,3
T0005842085,2
T0005842087,2
T0005842088,2
T0005842089,3
T0005842090,3
T0005842092,1
T0005842093,1
T0005842096,3
T0005842097,2
T0005842102,2
T0005842103,2
T0005842110,3
T0005842114,2
T0005842117,3
T0005842118,3
T0005842126,3
T0005842127,2
T0005842131,1
T0005842132,2
T0005842133,3
T0005842134,3
T0005842136,2
T0005842137,3
T0005842139,2
T0005842140,2
T0005842143,1
T0005842144,1
T0005842146,2
T0005842147,3
T0005842148,2
T0005842157,2
T0005842160,2
T0005842161,2
T0005842162,3
T0005842166,3
T0005842170,2
T0005842173,2
T0005842174,3
T0005842175,3
T0005842176,2
T0005842177,2
T0005842179,3
T0005842181,3
T0005842182,3
T0005842183,1
T0005842184,2
T0005842185,2
T0005842186,3
T0005842187,2
T0005842190,2
T0005842194,2
T0005842196,2
T0005842199,2
T0005842203,1
T0005842204,3
T0005842206,3
T0005842207,3
T0005842210,3
T0005842214,2
T0005842216,2
T0005842217,1
T0005842218,2
T0005842219,1
T0005842220,2
T0005842224,2
T0005842225,3
T0005842229,2
T0005842232,2
T0005842233,3
T0005842240,2
T0005842241,1
T0005842244,3
T0005842246,2
T0005842248,2
T0005842249,1
T0005842250,1
T0005842257,1
T0005842261,2
T0005842262,3
T0005842263,1
T0005842266,1
T0005842267,2
T0005842269,1
T0005842271,3
T0005842276,1
T0005842279,2
T0005842282,1
T0005842283,2
T0005842284,3
T0005842285,2
T0005842286,2
T0005842287,1
T0005842298,2
T0005842299,2
T0005842300,2
T0005842305,2
T0005842306,3
T0005842308,2
T0005842316,3
T0005842318,2
T0005842320,3
T0005842322,1
T0005842324,1
T0005842325,2
T0005842327,3
T0005842330,2
T0005842331,2
T0005842333,3
T0005842335,2
T0005842342,2
T0005842343,1
T0005842346,2
T0005842348,2
T0005842350,2
T0005842351,3
T0005842353,3
T0005842358,3
T0005842359,3
T0005842361,2
T0005842362,2
T0005842363,2
T0005842367,1
T0005842368,2
T0005842369,3
T0005842373,2
T0005842375,3
T0005842376,3
T0005842377,2
T0005842378,3
T0005842380,2
T0005842384,3
T0005842385,1
T0005842386,2
T0005842388,2
T0005842389,2
T0005842390,3
T0005842391,1
T0005842393,2
T0005842394,2
T0005842400,2
T0005842404,1
T0005842405,1
T0005842410,2
T0005842411,2
T0005842413,2
T0005842414,2
T0005842415,2
T0005842417,2
T0005842418,3
T0005842419,3
T0005842420,3
T0005842421,2
T0005842427,1
T0005842428,2
T0005842430,2
T0005842432,3
T0005842434,1
T0005842436,2
T0005842438,3
T0005842442,3
T0005842443,3
T0005842444,3
T0005842451,1
T0005842461,2
T0005842464,2
T0005842465,3
T0005842467,1
T0005842475,1
T0005842477,2
T0005842480,2
T0005842490,2
T0005842491,1
T0005842492,3
T0005842493,3
T0005842499,2
T0005842500,1
T0005842503,3
T0005842508,3
T0005842509,1
T0005842512,3
T0005842513,2
T0005842514,2
T0005842515,1
T0005842517,3
T0005842518,2
T0005842519,3
T0005842520,1
T0005842521,2
T0005842522,3
T0005842524,2
T0005842526,2
T0005842528,2
T0005842532,1
T0005842534,3
T0005842536,3
T0005842540,3
T0005842541,2
T0005842545,2
T0005842550,2
T0005842553,2
T0005842557,1
T0005842559,2
T0005842560,2
T0005842566,3
T0005842567,2
T0005842569,1
T0005842574,2
T0005842575,2
T0005842578,2
T0005842581,1
T0005842584,2
T0005842585,2
T0005842591,1
T0005842592,3
T0005842593,2
T0005842595,1
T0005842597,2
T0005842600,3
T0005842603,2
T0005842604,1
T0005842609,1
T0005842625,3
T0005842628,3
T0005842631,2
T0005842633,3
T0005842634,2
T0005842636,3
T0005842644,1
T0005842646,2
T0005842650,1
T0005842651,3
T0005842655,3
T0005842657,2
T0005842658,3
T0005842660,3
T0005842666,2
T0005842667,2
T0005842670,2
T0005842671,2
T0005842672,2
T0005842673,2
T0005842674,3
T0005842675,2
T0005842676,2
T0005842678,1
T0005842680,1
T0005842682,2
T0005842688,2
T0005842690,2
T0005842691,3
T0005842692,3
T0005842693,3
T0005842694,2
T0005842695,3
T0005842696,3
T0005842703,3
T0005842704,3
T0005842707,3
T0005842711,2
T0005842712,2
T0005842713,2
T0005842715,1
T0005842717,2
T0005842719,2
T0005842721,2
T0005842723,2
T0005842724,2
T0005842725,1
T0005842727,2
T0005842730,2
T0005842731,3
T0005842733,2
T0005842734,2
T0005842737,3
T0005842739,3
T0005842740,3
T0005842744,2
T0005842745,3
T0005842746,2
T0005842747,2
T0005842749,2
T0005842751,2
T0005842753,2
T0005842756,3
T0005842758,2
T0005842762,2
T0005842763,2
T0005842764,1
T0005842767,1
T0005842770,2
T0005842772,3
T0005842775,1
T0005842776,1
T0005842778,2
T0005842779,1
T0005842780,3
T0005842782,3
T0005842783,2
T0005842785,2
T0005842786,2
T0005842790,2
T0005842793,1
T0005842796,2
T0005842800,1
T0005842802,3
T0005842806,2
T0005842809,2
T0005842812,2
T0005842815,1
T0005842820,2
T0005842821,1
T0005842825,2
T0005842826,3
T0005842828,3
T0005842829,3
T0005842832,1
T0005842834,1
T0005842836,1
T0005842837,2
T0005842839,3
T0005842840,2
T0005842842,2
T0005842845,3
T0005842850,1
T0005842852,2
T0005842854,2
T0005842857,2
T0005842861,2
T0005842864,3
T0005842865,3
T0005842866,3
T0005842873,2
T0005842876,2
T0005842877,2
T0005842878,1
T0005842881,3
T0005842882,2
T0005842889,2
T0005842890,2
T0005842892,2
T0005842894,3
T0005842895,1
T0005842901,3
T0005842902,2
T0005842904,2
T0005842906,2
T0005842912,2
T0005842913,2
T0005842914,1
T0005842917,3
T0005842918,2
T0005842920,1
T0005842921,2
T0005842922,2
T0005842923,1
T0005842928,2
T0005842929,1
T0005842930,3
T0005842931,3
T0005842934,1
T0005842938,3
T0005842944,1
T0005842945,3
T0005842951,2
T0005842953,2
T0005842954,2
T0005842956,3
T0005842958,2
T0005842959,3
T0005842960,3
T0005842964,2
T0005842968,2
T0005842971,1
T0005842974,3
T0005842980,2
T0005842981,1
T0005842991,2
T0005842994,1
T0005842998,2
T0005843000,3
T0005843003,1
T0005843004,2
T0005843005,2
T0005843007,3
T0005843009,3
T0005843010,2
T0005843011,2
T0005843012,1
T0005843014,2
T0005843020,1
T0005843023,2
T0005843028,3
T0005843034,1
T0005843035,3
T0005843036,1
T0005843038,3
T0005843039,2
T0005843040,2
T0005843042,3
T0005843043,3
T0005843045,2
T0005843046,2
T0005843052,2
T0005843057,2
T0005843061,1
T0005843062,3
T0005843065,2
T0005843071,1
T0005843074,3
T0005843075,3
T0005843076,2
T0005843077,2
T0005843078,1
T0005843083,1
T0005843085,2
T0005843088,2
T0005843089,2
T0005843094,2
T0005843096,2
T0005843097,1
T0005843104,3
T0005843108,3
T0005843111,3
T0005843112,3
T0005843115,1
T0005843116,3
T0005843118,3
T0005843124,2
T0005843129,3
T0005843137,3
T0005843139,1
T0005843142,3
T0005843147,2
T0005843148,3
T0005843150,2
T0005843152,2
T0005843155,2
T0005843156,2
T0005843157,2
T0005843161,3
T0005843162,2
T0005843167,3
T0005843172,2
T0005843175,1
T0005843176,3
T0005843178,3
T0005843182,1
T0005843183,3
T0005843184,2
T0005843185,2
T0005843187,1
T0005843192,3
T0005843199,1
T0005843207,2
T0005843211,3
T0005843214,2
T0005843215,1
T0005843216,2
T0005843217,1
T0005843218,1
T0005843220,3
T0005843223,1
T0005843226,2
T0005843227,3
T0005843229,1
T0005843234,2
T0005843235,1
T0005843238,2
T0005843239,1
T0005843241,2
T0005843248,2
T0005843249,3
T0005843251,3
T0005843253,2
T0005843254,2
T0005843257,3
T0005843260,2
T0005843262,2
T0005843263,1
T0005843264,2
T0005843265,1
T0005843268,3
T0005843269,2
T0005843271,2
T0005843272,2
T0005843273,2
T0005843274,2
T0005843278,2
T0005843279,2
T0005843280,2
T0005843284,3
T0005843285,2
T0005843287,1
T0005843293,3
T0005843299,1
T0005843301,2
T0005843306,3
T0005843314,3
T0005843318,3
T0005843319,1
T0005843323,2
T0005843327,2
T0005843328,3
T0005843329,2
T0005843330,1
T0005843331,3
T0005843332,2
T0005843335,2
T0005843338,2
T0005843344,2
T0005843347,2
T0005843348,3
T0005843349,2
T0005843351,3
T0005843352,2
T0005843354,1
T0005843357,2
T0005843358,2
T0005843362,2
T0005843369,1
T0005843371,2
T0005843373,2
T0005843376,3
T0005843378,2
T0005843379,2
T0005843381,3
T0005843386,2
T0005843392,3
T0005843393,3
T0005843395,2
T0005843399,2
T0005843400,3
T0005843401,2
T0005843407,2
T0005843409,2
T0005843410,3
T0005843415,2
T0005843419,3
T0005843422,2
T0005843424,3
T0005843425,2
T0005843426,2
T0005843427,1
T0005843428,3
T0005843430,2
T0005843431,1
T0005843432,3
T0005843435,3
T0005843436,2
T0005843437,3
T0005843440,3
T0005843442,2
T0005843443,1
T0005843444,2
T0005843447,3
T0005843448,3
T0005843451,3
T0005843453,3
T0005843454,2
T0005843457,3
T0005843458,2
T0005843460,2
T0005843462,2
T0005843463,1
T0005843470,1
T0005843471,2
T0005843473,3
T0005843474,2
T0005843475,1
T0005843476,3
T0005843477,1
T0005843479,2
T0005843480,2
T0005843481,3
T0005843492,3
T0005843495,1
T0005843496,1
T0005843500,3
T0005843501,2
T0005843502,3
T0005843503,1
T0005843505,2
T0005843508,2
T0005843510,3
T0005843512,2
T0005843514,2
T0005843517,2
T0005843518,2
T0005843519,2
T0005843523,2
T0005843525,3
T0005843528,1
T0005843529,3
T0005843531,1
T0005843533,2
T0005843535,2
T0005843540,2
T0005843541,2
T0005843543,2
T0005843545,3
T0005843547,3
T0005843548,3
T0005843550,1
T0005843551,3
T0005843552,2
T0005843554,2
T0005843558,3
T0005843560,2
T0005843563,3
T0005843565,3
T0005843571,3
T0005843572,2
T0005843576,1
T0005843577,2
T0005843582,1
T0005843585,3
T0005843587,3
T0005843590,3
T0005843594,2
T0005843596,3
T0005843599,3
T0005843601,2
T0005843602,2
T0005843605,2
T0005843607,2
T0005843609,2
T0005843612,2
T0005843613,3
T0005843616,2
T0005843617,2
T0005843618,1
T0005843620,3
T0005843621,2
T0005843624,1
T0005843627,3
T0005843628,2
T0005843631,2
T0005843632,2
T0005843636,3
T0005843642,2
T0005843648,1
T0005843652,3
T0005843653,1
T0005843655,3
T0005843657,2
T0005843659,3
T0005843660,3
T0005843661,1
T0005843663,1
T0005843666,2
T0005843669,3
T0005843671,3
T0005843674,2
T0005843680,2
T0005843687,2
T0005843689,3
T0005843691,2
T0005843692,2
T0005843693,3
T0005843694,2
T0005843701,2
T0005843702,2
T0005843703,2
T0005843704,3
T0005843705,2
T0005843708,2
T0005843714,2
T0005843716,2
T0005843717,3
T0005843718,3
T0005843721,1
T0005843722,3
T0005843723,3
T0005843726,2
T0005843728,2
T0005843737,2
T0005843738,2
T0005843741,1
T0005843745,3
T0005843746,2
T0005843749,2
T0005843750,2
T0005843752,3
T0005843754,1
T0005843755,1
T0005843758,2
T0005843761,1
T0005843764,1
T0005843765,1
T0005843772,1
T0005843774,3
T0005843775,2
T0005843776,2
T0005843777,3
T0005843779,3
T0005843783,3
T0005843789,2
T0005843791,2
T0005843792,2
T0005843794,2
T0005843796,3
T0005843799,3
T0005843804,2
T0005843805,1
T0005843807,2
T0005843808,3
T0005843809,1
T0005843812,3
T0005843815,2
T0005843816,1
T0005843821,2
T0005843826,2
T0005843834,2
T0005843836,1
T0005843845,2
T0005843846,2
T0005843848,2
T0005843852,2
T0005843856,3
T0005843859,2
T0005843860,2
T0005843862,2
T0005843867,1
T0005843870,2
T0005843871,2
T0005843874,3
T0005843877,2
T0005843882,2
T0005843885,2
T0005843887,2
T0005843888,3
T0005843889,3
T0005843894,3
T0005843895,1
T0005843899,3
T0005843900,3
T0005843901,3
T0005843903,2
T0005843905,2
T0005843906,2
T0005843912,2
T0005843914,2
T0005843916,3
T0005843922,2
T0005843927,2
T0005843928,2
T0005843930,3
T0005843932,1
T0005843934,2
T0005843938,2
T0005843939,2
T0005843941,3
T0005843949,3
T0005843950,2
T0005843951,2
T0005843956,2
T0005843958,2
T0005843959,3
T0005843962,2
T0005843963,2
T0005843966,2
T0005843968,2
T0005843971,1
T0005843973,2
T0005843978,3
T0005843979,2
T0005843980,2
T0005843981,2
T0005843982,3
T0005843984,1
T0005843985,1
T0005843987,1
T0005843988,2
T0005843993,2
T0005843994,3
T0005843995,2
T0005843996,3
T0005844000,2
T0005844002,2
T0005844003,3
T0005844004,2
T0005844005,2
T0005844007,3
T0005844008,3
T0005844011,2
T0005844016,3
T0005844024,3
T0005844025,1
T0005844030,1
T0005844032,3
T0005844036,1
T0005844037,2
T0005844042,3
T0005844044,2
T0005844052,1
T0005844055,3
T0005844059,3
T0005844060,3
T0005844061,3
T0005844065,3
T0005844072,3
T0005844075,1
T0005844076,3
T0005844077,2
T0005844078,3
T0005844085,2
T0005844094,2
T0005844096,2
T0005844099,2
T0005844103,1
T0005844108,2
T0005844113,3
T0005844115,3
T0005844117,2
T0005844121,3
T0005844126,1
T0005844128,3
T0005844130,1
T0005844132,2
T0005844133,2
T0005844135,3
T0005844137,3
T0005844139,2
T0005844140,2
T0005844144,3
T0005844145,2
T0005844149,2
T0005844151,3
T0005844153,2
T0005844155,2
T0005844156,2
T0005844158,2
T0005844163,3
T0005844166,2
T0005844168,2
T0005844169,2
T0005844171,3
T0005844172,3
T0005844173,1
T0005844174,1
T0005844175,2
T0005844176,3
T0005844179,1
T0005844180,2
T0005844184,3
T0005844187,2
T0005844190,3
T0005844192,3
T0005844193,2
T0005844194,1
T0005844199,1
T0005844203,2
T0005844206,2
T0005844212,3
T0005844215,2
T0005844216,2
T0005844217,2
T0005844218,1
T0005844219,2
T0005844220,3
T0005844221,3
T0005844224,2
T0005844226,2
T0005844227,2
T0005844228,1
T0005844229,3
T0005844231,3
T0005844233,2
T0005844235,3
T0005844239,1
T0005844243,3
T0005844245,2
T0005844247,3
T0005844250,3
T0005844252,1
T0005844253,2
T0005844254,2
T0005844255,2
T0005844257,3
T0005844261,3
T0005844267,1
T0005844269,2
T0005844270,2
T0005844272,2
T0005844279,1
T0005844281,2
T0005844285,2
T0005844288,2
T0005844292,3
T0005844294,2
T0005844296,3
T0005844297,3
T0005844299,2
T0005844300,3
T0005844303,3
T0005844310,1
T0005844311,3
T0005844314,3
T0005844319,1
T0005844320,2
T0005844321,2
T0005844323,2
T0005844330,3
T0005844334,2
T0005844338,2
T0005844341,2
T0005844344,3
T0005844346,2
T0005844347,3
T0005844350,2
T0005844351,2
T0005844352,1
T0005844353,2
T0005844355,2
T0005844356,2
T0005844359,3
T0005844360,2
T0005844361,2
T0005844369,1
T0005844374,2
T0005844375,1
T0005844376,1
T0005844380,2
T0005844381,2
T0005844382,3
T0005844384,2
T0005844385,1
T0005844386,3
T0005844389,3
T0005844391,3
T0005844392,1
T0005844393,2
T0005844395,2
T0005844398,2
T0005844399,2
T0005844400,1
T0005844401,2
T0005844403,1
T0005844406,3
T0005844409,1
T0005844410,3
T0005844411,2
T0005844412,3
T0005844413,2
T0005844415,1
T0005844416,1
T0005844419,1
T0005844425,1
T0005844426,2
T0005844430,2
T0005844434,1
T0005844445,3
T0005844446,3
T0005844447,1
T0005844448,1
T0005844450,3
T0005844451,2
T0005844454,3
T0005844456,2
T0005844461,3
T0005844462,1
T0005844463,2
T0005844464,2
T0005844468,1
T0005844473,2
T0005844474,2
T0005844475,2
T0005844476,3
T0005844479,2
T0005844480,2
T0005844482,2
T0005844483,2
T0005844484,3
T0005844487,3
T0005844489,2
T0005844496,2
T0005844499,3
T0005844501,2
T0005844502,2
T0005844509,2
T0005844511,1
T0005844512,2
T0005844513,2
T0005844516,2
T0005844517,3
T0005844519,2
T0005844521,3
T0005844522,3
T0005844525,2
T0005844526,1
T0005844527,1
T0005844533,2
T0005844534,3
T0005844535,1
T0005844540,2
T0005844541,3
T0005844548,2
T0005844550,3
T0005844552,1
T0005844553,2
T0005844555,2
T0005844557,2
T0005844560,1
T0005844561,1
T0005844568,3
T0005844570,3
T0005844572,2
T0005844573,2
T0005844575,3
T0005844576,3
T0005844577,1
T0005844583,2
T0005844585,2
T0005844587,3
T0005844588,3
T0005844589,1
T0005844595,1
T0005844597,3
T0005844598,1
T0005844602,3
T0005844603,3
T0005844605,1
T0005844611,2
T0005844612,2
T0005844614,2
T0005844615,1
T0005844616,2
T0005844617,3
T0005844621,3
T0005844624,3
T0005844625,3
T0005844626,2
T0005844627,2
T0005844632,2
T0005844635,3
T0005844637,1
T0005844638,2
T0005844642,3
T0005844647,2
T0005844649,2
T0005844651,2
T0005844656,2
T0005844660,2
T0005844662,3
T0005844664,3
T0005844665,2
T0005844666,1
T0005844667,3
T0005844668,1
T0005844669,2
T0005844677,2
T0005844681,2
T0005844682,3
T0005844689,1
T0005844690,1
T0005844693,2
T0005844696,2
T0005844697,2
T0005844698,3
T0005844699,1
T0005844700,2
T0005844703,2
T0005844705,3
T0005844706,2
T0005844709,1
T0005844711,2
T0005844713,3
T0005844714,2
T0005844715,2
T0005844717,1
T0005844718,2
T0005844720,2
T0005844726,2
T0005844730,3
T0005844732,2
T0005844733,2
T0005844734,1
T0005844735,3
T0005844736,2
T0005844744,1
T0005844753,1
T0005844754,2
T0005844760,3
T0005844765,2
T0005844767,2
T0005844770,2
T0005844775,2
T0005844782,2
T0005844785,1
T0005844786,3
T0005844788,2
T0005844789,2
T0005844791,3
T0005844795,2
T0005844796,3
T0005844802,2
T0005844809,2
T0005844814,3
T0005844816,3
T0005844817,2
T0005844818,2
T0005844819,2
T0005844821,1
T0005844843,2
T0005844846,2
T0005844851,3
T0005844854,2
T0005844856,2
T0005844857,3
T0005844861,2
T0005844866,3
T0005844869,3
T0005844870,2
T0005844872,1
T0005844875,1
T0005844877,1
T0005844878,2
T0005844879,1
T0005844882,2
T0005844887,2
T0005844888,3
T0005844889,3
T0005844890,1
T0005844892,2
T0005844894,2
T0005844898,3
T0005844899,1
T0005844900,3
T0005844901,3
T0005844902,2
T0005844903,2
T0005844907,3
T0005844909,1
T0005844913,2
T0005844914,1
T0005844917,2
T0005844918,2
T0005844919,2
T0005844920,2
T0005844923,2
T0005844925,2
T0005844926,2
T0005844927,2
T0005844939,2
T0005844941,3
T0005844950,3
T0005844951,2
T0005844952,2
T0005844956,2
T0005844958,3
T0005844961,1
T0005844962,2
T0005844963,3
T0005844964,2
T0005844965,3
T0005844968,3
T0005844972,3
T0005844976,1
T0005844977,2
T0005844978,2
T0005844980,2
T0005844981,1
T0005844984,3
T0005844986,2
T0005844987,2
T0005844990,3
T0005844995,2
T0005844996,2
T0005844997,2
T0005845001,2
T0005845003,2
T0005845007,1
T0005845015,3
T0005845027,2
T0005845029,2
T0005845030,3
T0005845031,2
T0005845033,1
T0005845040,2
T0005845041,2
T0005845042,2
T0005845045,2
T0005845048,3
T0005845058,2
T0005845060,3
T0005845062,2
T0005845063,1
T0005845064,3
T0005845066,2
T0005845067,3
T0005845071,1
T0005845072,2
T0005845074,2
T0005845077,2
T0005845078,2
T0005845084,2
T0005845085,3
T0005845087,3
T0005845089,2
T0005845090,1
T0005845091,2
T0005845092,3
T0005845094,3
T0005845095,3
T0005845096,1
T0005845098,2
T0005845100,1
T0005845101,3
T0005845102,1
T0005845104,2
T0005845108,2
T0005845111,1
T0005845117,2
T0005845118,3
T0005845119,2
T0005845120,2
T0005845122,1
T0005845123,2
T0005845125,2
T0005845129,2
T0005845134,3
T0005845135,3
T0005845136,2
T0005845138,3
T0005845141,2
T0005845143,1
T0005845147,3
T0005845157,3
T0005845158,1
T0005845161,2
T0005845165,1
T0005845169,2
T0005845172,2
T0005845174,3
T0005845177,2
T0005845182,2
T0005845187,2
T0005845188,3
T0005845189,3
T0005845190,2
T0005845193,3
T0005845195,3
T0005845196,2
T0005845197,1
T0005845199,2
T0005845202,1
T0005845206,3
T0005845210,2
T0005845215,3
T0005845220,1
T0005845225,3
T0005845227,2
T0005845228,1
T0005845229,2
T0005845230,3
T0005845231,2
T0005845232,1
T0005845235,1
T0005845236,2
T0005845237,1
T0005845239,3
T0005845241,2
T0005845243,1
T0005845245,3
T0005845246,2
T0005845248,2
T0005845251,1
T0005845256,1
T0005845260,2
T0005845262,2
T0005845263,1
T0005845264,1
T0005845265,3
T0005845266,2
T0005845267,1
T0005845270,2
T0005845272,3
T0005845273,3
T0005845277,2
T0005845278,3
T0005845282,2
T0005845283,1
T0005845284,2
T0005845292,2
T0005845296,2
T0005845299,2
T0005845300,2
T0005845304,2
T0005845306,3
T0005845309,3
T0005845312,3
T0005845313,2
T0005845317,2
T0005845320,2
T0005845322,2
T0005845323,1
T0005845327,1
T0005845328,2
T0005845329,2
T0005845331,2
T0005845333,1
T0005845334,2
T0005845335,3
T0005845338,1
T0005845339,2
T0005845344,3
T0005845348,2
T0005845362,2
T0005845367,2
T0005845371,3
T0005845373,2
T0005845374,1
T0005845379,3
T0005845387,2
T0005845389,2
T0005845392,3
T0005845395,2
T0005845397,3
T0005845401,1
T0005845403,3
T0005845404,2
T0005845409,2
T0005845415,2
T0005845416,2
T0005845417,1
T0005845418,2
T0005845419,1
T0005845424,3
T0005845425,3
T0005845430,3
T0005845431,1
T0005845432,2
T0005845433,2
T0005845436,3
T0005845437,3
T0005845439,2
T0005845441,2
T0005845444,2
T0005845445,2
T0005845449,2
T0005845450,1
T0005845454,3
T0005845456,3
T0005845458,3
T0005845462,2
T0005845466,3
T0005845474,2
T0005845475,2
T0005845477,2
T0005845478,2
T0005845479,3
T0005845480,2
T0005845484,1
T0005845485,2
T0005845486,3
T0005845487,3
T0005845490,3
T0005845492,2
T0005845495,3
T0005845497,2
T0005845498,1
T0005845499,3
T0005845505,3
T0005845506,2
T0005845519,3
T0005845520,1
T0005845521,2
T0005845522,2
T0005845526,2
T0005845528,2
T0005845530,2
T0005845533,3
T0005845534,2
T0005845535,1
T0005845539,2
T0005845541,2
T0005845544,2
T0005845546,2
T0005845547,2
T0005845548,2
T0005845549,2
T0005845551,2
T0005845552,2
T0005845553,2
T0005845557,2
T0005845560,2
T0005845566,2
T0005845569,3
T0005845576,1
T0005845579,2
T0005845580,2
T0005845583,2
T0005845584,1
T0005845586,2
T0005845590,3
T0005845591,3
T0005845593,2
T0005845598,1
T0005845601,2
T0005845605,2
T0005845606,3
T0005845607,2
T0005845609,3
T0005845611,2
T0005845612,2
T0005845613,3
T0005845614,2
T0005845619,3
T0005845620,2
T0005845627,2
T0005845631,2
T0005845632,1
T0005845634,3
T0005845635,3
T0005845637,2
T0005845639,3
T0005845640,2
T0005845644,2
T0005845645,2
T0005845647,2
T0005845648,2
T0005845650,1
T0005845653,3
T0005845658,2
T0005845659,3
T0005845663,2
T0005845664,2
T0005845673,1
T0005845675,1
T0005845678,2
T0005845679,3
T0005845686,2
T0005845687,2
T0005845688,3
T0005845691,2
T0005845692,2
T0005845693,2
T0005845696,1
T0005845697,1
T0005845699,2
T0005845702,2
T0005845704,2
T0005845706,1
T0005845709,1
T0005845710,2
T0005845711,2
T0005845712,3
T0005845713,2
T0005845718,2
T0005845719,1
T0005845724,2
T0005845726,2
T0005845729,2
T0005845736,2
T0005845739,3
T0005845740,2
T0005845742,1
T0005845743,2
T0005845744,2
T0005845747,1
T0005845748,2
T0005845750,2
T0005845751,1
T0005845752,2
T0005845753,3
T0005845756,2
T0005845758,2
T0005845761,2
T0005845762,3
T0005845765,3
T0005845769,2
T0005845780,2
T0005845784,2
T0005845786,3
T0005845787,3
T0005845790,2
T0005845793,2
T0005845795,2
T0005845797,2
T0005845800,2
T0005845801,3
T0005845803,1
T0005845804,1
T0005845811,2
T0005845812,3
T0005845817,2
T0005845819,3
T0005845821,2
T0005845825,2
T0005845826,2
T0005845828,2
T0005845830,2
T0005845839,1
T0005845840,3
T0005845842,3
T0005845844,1
T0005845848,3
T0005845851,1
T0005845855,1
T0005845859,2
T0005845860,2
T0005845861,1
T0005845862,2
T0005845863,2
T0005845867,1
T0005845877,1
T0005845880,3
T0005845886,2
T0005845887,3
T0005845889,3
T0005845893,3
T0005845894,1
T0005845898,2
T0005845899,3
T0005845900,2
T0005845901,1
T0005845903,3
T0005845907,3
T0005845909,1
T0005845913,2
T0005845916,2
T0005845921,2
T0005845925,3
T0005845926,1
T0005845927,2
T0005845928,2
T0005845929,2
T0005845931,2
T0005845936,3
T0005845938,3
T0005845940,2
T0005845942,2
T0005845945,2
T0005845946,3
T0005845949,1
T0005845953,2
T0005845960,2
T0005845966,2
T0005845968,2
T0005845971,3
T0005845972,1
T0005845977,2
T0005845978,3
T0005845983,2
T0005845988,2
T0005845989,1
T0005845993,3
T0005845995,3
T0005845996,2
T0005845998,2
T0005846000,2
T0005846001,3
T0005846004,2
T0005846006,1
T0005846009,3
T0005846011,2
T0005846014,2
T0005846015,2
T0005846021,3
T0005846026,2
T0005846027,3
T0005846032,3
T0005846033,2
T0005846035,2
T0005846036,2
T0005846039,2
T0005846040,1
T0005846041,1
T0005846043,1
T0005846047,2
T0005846048,2
T0005846051,2
T0005846052,1
T0005846053,2
T0005846054,3
T0005846058,1
T0005846060,1
T0005846063,2
T0005846066,2
T0005846068,2
T0005846069,1
T0005846070,3
T0005846072,3
T0005846073,2
T0005846075,2
T0005846077,2
T0005846085,3
T0005846086,1
T0005846087,3
T0005846089,1
T0005846090,3
T0005846093,3
T0005846094,1
T0005846102,1
T0005846105,2
T0005846109,3
T0005846114,3
T0005846116,1
T0005846124,3
T0005846125,3
T0005846126,2
T0005846135,2
T0005846137,2
T0005846142,2
T0005846147,2
T0005846150,2
T0005846152,2
T0005846153,2
T0005846158,2
T0005846159,1
T0005846160,2
T0005846163,2
T0005846164,1
T0005846165,2
T0005846166,2
T0005846168,2
T0005846169,3
T0005846171,2
T0005846172,2
T0005846173,1
T0005846175,2
T0005846176,1
T0005846177,2
T0005846179,2
T0005846180,3
T0005846182,3
T0005846184,2
T0005846191,2
T0005846192,3
T0005846195,2
T0005846196,3
T0005846197,1
T0005846198,1
T0005846200,2
T0005846201,2
T0005846203,2
T0005846204,2
T0005846205,2
T0005846208,2
T0005846210,2
T0005846211,2
T0005846213,3
T0005846214,2
T0005846215,2
T0005846217,3
T0005846219,1
T0005846220,1
T0005846226,2
T0005846234,3
T0005846235,1
T0005846237,2
T0005846243,3
T0005846247,2
T0005846249,1
T0005846250,1
T0005846251,3
T0005846252,3
T0005846256,2
T0005846257,3
T0005846259,3
T0005846260,2
T0005846263,3
T0005846266,1
T0005846267,2
T0005846270,2
T0005846273,3
T0005846279,3
T0005846280,1
T0005846281,3
T0005846284,2
T0005846285,2
T0005846287,2
T0005846289,2
T0005846291,3
T0005846292,3
T0005846294,2
T0005846295,2
T0005846300,2
T0005846302,2
T0005846303,2
T0005846304,3
T0005846305,2
T0005846306,2
T0005846309,3
T0005846311,1
T0005846312,1
T0005846313,1
T0005846314,3
T0005846318,3
T0005846319,2
T0005846321,2
T0005846322,1
T0005846324,3
T0005846325,3
T0005846326,2
T0005846331,2
T0005846332,1
T0005846333,2
T0005846334,1
T0005846335,3
T0005846337,1
T0005846338,2
T0005846345,2
T0005846347,2
T0005846351,3
T0005846354,3
T0005846360,2
T0005846362,1
T0005846365,2
T0005846368,3
T0005846369,3
T0005846371,2
T0005846380,3
T0005846382,3
T0005846383,2
T0005846385,1
T0005846387,1
T0005846394,3
T0005846397,3
T0005846403,3
T0005846406,3
T0005846408,2
T0005846409,1
T0005846413,2
T0005846416,3
T0005846417,3
T0005846421,3
T0005846424,2
T0005846430,2
T0005846432,1
T0005846436,1
T0005846437,3
T0005846438,3
T0005846439,3
T0005846440,2
T0005846444,1
T0005846445,3
T0005846446,2
T0005846448,2
T0005846449,2
T0005846450,2
T0005846452,1
T0005846455,2
T0005846458,1
T0005846459,3
T0005846460,2
T0005846461,3
T0005846462,1
T0005846463,2
T0005846464,2
T0005846469,2
T0005846470,2
T0005846471,3
T0005846473,3
T0005846477,2
T0005846479,2
T0005846481,2
T0005846482,3
T0005846484,2
T0005846485,2
T0005846486,3
T0005846494,3
T0005846504,1
T0005846505,2
T0005846506,3
T0005846508,3
T0005846509,2
T0005846512,1
T0005846513,3
T0005846517,3
T0005846518,1
T0005846519,2
T0005846521,3
T0005846525,3
T0005846528,3
T0005846530,2
T0005846533,2
T0005846535,2
T0005846538,2
T0005846541,2
T0005846542,3
T0005846545,2
T0005846548,3
T0005846549,3
T0005846552,3
T0005846554,1
T0005846558,3
T0005846559,3
T0005846563,3
T0005846564,2
T0005846565,2
T0005846566,1
T0005846568,1
T0005846569,1
T0005846575,3
T0005846578,2
T0005846580,2
T0005846584,1
T0005846588,3
T0005846590,2
T0005846591,1
T0005846594,2
T0005846596,3
T0005846599,3
T0005846601,3
T0005846604,3
T0005846605,3
T0005846606,3
T0005846614,3
T0005846616,1
T0005846618,3
T0005846619,2
T0005846621,1
T0005846622,2
T0005846625,3
T0005846628,1
T0005846630,1
T0005846631,2
T0005846633,3
T0005846637,3
T0005846640,2
T0005846642,2
T0005846646,3
T0005846648,3
T0005846652,3
T0005846660,3
T0005846661,3
T0005846664,2
T0005846665,1
T0005846666,3
T0005846668,3
T0005846669,2
T0005846672,3
T0005846673,1
T0005846675,3
T0005846676,2
T0005846678,2
T0005846679,3
T0005846684,3
T0005846687,1
T0005846688,3
T0005846690,3
T0005846692,2
T0005846694,2
T0005846695,3
T0005846696,1
T0005846699,1
T0005846702,1
T0005846703,2
T0005846705,2
T0005846710,1
T0005846712,1
T0005846715,1
T0005846716,2
T0005846717,1
T0005846718,2
T0005846724,2
T0005846726,2
T0005846728,1
T0005846730,3
T0005846731,1
T0005846733,1
T0005846734,2
T0005846736,2
T0005846737,1
T0005846738,2
T0005846747,3
T0005846748,3
T0005846750,1
T0005846751,1
T0005846752,2
T0005846754,2
T0005846755,3
T0005846758,3
T0005846760,2
T0005846762,2
T0005846764,2
T0005846770,2
T0005846775,2
T0005846776,1
T0005846777,2
T0005846778,2
T0005846779,1
T0005846781,2
T0005846782,2
T0005846785,2
T0005846792,2
T0005846793,1
T0005846795,2
T0005846799,3
T0005846800,2
T0005846802,2
T0005846803,2
T0005846804,3
T0005846805,1
T0005846807,3
T0005846808,1
T0005846809,2
T0005846816,2
T0005846819,3
T0005846820,2
T0005846821,1
T0005846822,3
T0005846823,2
T0005846824,2
T0005846825,2
T0005846826,3
T0005846828,3
T0005846829,3
T0005846834,2
T0005846836,2
T0005846838,3
T0005846841,2
T0005846842,3
T0005846845,2
T0005846846,2
T0005846847,1
T0005846848,2
T0005846852,1
T0005846853,3
T0005846854,2
T0005846856,3
T0005846860,2
T0005846861,3
T0005846863,1
T0005846866,2
T0005846868,2
T0005846869,2
T0005846871,2
T0005846873,2
T0005846878,1
T0005846880,2
T0005846881,3
T0005846882,3
T0005846890,3
T0005846892,3
T0005846894,2
T0005846898,3
T0005846899,2
T0005846903,1
T0005846909,3
T0005846914,2
T0005846915,2
T0005846918,3
T0005846920,2
T0005846925,2
T0005846927,2
T0005846928,1
T0005846930,3
T0005846937,2
T0005846939,2
T0005846940,2
T0005846941,1
T0005846944,1
T0005846946,2
T0005846955,3
T0005846956,3
T0005846959,2
T0005846961,1
T0005846963,2
T0005846969,3
T0005846971,3
T0005846972,2
T0005846974,1
T0005846975,1
T0005846978,2
T0005846981,3
T0005846982,3
T0005846983,3
T0005846984,1
T0005846985,2
T0005846987,2
T0005846993,3
T0005846995,2
T0005846996,3
T0005846999,1
T0005847007,1
T0005847012,2
T0005847015,2
T0005847017,2
T0005847018,3
T0005847020,3
T0005847025,3
T0005847027,2
T0005847028,3
T0005847030,3
T0005847031,2
T0005847032,2
T0005847034,3
T0005847035,3
T0005847038,2
T0005847045,2
T0005847046,2
T0005847047,1
T0005847048,3
T0005847049,3
T0005847052,2
T0005847053,2
T0005847056,1
T0005847058,2
T0005847059,3
T0005847060,1
T0005847061,2
T0005847063,2
T0005847064,3
T0005847067,3
T0005847068,2
T0005847073,2
T0005847075,3
T0005847083,2
T0005847084,2
T0005847087,2
T0005847088,2
T0005847090,2
T0005847091,1
T0005847092,2
T0005847099,3
T0005847100,2
T0005847103,3
T0005847104,2
T0005847107,2
T0005847108,2
T0005847111,2
T0005847112,3
T0005847113,1
T0005847117,3
T0005847119,3
T0005847125,2
T0005847126,2
T0005847128,2
T0005847129,2
T0005847132,3
T0005847133,3
T0005847136,2
T0005847138,2
T0005847139,1
T0005847142,1
T0005847144,1
T0005847147,2
T0005847148,2
T0005847153,2
T0005847154,2
T0005847157,2
T0005847158,2
T0005847159,3
T0005847160,2
T0005847161,3
T0005847164,3
T0005847165,2
T0005847166,2
T0005847167,1
T0005847168,1
T0005847169,2
T0005847170,2
T0005847171,2
T0005847176,1
T0005847179,2
T0005847181,2
T0005847184,3
T0005847185,3
T0005847189,2
T0005847192,2
T0005847193,3
T0005847194,3
T0005847197,2
T0005847198,1
T0005847199,1
T0005847201,2
T0005847203,3
T0005847204,2
T0005847207,3
T0005847209,1
T0005847212,2
T0005847214,3
T0005847221,2
T0005847222,1
T0005847227,2
T0005847228,3
T0005847229,2
T0005847231,1
T0005847232,2
T0005847233,2
T0005847237,3
T0005847245,2
T0005847246,3
T0005847248,2
T0005847251,1
T0005847254,1
T0005847263,3
T0005847264,3
T0005847271,2
T0005847272,2
T0005847273,1
T0005847275,3
T0005847287,2
T0005847288,2
T0005847290,2
T0005847291,2
T0005847293,2
T0005847300,2
T0005847302,2
T0005847304,1
T0005847305,3
T0005847306,2
T0005847307,1
T0005847311,1
T0005847312,3
T0005847314,2
T0005847316,2
T0005847317,2
T0005847319,3
T0005847322,2
T0005847328,1
T0005847333,2
T0005847340,3
T0005847341,2
T0005847342,3
T0005847344,2
T0005847347,3
T0005847348,3
T0005847352,2
T0005847355,2
T0005847357,1
T0005847359,2
T0005847360,2
T0005847361,1
T0005847363,2
T0005847364,3
T0005847377,2
T0005847378,3
T0005847379,3
T0005847384,3
T0005847389,2
T0005847392,2
T0005847394,1
T0005847397,2
T0005847400,1
T0005847403,3
T0005847405,2
T0005847411,2
T0005847415,2
T0005847424,2
T0005847432,3
T0005847433,1
T0005847438,2
T0005847440,3
T0005847441,1
T0005847443,3
T0005847445,3
T0005847447,1
T0005847448,2
T0005847451,2
T0005847454,2
T0005847455,2
T0005847456,1
T0005847457,2
T0005847460,3
T0005847462,3
T0005847464,2
T0005847468,1
T0005847470,1
T0005847471,3
T0005847472,2
T0005847475,1
T0005847476,2
T0005847477,3
T0005847481,1
T0005847482,2
T0005847486,1
T0005847487,2
T0005847488,3
T0005847489,3
T0005847494,3
T0005847495,1
T0005847498,3
T0005847500,2
T0005847503,1
T0005847504,2
T0005847512,3
T0005847513,3
T0005847516,2
T0005847518,3
T0005847519,3
T0005847520,2
T0005847521,1
T0005847526,1
T0005847528,2
T0005847532,2
T0005847533,2
T0005847535,3
T0005847537,2
T0005847540,3
T0005847542,2
T0005847544,3
T0005847548,2
T0005847560,2
T0005847561,2
T0005847562,1
T0005847563,3
T0005847567,3
T0005847569,2
T0005847570,3
T0005847573,1
T0005847575,3
T0005847578,1
T0005847579,1
T0005847580,3
T0005847585,3
T0005847588,2
T0005847595,3
T0005847596,2
T0005847598,2
T0005847606,2
T0005847612,2
T0005847613,2
T0005847614,2
T0005847619,2
T0005847621,2
T0005847624,2
T0005847626,2
T0005847627,2
T0005847629,1
T0005847630,3
T0005847631,3
T0005847633,1
T0005847641,2
T0005847642,3
T0005847643,2
T0005847647,2
T0005847650,1
T0005847653,3
T0005847654,2
T0005847662,1
T0005847664,3
T0005847665,2
T0005847667,2
T0005847668,2
T0005847669,3
T0005847671,3
T0005847674,3
T0005847677,2
T0005847682,2
T0005847684,3
T0005847687,1
T0005847688,1
T0005847689,2
T0005847690,1
T0005847691,2
T0005847692,2
T0005847693,1
T0005847694,2
T0005847695,2
T0005847697,2
T0005847699,1
T0005847700,2
T0005847701,2
T0005847703,3
T0005847704,3
T0005847706,2
T0005847709,3
T0005847710,2
T0005847711,2
T0005847713,2
T0005847714,2
T0005847716,1
T0005847723,3
T0005847725,3
T0005847726,2
T0005847727,2
T0005847730,3
T0005847731,3
T0005847732,2
T0005847736,3
T0005847742,1
T0005847750,2
T0005847751,2
T0005847752,3
T0005847754,3
T0005847757,3
T0005847759,2
T0005847762,2
T0005847763,2
T0005847765,2
T0005847766,2
T0005847769,2
T0005847773,3
T0005847776,1
T0005847780,3
T0005847785,2
T0005847788,2
T0005847790,3
T0005847794,2
T0005847799,2
T0005847800,3
T0005847801,3
T0005847806,3
T0005847807,3
T0005847812,2
T0005847813,2
T0005847817,3
T0005847818,2
T0005847819,2
T0005847820,1
T0005847823,2
T0005847824,3
T0005847827,3
T0005847828,1
T0005847831,2
T0005847835,2
T0005847836,2
T0005847837,3
T0005847845,2
T0005847851,3
T0005847852,2
T0005847853,3
T0005847854,3
T0005847858,3
T0005847861,2
T0005847862,2
T0005847863,2
T0005847864,2
T0005847865,3
T0005847874,1
T0005847875,3
T0005847877,3
T0005847880,2
T0005847881,2
T0005847884,3
T0005847886,3
T0005847887,2
T0005847888,3
T0005847890,2
T0005847894,2
T0005847895,2
T0005847896,3
T0005847901,2
T0005847902,2
T0005847903,2
T0005847904,2
T0005847905,1
T0005847907,1
T0005847908,3
T0005847909,2
T0005847914,2
T0005847919,1
T0005847923,2
T0005847925,2
T0005847926,2
T0005847928,2
T0005847931,2
T0005847934,1
T0005847937,2
T0005847938,1
T0005847939,2
T0005847940,2
T0005847944,2
T0005847945,2
T0005847949,2
T0005847954,2
T0005847962,3
T0005847966,1
T0005847968,3
T0005847969,3
T0005847971,1
T0005847979,2
T0005847980,2
T0005847984,2
T0005847989,2
T0005847990,1
T0005847992,3
T0005847993,2
T0005847998,2
T0005848001,1
T0005848004,1
T0005848007,1
T0005848009,2
T0005848012,1
T0005848013,2
T0005848018,1
T0005848024,1
T0005848029,3
T0005848031,2
T0005848032,2
T0005848035,3
T0005848039,1
T0005848040,2
T0005848043,1
T0005848046,2
T0005848048,2
T0005848049,2
T0005848051,2
T0005848056,2
T0005848057,3
T0005848060,2
T0005848061,1
T0005848064,2
T0005848065,2
T0005848067,1
T0005848069,2
T0005848072,2
T0005848073,1
T0005848076,2
T0005848081,1
T0005848085,2
T0005848087,1
T0005848088,2
T0005848092,3
T0005848096,2
T0005848097,2
T0005848099,2
T0005848102,3
T0005848104,2
T0005848109,1
T0005848110,2
T0005848111,2
T0005848112,2
T0005848113,3
T0005848114,2
T0005848115,3
T0005848116,2
T0005848119,2
T0005848120,3
T0005848123,2
T0005848124,1
T0005848125,3
T0005848126,2
T0005848130,3
T0005848136,3
T0005848137,2
T0005848139,3
T0005848141,3
T0005848143,1
T0005848151,3
T0005848152,1
T0005848157,2
T0005848160,3
T0005848162,2
T0005848165,2
T0005848167,3
T0005848170,2
T0005848174,2
T0005848175,2
T0005848177,3
T0005848179,3
T0005848181,2
T0005848183,1
T0005848187,1
T0005848189,1
T0005848190,2
T0005848194,3
T0005848195,2
T0005848196,1
T0005848197,2
T0005848200,3
T0005848203,2
T0005848205,1
T0005848206,3
T0005848207,2
T0005848208,1
T0005848209,3
T0005848210,1
T0005848211,2
T0005848212,2
T0005848213,2
T0005848214,2
T0005848216,2
T0005848218,3
T0005848219,3
T0005848221,1
T0005848224,2
T0005848226,2
T0005848230,3
T0005848233,3
T0005848237,3
T0005848243,3
T0005848246,2
T0005848250,2
T0005848252,2
T0005848256,1
T0005848258,2
T0005848259,3
T0005848262,1
T0005848267,3
T0005848271,2
T0005848272,1
T0005848274,2
T0005848276,2
T0005848277,1
T0005848280,2
T0005848283,2
T0005848295,3
T0005848297,2
T0005848300,2
T0005848301,3
T0005848304,2
T0005848305,2
T0005848310,1
T0005848313,2
T0005848314,1
T0005848316,2
T0005848317,1
T0005848320,2
T0005848321,2
T0005848325,3
T0005848332,2
T0005848336,2
T0005848338,2
T0005848341,2
T0005848342,2
T0005848345,2
T0005848346,2
T0005848349,2
T0005848351,2
T0005848353,2
T0005848354,1
T0005848356,2
T0005848360,2
T0005848361,2
T0005848365,3
T0005848369,2
T0005848371,1
T0005848372,2
T0005848379,3
T0005848382,3
T0005848384,2
T0005848387,2
T0005848389,2
T0005848393,2
T0005848395,1
T0005848397,2
T0005848398,2
T0005848400,3
T0005848405,2
T0005848407,2
T0005848409,1
T0005848411,2
T0005848415,1
T0005848420,3
T0005848421,2
T0005848422,3
T0005848423,1
T0005848426,3
T0005848427,1
T0005848429,2
T0005848432,3
T0005848433,2
T0005848434,3
T0005848439,3
T0005848442,1
T0005848443,2
T0005848446,1
T0005848448,1
T0005848452,2
T0005848456,2
T0005848457,1
T0005848470,2
T0005848473,2
T0005848475,3
T0005848476,2
T0005848477,1
T0005848479,3
T0005848482,2
T0005848484,2
T0005848488,3
T0005848489,2
T0005848490,2
T0005848491,3
T0005848495,1
T0005848496,3
T0005848497,2
T0005848499,2
T0005848500,3
T0005848504,2
T0005848505,3
T0005848507,3
T0005848511,2
T0005848520,2
T0005848522,1
T0005848523,3
T0005848524,3
T0005848525,2
T0005848527,2
T0005848530,1
T0005848533,2
T0005848535,2
T0005848543,3
T0005848544,2
T0005848545,3
T0005848547,3
T0005848550,2
T0005848551,1
T0005848552,3
T0005848554,2
T0005848556,2
T0005848557,2
T0005848559,3
T0005848561,1
T0005848562,2
T0005848565,3
T0005848571,2
T0005848574,3
T0005848577,2
T0005848578,3
T0005848584,2
T0005848587,3
T0005848588,3
T0005848589,1
T0005848590,3
T0005848594,3
T0005848595,2
T0005848596,3
T0005848597,2
T0005848601,3
T0005848603,1
T0005848605,2
T0005848608,1
T0005848609,3
T0005848610,3
T0005848613,1
T0005848616,2
T0005848619,3
T0005848620,3
T0005848621,2
T0005848622,2
T0005848623,2
T0005848626,3
T0005848627,2
T0005848630,2
T0005848633,2
T0005848635,3
T0005848645,1
T0005848646,2
T0005848649,3
T0005848654,1
T0005848655,2
T0005848657,2
T0005848659,3
T0005848660,2
T0005848661,2
T0005848664,3
T0005848665,1
T0005848666,2
T0005848671,3
T0005848679,3
T0005848683,2
T0005848685,2
T0005848689,2
T0005848692,2
T0005848703,2
T0005848705,2
T0005848709,2
T0005848711,1
T0005848714,1
T0005848715,2
T0005848718,2
T0005848720,1
T0005848724,1
T0005848726,2
T0005848727,1
T0005848730,2
T0005848733,3
T0005848734,3
T0005848736,1
T0005848740,2
T0005848742,3
T0005848751,3
T0005848752,1
T0005848756,2
T0005848763,1
T0005848764,2
T0005848768,2
T0005848774,2
T0005848778,2
T0005848779,1
T0005848783,3
T0005848786,1
T0005848787,3
T0005848791,3
T0005848792,2
T0005848795,1
T0005848797,2
T0005848799,3
T0005848800,3
T0005848803,3
T0005848806,2
T0005848807,3
T0005848810,3
T0005848811,1
T0005848812,3
T0005848813,2
T0005848814,2
T0005848816,1
T0005848817,2
T0005848818,2
T0005848822,1
T0005848823,2
T0005848827,2
T0005848831,2
T0005848832,1
T0005848835,2
T0005848838,2
T0005848841,2
T0005848842,3
T0005848844,3
T0005848846,1
T0005848855,1
T0005848857,3
T0005848859,3
T0005848860,2
T0005848866,3
T0005848868,2
T0005848869,3
T0005848872,1
T0005848875,2
T0005848878,3
T0005848881,3
T0005848882,3
T0005848884,3
T0005848886,3
T0005848893,2
T0005848894,2
T0005848897,2
T0005848898,2
T0005848900,2
T0005848902,2
T0005848903,2
T0005848904,2
T0005848905,1
T0005848907,1
T0005848910,3
T0005848911,2
T0005848913,2
T0005848914,1
T0005848915,1
T0005848916,2
T0005848920,3
T0005848921,1
T0005848925,1
T0005848927,1
T0005848928,1
T0005848931,2
T0005848933,2
T0005848934,2
T0005848935,3
T0005848937,2
T0005848944,1
T0005848946,3
T0005848950,2
T0005848951,2
T0005848953,3
T0005848954,3
T0005848956,3
T0005848959,2
T0005848961,3
T0005848966,2
T0005848968,1
T0005848974,3
T0005848975,3
T0005848977,2
T0005848979,3
T0005848981,2
T0005848983,3
T0005848985,3
T0005848987,2
T0005848994,2
T0005848995,2
T0005848996,2
T0005849002,2
T0005849003,2
T0005849005,2
T0005849007,3
T0005849008,2
T0005849009,2
T0005849011,3
T0005849012,2
T0005849013,2
T0005849014,2
T0005849016,3
T0005849018,3
T0005849019,1
T0005849025,2
T0005849028,2
T0005849029,3
T0005849030,2
T0005849032,2
T0005849034,3
T0005849037,2
T0005849038,1
T0005849043,1
T0005849048,2
T0005849049,2
T0005849053,3
T0005849056,3
T0005849060,3
T0005849061,2
T0005849062,3
T0005849064,3
T0005849067,2
T0005849068,2
T0005849069,2
T0005849071,3
T0005849076,2
T0005849077,3
T0005849079,2
T0005849081,1
T0005849083,2
T0005849084,2
T0005849090,2
T0005849093,2
T0005849096,3
T0005849100,3
T0005849102,1
T0005849112,1
T0005849114,2
T0005849117,1
T0005849123,1
T0005849124,2
T0005849126,2
T0005849127,2
T0005849129,3
T0005849132,2
T0005849133,3
T0005849134,2
T0005849135,1
T0005849136,1
T0005849137,2
T0005849139,3
T0005849144,1
T0005849145,3
T0005849146,2
T0005849150,2
T0005849152,2
T0005849154,2
T0005849157,2
T0005849161,2
T0005849171,3
T0005849173,2
T0005849176,3
T0005849178,1
T0005849179,3
T0005849180,2
T0005849184,3
T0005849189,2
T0005849191,2
T0005849197,1
T0005849199,2
T0005849200,3
T0005849201,3
T0005849204,2
T0005849207,1
T0005849209,2
T0005849214,2
T0005849216,3
T0005849217,2
T0005849219,3
T0005849223,3
T0005849224,2
T0005849228,1
T0005849229,3
T0005849230,2
T0005849231,1
T0005849232,2
T0005849235,2
T0005849237,2
T0005849242,3
T0005849247,2
T0005849253,1
T0005849258,2
T0005849259,1
T0005849263,1
T0005849265,1
T0005849266,2
T0005849269,3
T0005849272,2
T0005849276,1
T0005849278,2
T0005849279,3
T0005849283,3
T0005849287,3
T0005849289,2
T0005849293,1
T0005849294,2
T0005849296,3
T0005849297,2
T0005849299,2
T0005849302,2
T0005849305,2
T0005849308,2
T0005849310,3
T0005849312,2
T0005849313,2
T0005849315,2
T0005849316,3
T0005849318,3
T0005849323,3
T0005849328,2
T0005849336,1
T0005849337,2
T0005849338,1
T0005849340,2
T0005849343,2
T0005849345,2
T0005849346,1
T0005849349,1
T0005849350,2
T0005849351,2
T0005849355,3
T0005849357,2
T0005849360,3
T0005849363,3
T0005849365,1
T0005849366,1
T0005849370,2
T0005849374,2
T0005849376,2
T0005849379,2
T0005849382,2
T0005849386,2
T0005849388,1
T0005849390,2
T0005849392,3
T0005849393,2
T0005849394,3
T0005849397,3
T0005849402,2
T0005849405,2
T0005849406,3
T0005849408,3
T0005849412,2
T0005849417,2
T0005849418,1
T0005849419,2
T0005849420,1
T0005849421,1
T0005849422,1
T0005849424,3
T0005849425,2
T0005849427,3
T0005849428,2
T0005849429,2
T0005849433,2
T0005849434,1
T0005849436,2
T0005849437,1
T0005849438,3
T0005849440,2
T0005849441,3
T0005849443,2
T0005849444,2
T0005849446,2
T0005849447,2
T0005849450,2
T0005849451,3
T0005849452,2
T0005849455,2
T0005849458,3
T0005849464,1
T0005849465,1
T0005849466,2
T0005849473,1
T0005849476,3
T0005849477,2
T0005849480,3
T0005849481,2
T0005849483,1
T0005849484,2
T0005849487,3
T0005849488,3
T0005849500,1
T0005849501,3
T0005849504,1
T0005849510,2
T0005849511,2
T0005849512,1
T0005849514,1
T0005849515,3
T0005849519,2
T0005849520,1
T0005849523,1
T0005849525,2
T0005849526,1
T0005849527,1
T0005849529,3
T0005849530,2
T0005849531,3
T0005849534,3
T0005849535,1
T0005849537,2
T0005849540,1
T0005849543,2
T0005849545,2
T0005849547,3
T0005849549,3
T0005849550,3
T0005849551,1
T0005849556,3
T0005849557,2
T0005849562,2
T0005849566,3
T0005849567,3
T0005849569,1
T0005849570,1
T0005849571,3
T0005849580,3
T0005849582,3
T0005849586,1
T0005849588,3
T0005849591,2
T0005849594,3
T0005849596,2
T0005849597,2
T0005849599,2
T0005849600,2
T0005849601,2
T0005849613,2
T0005849614,3
T0005849617,2
T0005849618,1
T0005849619,1
T0005849621,2
T0005849626,2
T0005849628,1
T0005849629,3
T0005849630,2
T0005849631,2
T0005849634,2
T0005849643,2
T0005849646,2
T0005849648,1
T0005849649,3
T0005849652,2
T0005849654,3
T0005849656,3
T0005849657,2
T0005849658,3
T0005849660,3
T0005849662,2
T0005849666,3
T0005849667,1
T0005849668,1
T0005849669,2
T0005849672,2
T0005849677,2
T0005849684,3
T0005849685,2
T0005849686,3
T0005849687,2
T0005849689,3
T0005849690,2
T0005849694,1
T0005849699,2
T0005849704,2
T0005849705,1
T0005849707,2
T0005849708,3
T0005849710,1
T0005849711,2
T0005849712,2
T0005849714,2
T0005849715,1
T0005849716,2
T0005849720,3
T0005849721,3
T0005849723,2
T0005849724,2
T0005849726,3
T0005849727,3
T0005849731,3
T0005849736,3
T0005849738,1
T0005849739,2
T0005849744,2
T0005849746,2
T0005849747,2
T0005849748,3
T0005849749,3
T0005849759,2
T0005849761,3
T0005849763,2
T0005849766,3
T0005849770,1
T0005849771,1
T0005849772,2
T0005849773,1
T0005849779,1
T0005849784,2
T0005849786,2
T0005849788,2
T0005849789,2
T0005849792,3
T0005849793,3
T0005849794,3
T0005849795,2
T0005849798,3
T0005849802,3
T0005849803,3
T0005849808,2
T0005849811,3
T0005849813,2
T0005849815,2
T0005849819,2
T0005849820,2
T0005849821,2
T0005849827,2
T0005849831,2
T0005849833,2
T0005849834,1
T0005849836,2
T0005849837,2
T0005849839,1
T0005849840,3
T0005849843,1
T0005849845,3
T0005849851,2
T0005849853,2
T0005849856,3
T0005849857,1
T0005849862,1
T0005849866,2
T0005849873,2
T0005849877,3
T0005849878,2
T0005849879,3
T0005849882,1
T0005849883,2
T0005849884,3
T0005849889,2
T0005849892,3
T0005849893,2
T0005849897,3
T0005849898,3
T0005849901,1
T0005849902,3
T0005849903,1
T0005849904,2
T0005849905,3
T0005849906,1
T0005849909,2
T0005849912,1
T0005849916,2
T0005849917,2
T0005849918,2
T0005849919,2
T0005849921,1
T0005849922,1
T0005849927,2
T0005849930,2
T0005849933,3
T0005849935,2
T0005849937,3
T0005849940,1
T0005849941,2
T0005849943,3
T0005849945,3
T0005849949,2
T0005849950,2
T0005849951,1
T0005849955,1
T0005849957,3
T0005849959,3
T0005849960,3
T0005849970,3
T0005849972,2
T0005849980,2
T0005849982,3
T0005849983,2
T0005849984,2
T0005849987,3
T0005849988,1
T0005849989,2
T0005849990,2
T0005849994,2
T0005849995,2
T0005849996,2
T0005849998,3
T0005850000,1
T0005850004,2
T0005850005,2
T0005850006,3
T0005850007,3
T0005850011,2
T0005850013,2
T0005850015,1
T0005850016,2
T0005850018,2
T0005850022,1
T0005850023,3
T0005850027,2
T0005850028,1
T0005850029,3
T0005850031,1
T0005850032,3
T0005850033,2
T0005850037,1
T0005850038,2
T0005850040,2
T0005850041,2
T0005850044,3
T0005850048,3
T0005850049,3
T0005850052,2
T0005850055,3
T0005850056,3
T0005850057,2
T0005850058,2
T0005850061,2
T0005850063,3
T0005850066,3
T0005850069,2
T0005850074,2
T0005850085,3
T0005850086,1
T0005850093,2
T0005850095,2
T0005850096,3
T0005850101,2
T0005850104,2
T0005850106,2
T0005850107,2
T0005850110,2
T0005850111,2
T0005850114,3
T0005850117,2
T0005850118,3
T0005850122,3
T0005850124,2
T0005850125,3
T0005850126,2
T0005850131,3
T0005850139,2
T0005850144,2
T0005850145,3
T0005850146,3
T0005850147,2
T0005850152,3
T0005850156,2
T0005850164,3
T0005850166,2
T0005850167,2
T0005850171,3
T0005850172,2
T0005850177,2
T0005850179,2
T0005850181,1
T0005850183,3
T0005850187,2
T0005850188,2
T0005850189,1
T0005850190,2
T0005850191,3
T0005850193,2
T0005850194,3
T0005850196,2
T0005850198,3
T0005850200,3
T0005850202,1
T0005850204,1
T0005850205,2
T0005850208,1
T0005850211,2
T0005850213,2
T0005850215,2
T0005850221,2
T0005850222,2
T0005850223,3
T0005850226,3
T0005850229,2
T0005850230,3
T0005850231,1
T0005850233,3
T0005850235,2
T0005850237,2
T0005850240,2
T0005850243,2
T0005850246,3
T0005850248,1
T0005850249,2
T0005850252,2
T0005850255,1
T0005850260,1
T0005850262,2
T0005850263,2
T0005850264,3
T0005850265,1
T0005850266,3
T0005850272,3
T0005850278,1
T0005850281,2
T0005850282,3
T0005850283,3
T0005850285,1
T0005850287,3
T0005850289,2
T0005850290,2
T0005850296,1
T0005850297,2
T0005850298,3
T0005850302,2
T0005850305,2
T0005850307,1
T0005850310,2
T0005850316,3
T0005850317,3
T0005850320,3
T0005850321,2
T0005850323,2
T0005850327,2
T0005850330,3
T0005850333,2
T0005850335,2
T0005850338,2
T0005850339,2
T0005850340,2
T0005850341,3
T0005850347,3
T0005850348,3
T0005850350,2
T0005850354,3
T0005850366,2
T0005850371,3
T0005850372,2
T0005850380,3
T0005850381,2
T0005850385,1
T0005850386,3
T0005850389,2
T0005850391,3
T0005850392,1
T0005850396,2
T0005850397,1
T0005850398,2
T0005850399,2
T0005850402,3
T0005850403,3
T0005850404,1
T0005850406,1
T0005850412,2
T0005850413,1
T0005850416,1
T0005850420,2
T0005850421,2
T0005850422,2
T0005850425,2
T0005850426,1
T0005850428,3
T0005850429,2
T0005850435,1
T0005850437,3
T0005850439,1
T0005850441,2
T0005850449,2
T0005850453,1
T0005850455,1
T0005850457,2
T0005850458,2
T0005850459,2
T0005850462,2
T0005850464,2
T0005850465,3
T0005850466,3
T0005850467,2
T0005850468,3
T0005850473,2
T0005850477,1
T0005850478,2
T0005850480,3
T0005850481,2
T0005850482,2
T0005850484,1
T0005850490,2
T0005850493,3
T0005850494,2
T0005850495,3
T0005850503,3
T0005850506,2
T0005850507,2
T0005850508,2
T0005850512,3
T0005850514,3
T0005850518,1
T0005850522,2
T0005850530,3
T0005850535,1
T0005850538,2
T0005850539,1
T0005850542,3
T0005850546,2
T0005850553,3
T0005850560,2
T0005850561,3
T0005850562,2
T0005850563,2
T0005850564,3
T0005850565,3
T0005850567,1
T0005850570,1
T0005850572,2
T0005850573,2
T0005850575,1
T0005850580,2
T0005850585,2
T0005850589,1
T0005850590,3
T0005850591,1
T0005850594,3
T0005850595,1
T0005850596,2
T0005850602,3
T0005850603,2
T0005850606,3
T0005850608,1
T0005850610,2
T0005850612,2
T0005850616,2
T0005850617,2
T0005850618,2
T0005850619,1
T0005850621,2
T0005850622,3
T0005850625,3
T0005850627,2
T0005850628,3
T0005850634,2
T0005850637,2
T0005850638,2
T0005850642,2
T0005850643,2
T0005850645,3
T0005850646,3
T0005850650,2
T0005850651,2
T0005850652,1
T0005850657,2
T0005850659,2
T0005850664,3
T0005850665,2
T0005850672,2
T0005850673,3
T0005850676,1
T0005850677,2
T0005850678,2
T0005850679,1
T0005850683,3
T0005850687,2
T0005850688,2
T0005850689,3
T0005850691,2
T0005850696,3
T0005850697,2
T0005850699,1
T0005850700,2
T0005850701,2
T0005850702,2
T0005850705,2
T0005850707,3
T0005850710,2
T0005850711,2
T0005850716,1
T0005850719,3
T0005850720,2
T0005850721,2
T0005850722,3
T0005850726,2
T0005850728,3
T0005850729,3
T0005850733,3
T0005850734,2
T0005850736,2
T0005850739,1
T0005850740,3
T0005850741,2
T0005850746,1
T0005850755,2
T0005850758,3
T0005850760,1
T0005850761,1
T0005850764,2
T0005850767,1
T0005850769,3
T0005850770,1
T0005850773,1
T0005850780,2
T0005850783,2
T0005850784,2
T0005850785,2
T0005850788,2
T0005850793,2
T0005850795,3
T0005850796,2
T0005850800,3
T0005850801,1
T0005850802,2
T0005850804,2
T0005850805,3
T0005850807,1
T0005850812,3
T0005850813,3
T0005850814,1
T0005850818,3
T0005850823,2
T0005850824,1
T0005850826,2
T0005850828,2
T0005850832,3
T0005850833,3
T0005850838,3
T0005850839,1
T0005850840,2
T0005850841,3
T0005850843,3
T0005850845,2
T0005850848,1
T0005850851,2
T0005850853,2
T0005850854,2
T0005850855,2
T0005850856,2
T0005850857,1
T0005850858,2
T0005850868,3
T0005850870,1
T0005850872,1
T0005850876,2
T0005850877,2
T0005850879,1
T0005850889,2
T0005850892,1
T0005850898,1
T0005850899,2
T0005850902,3
T0005850904,2
T0005850906,2
T0005850908,1
T0005850909,2
T0005850910,3
T0005850911,2
T0005850912,3
T0005850920,3
T0005850921,1
T0005850922,1
T0005850924,3
T0005850926,3
T0005850927,1
T0005850934,2
T0005850935,3
T0005850938,3
T0005850946,3
T0005850948,2
T0005850951,2
T0005850953,3
T0005850954,3
T0005850955,2
T0005850958,2
T0005850960,2
T0005850961,2
T0005850962,3
T0005850964,3
T0005850965,3
T0005850978,2
T0005850979,3
T0005850984,2
T0005850987,2
T0005850988,1
T0005850995,2
T0005850997,1
T0005850998,3
T0005850999,2
T0005851002,1
T0005851003,2
T0005851004,1
T0005851006,3
T0005851007,1
T0005851010,3
T0005851012,1
T0005851013,3
T0005851015,1
T0005851019,3
T0005851020,2
T0005851022,2
T0005851024,2
T0005851026,2
T0005851027,2
T0005851028,2
T0005851029,2
T0005851030,1
T0005851031,1
T0005851032,3
T0005851034,3
T0005851039,2
T0005851047,2
T0005851051,1
T0005851052,2
T0005851055,2
T0005851057,1
T0005851058,3
T0005851060,1
T0005851061,3
T0005851062,2
T0005851064,2
T0005851066,1
T0005851068,2
T0005851071,2
T0005851076,3
T0005851079,2
T0005851080,2
T0005851085,3
T0005851088,2
T0005851095,2
T0005851096,2
T0005851100,1
T0005851101,1
T0005851103,1
T0005851104,2
T0005851108,1
T0005851110,1
T0005851114,2
T0005851117,3
T0005851119,3
T0005851120,1
T0005851122,2
T0005851127,2
T0005851128,2
T0005851130,3
T0005851133,2
T0005851134,2
T0005851135,1
T0005851139,2
T0005851143,3
T0005851144,2
T0005851148,3
T0005851150,2
T0005851151,2
T0005851153,1
T0005851154,2
T0005851155,2
T0005851157,3
T0005851158,2
T0005851160,2
T0005851161,1
T0005851163,3
T0005851166,2
T0005851171,2
T0005851175,2
T0005851177,2
T0005851178,3
T0005851181,3
T0005851183,1
T0005851184,2
T0005851185,1
T0005851187,3
T0005851188,2
T0005851192,2
T0005851196,2
T0005851198,1
T0005851199,3
T0005851200,2
T0005851204,3
T0005851206,2
T0005851208,3
T0005851212,2
T0005851213,1
T0005851214,2
T0005851218,2
T0005851220,2
T0005851221,2
T0005851222,3
T0005851224,3
T0005851227,3
T0005851233,3
T0005851235,2
T0005851236,3
T0005851237,3
T0005851238,2
T0005851240,2
T0005851242,2
T0005851243,3
T0005851245,3
T0005851248,3
T0005851250,3
T0005851251,3
T0005851252,2
T0005851253,3
T0005851256,2
T0005851257,3
T0005851259,2
T0005851265,2
T0005851267,3
T0005851275,2
T0005851276,2
T0005851280,1
T0005851281,2
T0005851282,2
T0005851284,3
T0005851287,3
T0005851288,2
T0005851289,3
T0005851292,3
T0005851293,2
T0005851294,3
T0005851296,2
T0005851297,3
T0005851301,2
T0005851304,2
T0005851306,1
T0005851311,3
T0005851312,1
T0005851313,3
T0005851317,1
T0005851321,1
T0005851324,3
T0005851331,1
T0005851333,2
T0005851335,2
T0005851336,2
T0005851341,2
T0005851343,1
T0005851345,3
T0005851353,2
T0005851354,2
T0005851367,1
T0005851368,2
T0005851369,2
T0005851373,2
T0005851376,2
T0005851380,2
T0005851381,2
T0005851382,2
T0005851383,3
T0005851384,2
T0005851387,2
T0005851388,3
T0005851389,1
T0005851399,2
T0005851400,3
T0005851403,1
T0005851405,2
T0005851407,2
T0005851409,3
T0005851410,2
T0005851413,1
T0005851419,3
T0005851420,2
T0005851421,3
T0005851424,2
T0005851425,3
T0005851427,3
T0005851428,1
T0005851429,3
T0005851434,2
T0005851438,3
T0005851439,2
T0005851441,2
T0005851442,2
T0005851443,2
T0005851444,3
T0005851447,2
T0005851449,2
T0005851452,3
T0005851454,1
T0005851458,3
T0005851459,2
T0005851463,2
T0005851465,2
T0005851466,2
T0005851469,2
T0005851471,1
T0005851476,2
T0005851478,2
T0005851479,3
T0005851480,2
T0005851481,1
T0005851482,2
T0005851485,2
T0005851488,3
T0005851490,2
T0005851493,2
T0005851495,3
T0005851496,3
T0005851498,1
T0005851499,2
T0005851502,3
T0005851511,2
T0005851514,3
T0005851518,2
T0005851519,2
T0005851521,1
T0005851527,3
T0005851529,2
T0005851550,1
T0005851553,2
T0005851555,1
T0005851560,2
T0005851561,3
T0005851562,3
T0005851567,2
T0005851568,2
T0005851569,2
T0005851570,2
T0005851575,2
T0005851576,1
T0005851578,2
T0005851581,3
T0005851587,2
T0005851590,2
T0005851593,2
T0005851594,3
T0005851595,2
T0005851602,2
T0005851606,3
T0005851607,2
T0005851609,2
T0005851611,2
T0005851612,3
T0005851613,3
T0005851614,2
T0005851615,2
T0005851617,3
T0005851618,3
T0005851623,3
T0005851624,3
T0005851628,2
T0005851629,2
T0005851630,2
T0005851635,2
T0005851636,2
T0005851640,3
T0005851641,2
T0005851642,2
T0005851643,3
T0005851648,2
T0005851650,3
T0005851652,1
T0005851653,2
T0005851655,2
T0005851656,2
T0005851658,3
T0005851660,3
T0005851664,2
T0005851665,2
T0005851669,2
T0005851672,3
T0005851674,2
T0005851675,3
T0005851684,3
T0005851685,1
T0005851688,1
T0005851691,2
T0005851694,2
T0005851697,2
T0005851698,2
T0005851702,3
T0005851703,2
T0005851705,3
T0005851706,2
T0005851712,2
T0005851715,3
T0005851716,2
T0005851722,2
T0005851725,1
T0005851728,1
T0005851737,3
T0005851738,2
T0005851739,1
T0005851740,1
T0005851741,2
T0005851743,2
T0005851746,2
T0005851749,3
T0005851751,3
T0005851754,3
T0005851757,1
T0005851758,3
T0005851761,2
T0005851763,1
T0005851764,2
T0005851766,2
T0005851772,2
T0005851775,2
T0005851777,2
T0005851782,2
T0005851786,2
T0005851788,2
T0005851790,3
T0005851797,2
T0005851802,2
T0005851803,2
T0005851805,2
T0005851807,2
T0005851808,2
T0005851811,3
T0005851812,3
T0005851814,3
T0005851818,2
T0005851821,2
T0005851825,1
T0005851827,3
T0005851829,2
T0005851830,2
T0005851832,3
T0005851833,2
T0005851834,2
T0005851835,3
T0005851837,2
T0005851838,3
T0005851839,3
T0005851840,3
T0005851841,1
T0005851842,2
T0005851845,2
T0005851848,1
T0005851850,2
T0005851852,2
T0005851853,3
T0005851854,3
T0005851856,1
T0005851859,3
T0005851863,2
T0005851864,3
T0005851865,2
T0005851868,2
T0005851869,2
T0005851870,1
T0005851871,2
T0005851872,3
T0005851876,3
T0005851879,1
T0005851883,2
T0005851884,3
T0005851889,2
T0005851891,2
T0005851892,2
T0005851893,2
T0005851894,2
T0005851895,2
T0005851896,2
T0005851897,3
T0005851898,2
T0005851901,1
T0005851905,3
T0005851908,1
T0005851911,3
T0005851915,1
T0005851917,3
T0005851919,1
T0005851923,1
T0005851930,2
T0005851932,1
T0005851933,2
T0005851935,1
T0005851936,2
T0005851938,3
T0005851946,2
T0005851947,1
T0005851949,2
T0005851952,2
T0005851954,1
T0005851955,3
T0005851959,2
T0005851960,2
T0005851962,2
T0005851963,1
T0005851968,3
T0005851969,1
T0005851970,2
T0005851971,2
T0005851972,3
T0005851973,3
T0005851976,3
T0005851978,2
T0005851979,2
T0005851980,2
T0005851987,3
T0005851990,2
T0005851993,1
T0005851994,1
T0005851996,2
T0005852012,3
T0005852013,2
T0005852015,1
T0005852016,1
T0005852017,2
T0005852018,1
T0005852019,2
T0005852022,3
T0005852023,2
T0005852028,1
T0005852030,3
T0005852031,3
T0005852033,3
T0005852036,1
T0005852046,3
T0005852047,2
T0005852049,1
T0005852050,2
T0005852054,3
T0005852055,2
T0005852056,2
T0005852057,2
T0005852060,2
T0005852061,1
T0005852069,2
T0005852070,3
T0005852071,1
T0005852072,3
T0005852073,2
T0005852077,3
T0005852079,2
T0005852084,2
T0005852086,3
T0005852089,1
T0005852090,2
T0005852091,1
T0005852094,2
T0005852096,3
T0005852100,2
T0005852104,3
T0005852105,1
T0005852107,2
T0005852110,2
T0005852111,1
T0005852112,2
T0005852115,3
T0005852124,2
T0005852125,1
T0005852129,2
T0005852132,3
T0005852134,3
T0005852136,1
T0005852142,2
T0005852144,3
T0005852146,1
T0005852158,2
T0005852164,1
T0005852165,3
T0005852167,3
T0005852171,2
T0005852174,3
T0005852176,3
T0005852177,2
T0005852179,2
T0005852180,2
T0005852183,2
T0005852184,3
T0005852188,2
T0005852190,3
T0005852191,2
T0005852206,3
T0005852207,3
T0005852211,1
T0005852212,2
T0005852213,3
T0005852215,3
T0005852216,3
T0005852219,3
T0005852223,1
T0005852225,2
T0005852226,1
T0005852228,3
T0005852230,3
T0005852232,2
T0005852236,3
T0005852240,2
T0005852243,1
T0005852244,3
T0005852249,1
T0005852253,2
T0005852259,1
T0005852260,3
T0005852262,3
T0005852267,2
T0005852269,2
T0005852272,2
T0005852273,2
T0005852274,1
T0005852275,2
T0005852277,3
T0005852278,3
T0005852280,2
T0005852285,2
T0005852287,2
T0005852290,1
T0005852293,2
T0005852294,3
T0005852296,1
T0005852297,1
T0005852302,3
T0005852303,2
T0005852304,1
T0005852309,1
T0005852310,3
T0005852312,2
T0005852316,2
T0005852320,3
T0005852322,2
T0005852324,2
T0005852325,1
T0005852326,2
T0005852328,2
T0005852334,2
T0005852338,3
T0005852342,2
T0005852346,2
T0005852351,2
T0005852353,2
T0005852355,2
T0005852356,3
T0005852364,2
T0005852365,2
T0005852366,1
T0005852367,2
T0005852373,2
T0005852374,2
T0005852375,2
T0005852377,3
T0005852380,3
T0005852381,2
T0005852383,2
T0005852384,3
T0005852388,3
T0005852390,2
T0005852392,3
T0005852393,2
T0005852394,2
T0005852396,2
T0005852397,3
T0005852399,2
T0005852400,2
T0005852401,2
T0005852403,2
T0005852405,3
T0005852406,3
T0005852409,1
T0005852413,2
T0005852415,3
T0005852416,1
T0005852421,3
T0005852423,2
T0005852426,1
T0005852427,1
T0005852430,2
T0005852437,1
T0005852438,1
T0005852440,2
T0005852445,1
T0005852446,2
T0005852451,3
T0005852453,1
T0005852454,2
T0005852456,3
T0005852459,3
T0005852460,1
T0005852461,2
T0005852462,1
T0005852464,3
T0005852469,3
T0005852470,2
T0005852472,2
T0005852476,2
T0005852477,2
T0005852478,1
T0005852482,2
T0005852483,2
T0005852486,2
T0005852488,3
T0005852491,3
T0005852497,2
T0005852498,2
T0005852499,2
T0005852503,3
T0005852508,1
T0005852509,2
T0005852510,1
T0005852512,2
T0005852516,3
T0005852517,2
T0005852518,3
T0005852519,2
T0005852521,2
T0005852522,1
T0005852524,1
T0005852525,3
T0005852533,2
T0005852537,1
T0005852542,1
T0005852545,2
T0005852546,1
T0005852547,3
T0005852548,3
T0005852549,2
T0005852552,3
T0005852556,3
T0005852558,2
T0005852563,1
T0005852564,2
T0005852565,3
T0005852569,1
T0005852574,2
T0005852576,1
T0005852581,2
T0005852584,3
T0005852589,1
T0005852593,3
T0005852594,2
T0005852599,1
T0005852600,3
T0005852605,2
T0005852606,3
T0005852607,1
T0005852609,2
T0005852611,2
T0005852619,3
T0005852620,3
T0005852621,1
T0005852622,2
T0005852623,2
T0005852625,3
T0005852627,2
T0005852629,1
T0005852632,3
T0005852638,2
T0005852639,2
T0005852640,2
T0005852643,3
T0005852644,2
T0005852649,2
T0005852652,1
T0005852656,3
T0005852659,3
T0005852661,3
T0005852663,1
T0005852664,2
T0005852666,3
T0005852667,1
T0005852670,2
T0005852672,3
T0005852676,1
T0005852677,2
T0005852680,1
T0005852681,1
T0005852683,3
T0005852684,2
T0005852686,3
T0005852688,2
T0005852692,2
T0005852693,2
T0005852694,2
T0005852695,2
T0005852696,2
T0005852702,2
T0005852704,1
T0005852707,3
T0005852709,3
T0005852710,2
T0005852712,1
T0005852714,2
T0005852717,3
T0005852718,3
T0005852719,1
T0005852721,3
T0005852723,3
T0005852728,3
T0005852734,3
T0005852737,3
T0005852738,3
T0005852739,3
T0005852740,1
T0005852742,2
T0005852746,2
T0005852748,2
T0005852750,3
T0005852752,2
T0005852753,3
T0005852754,3
T0005852756,2
T0005852759,2
T0005852760,2
T0005852761,3
T0005852765,1
T0005852766,2
T0005852767,2
T0005852768,3
T0005852769,2
T0005852774,2
T0005852776,1
T0005852777,2
T0005852780,2
T0005852786,1
T0005852787,3
T0005852790,3
T0005852797,3
T0005852798,1
T0005852799,3
T0005852800,2
T0005852803,2
T0005852806,3
T0005852808,2
T0005852810,1
T0005852813,2
T0005852815,2
T0005852816,2
T0005852818,3
T0005852823,2
T0005852827,3
T0005852830,2
T0005852831,2
T0005852833,3
T0005852835,1
T0005852839,1
T0005852840,3
T0005852848,2
T0005852853,2
T0005852854,3
T0005852855,2
T0005852856,2
T0005852857,3
T0005852858,1
T0005852861,2
T0005852865,1
T0005852866,2
T0005852869,3
T0005852872,1
T0005852873,2
T0005852876,3
T0005852877,2
T0005852878,2
T0005852879,2
T0005852885,3
T0005852886,3
T0005852888,3
T0005852889,1
T0005852891,2
T0005852892,2
T0005852893,3
T0005852899,1
T0005852901,2
T0005852910,2
T0005852911,3
T0005852912,2
T0005852913,2
T0005852915,1
T0005852919,1
T0005852921,3
T0005852923,2
T0005852924,3
T0005852926,1
T0005852929,3
T0005852934,3
T0005852936,2
T0005852937,2
T0005852938,2
T0005852943,2
T0005852945,3
T0005852949,3
T0005852951,2
T0005852952,2
T0005852953,2
T0005852957,2
T0005852958,2
T0005852960,2
T0005852963,1
T0005852967,3
T0005852969,2
T0005852971,3
T0005852975,1
T0005852976,2
T0005852979,3
T0005852980,3
T0005852984,3
T0005852985,2
T0005852986,2
T0005852988,2
T0005852990,3
T0005852994,2
T0005852996,3
T0005852997,2
T0005852998,3
T0005853000,2
T0005853008,1
T0005853009,2
T0005853010,1
T0005853011,1
T0005853014,1
T0005853015,1
T0005853016,2
T0005853018,2
T0005853023,1
T0005853024,2
T0005853032,2
T0005853033,1
T0005853038,2
T0005853040,2
T0005853041,1
T0005853047,2
T0005853048,2
T0005853051,2
T0005853053,2
T0005853056,2
T0005853062,1
T0005853063,2
T0005853064,2
T0005853065,3
T0005853075,3
T0005853076,2
T0005853079,1
T0005853081,3
T0005853082,3
T0005853083,3
T0005853085,2
T0005853087,2
T0005853089,3
T0005853092,3
T0005853097,2
T0005853098,2
T0005853099,2
T0005853102,2
T0005853104,2
T0005853109,2
T0005853110,3
T0005853111,3
T0005853112,2
T0005853113,2
T0005853116,3
T0005853117,2
T0005853120,2
T0005853124,3
T0005853126,2
T0005853128,3
T0005853131,1
T0005853132,1
T0005853134,2
T0005853135,2
T0005853136,3
T0005853137,2
T0005853140,2
T0005853142,2
T0005853144,1
T0005853145,2
T0005853151,1
T0005853152,2
T0005853153,3
T0005853159,3
T0005853162,1
T0005853163,1
T0005853166,2
T0005853169,3
T0005853170,2
T0005853171,2
T0005853172,2
T0005853178,3
T0005853179,3
T0005853193,1
T0005853196,2
T0005853201,1
T0005853207,3
T0005853208,1
T0005853209,3
T0005853214,3
T0005853215,3
T0005853218,1
T0005853219,2
T0005853222,2
T0005853225,2
T0005853230,1
T0005853232,2
T0005853234,2
T0005853236,2
T0005853237,1
T0005853240,3
T0005853241,2
T0005853243,2
T0005853246,3
T0005853247,2
T0005853251,2
T0005853257,3
T0005853260,3
T0005853262,2
T0005853263,2
T0005853266,2
T0005853267,2
T0005853268,2
T0005853274,1
T0005853275,3
T0005853277,1
T0005853285,2
T0005853286,2
T0005853288,3
T0005853289,3
T0005853291,3
T0005853295,3
T0005853298,1
T0005853307,3
T0005853312,1
T0005853313,1
T0005853315,3
T0005853316,1
T0005853317,2
T0005853318,1
T0005853320,3
T0005853325,2
T0005853326,3
T0005853327,2
T0005853328,2
T0005853330,3
T0005853335,2
T0005853336,2
T0005853337,2
T0005853340,1
T0005853344,2
T0005853347,2
T0005853351,1
T0005853353,3
T0005853355,1
T0005853358,3
T0005853359,1
T0005853360,3
T0005853364,3
T0005853366,2
T0005853368,3
T0005853371,3
T0005853372,1
T0005853374,2
T0005853377,2
T0005853378,2
T0005853380,3
T0005853381,3
T0005853384,1
T0005853389,2
T0005853390,2
T0005853391,2
T0005853394,2
T0005853398,3
T0005853399,1
T0005853400,3
T0005853402,2
T0005853408,2
T0005853410,2
T0005853411,3
T0005853418,2
T0005853419,2
T0005853421,2
T0005853422,1
T0005853424,1
T0005853426,3
T0005853429,3
T0005853431,3
T0005853432,1
T0005853434,2
T0005853435,2
T0005853437,1
T0005853439,2
T0005853440,2
T0005853441,1
T0005853442,1
T0005853443,3
T0005853444,3
T0005853446,2
T0005853448,3
T0005853453,1
T0005853456,1
T0005853458,2
T0005853460,3
T0005853463,2
T0005853465,2
T0005853468,1
T0005853469,2
T0005853470,3
T0005853472,1
T0005853473,2
T0005853474,2
T0005853475,3
T0005853479,2
T0005853481,1
T0005853484,3
T0005853485,2
T0005853487,2
T0005853488,1
T0005853492,2
T0005853494,2
T0005853495,2
T0005853496,2
T0005853504,3
T0005853505,1
T0005853507,1
T0005853512,1
T0005853517,2
T0005853518,2
T0005853520,1
T0005853522,2
T0005853523,3
T0005853524,2
T0005853527,3
T0005853528,3
T0005853530,2
T0005853534,1
T0005853535,3
T0005853541,3
T0005853542,3
T0005853546,3
T0005853547,1
T0005853549,2
T0005853551,2
T0005853553,2
T0005853556,1
T0005853561,3
T0005853563,1
T0005853564,1
T0005853566,1
T0005853568,2
T0005853572,2
T0005853574,3
T0005853576,3
T0005853577,2
T0005853578,2
T0005853581,2
T0005853582,3
T0005853594,1
T0005853596,3
T0005853597,3
T0005853598,3
T0005853602,3
T0005853603,2
T0005853609,3
T0005853610,2
T0005853613,3
T0005853618,3
T0005853619,3
T0005853622,1
T0005853626,3
T0005853629,2
T0005853636,3
T0005853639,2
T0005853641,3
T0005853642,3
T0005853644,3
T0005853646,2
T0005853649,2
T0005853651,1
T0005853656,2
T0005853659,1
T0005853667,3
T0005853668,2
T0005853669,1
T0005853670,2
T0005853671,2
T0005853672,1
T0005853673,2
T0005853675,2
T0005853676,3
T0005853677,2
T0005853678,1
T0005853680,1
T0005853682,2
T0005853683,2
T0005853685,3
T0005853686,2
T0005853687,2
T0005853691,2
T0005853693,2
T0005853706,2
T0005853708,1
T0005853714,3
T0005853722,2
T0005853723,1
T0005853724,1
T0005853725,3
T0005853726,2
T0005853728,2
T0005853729,2
T0005853735,3
T0005853737,3
T0005853738,3
T0005853742,2
T0005853743,1
T0005853747,3
T0005853748,1
T0005853749,1
T0005853750,2
T0005853753,3
T0005853754,2
T0005853756,2
T0005853757,1
T0005853759,2
T0005853764,2
T0005853767,2
T0005853768,2
T0005853771,3
T0005853783,2
T0005853786,2
T0005853787,1
T0005853788,2
T0005853789,2
T0005853790,1
T0005853794,1
T0005853795,2
T0005853796,2
T0005853797,2
T0005853800,2
T0005853801,3
T0005853803,1
T0005853810,2
T0005853811,3
T0005853812,3
T0005853813,2
T0005853815,2
T0005853816,2
T0005853817,3
T0005853819,2
T0005853825,3
T0005853828,1
T0005853831,2
T0005853832,2
T0005853833,3
T0005853835,2
T0005853839,3
T0005853841,2
T0005853844,3
T0005853847,2
T0005853850,2
T0005853853,1
T0005853855,3
T0005853856,1
T0005853862,3
T0005853866,1
T0005853868,2
T0005853873,2
T0005853876,2
T0005853881,3
T0005853885,2
T0005853887,2
T0005853891,1
T0005853896,3
T0005853902,2
T0005853904,2
T0005853906,1
T0005853908,2
T0005853911,2
T0005853917,3
T0005853919,3
T0005853920,1
T0005853922,3
T0005853924,2
T0005853928,2
T0005853938,1
T0005853940,2
T0005853946,2
T0005853953,1
T0005853961,2
T0005853962,1
T0005853963,3
T0005853972,1
T0005853973,1
T0005853978,2
T0005853980,3
T0005853984,2
T0005853985,2
T0005853986,1
T0005853990,2
T0005853998,1
T0005854001,2
T0005854002,2
T0005854003,3
T0005854005,2
T0005854007,3
T0005854011,2
T0005854014,3
T0005854015,2
T0005854017,2
T0005854019,2
T0005854021,3
T0005854024,3
T0005854025,2
T0005854027,1
T0005854028,1
T0005854030,2
T0005854031,2
T0005854032,3
T0005854045,2
T0005854046,2
T0005854049,1
T0005854050,3
T0005854054,3
T0005854056,1
T0005854058,3
T0005854059,2
T0005854066,3
T0005854068,2
T0005854075,2
T0005854076,2
T0005854077,1
T0005854080,3
T0005854082,3
T0005854083,3
T0005854088,2
T0005854089,1
T0005854093,2
T0005854095,3
T0005854099,2
T0005854100,2
T0005854103,2
T0005854105,2
T0005854106,3
T0005854107,2
T0005854111,2
T0005854114,3
T0005854117,3
T0005854119,2
T0005854120,1
T0005854124,3
T0005854125,1
T0005854126,2
T0005854127,2
T0005854128,2
T0005854129,2
T0005854131,2
T0005854132,3
T0005854134,2
T0005854135,3
T0005854137,2
T0005854142,2
T0005854143,1
T0005854145,3
T0005854146,2
T0005854147,2
T0005854149,2
T0005854154,2
T0005854156,1
T0005854160,2
T0005854165,1
T0005854167,2
T0005854169,2
T0005854171,2
T0005854177,3
T0005854180,1
T0005854183,2
T0005854184,3
T0005854185,2
T0005854189,2
T0005854190,1
T0005854192,3
T0005854193,2
T0005854195,3
T0005854199,2
T0005854201,3
T0005854202,2
T0005854203,3
T0005854208,2
T0005854210,1
T0005854211,1
T0005854212,3
T0005854215,3
T0005854216,2
T0005854217,3
T0005854218,2
T0005854219,2
T0005854220,3
T0005854222,2
T0005854223,2
T0005854225,2
T0005854227,2
T0005854233,3
T0005854234,2
T0005854236,1
T0005854237,2
T0005854241,2
T0005854242,2
T0005854244,2
T0005854246,2
T0005854247,1
T0005854251,2
T0005854254,3
T0005854256,1
T0005854257,1
T0005854258,1
T0005854259,3
T0005854261,2
T0005854263,3
T0005854267,3
T0005854269,3
T0005854271,1
T0005854272,2
T0005854273,1
T0005854277,2
T0005854280,3
T0005854281,1
T0005854284,3
T0005854286,2
T0005854294,3
T0005854295,3
T0005854296,1
T0005854298,2
T0005854300,2
T0005854301,2
T0005854305,1
T0005854306,2
T0005854307,3
T0005854313,3
T0005854315,1
T0005854316,2
T0005854318,2
T0005854321,3
T0005854322,1
T0005854327,1
T0005854329,3
T0005854332,2
T0005854338,2
T0005854339,1
T0005854342,2
T0005854343,2
T0005854347,2
T0005854348,1
T0005854350,1
T0005854351,1
T0005854360,2
T0005854364,3
T0005854367,1
T0005854370,2
T0005854377,2
T0005854380,2
T0005854383,1
T0005854385,3
T0005854390,3
T0005854392,2
T0005854396,3
T0005854400,3
T0005854402,1
T0005854404,2
T0005854405,3
T0005854407,1
T0005854409,2
T0005854410,1
T0005854411,1
T0005854415,3
T0005854417,2
T0005854418,3
T0005854419,2
T0005854423,2
T0005854424,2
T0005854428,3
T0005854429,3
T0005854431,3
T0005854440,3
T0005854446,3
T0005854447,1
T0005854456,1
T0005854459,3
T0005854460,3
T0005854461,2
T0005854462,2
T0005854463,2
T0005854464,2
T0005854468,2
T0005854482,2
T0005854484,3
T0005854489,1
T0005854491,2
T0005854492,3
T0005854493,2
T0005854495,1
T0005854498,1
T0005854499,2
T0005854500,2
T0005854501,3
T0005854502,2
T0005854505,1
T0005854507,2
T0005854510,3
T0005854511,3
T0005854512,1
T0005854520,1
T0005854522,3
T0005854524,1
T0005854525,2
T0005854526,1
T0005854530,2
T0005854533,2
T0005854534,2
T0005854535,3
T0005854540,2
T0005854542,2
T0005854544,3
T0005854547,1
T0005854551,2
T0005854552,3
T0005854553,2
T0005854556,1
T0005854558,2
T0005854560,2
T0005854561,1
T0005854562,1
T0005854563,3
T0005854565,3
T0005854567,2
T0005854568,2
T0005854571,3
T0005854573,1
T0005854574,3
T0005854575,3
T0005854578,3
T0005854579,2
T0005854584,3
T0005854585,2
T0005854587,1
T0005854589,1
T0005854593,2
T0005854594,2
T0005854595,2
T0005854596,1
T0005854602,2
T0005854603,2
T0005854604,2
T0005854605,3
T0005854608,2
T0005854609,3
T0005854611,1
T0005854612,2
T0005854616,2
T0005854619,3
T0005854622,2
T0005854624,1
T0005854625,1
T0005854626,2
T0005854640,2
T0005854643,3
T0005854644,1
T0005854646,1
T0005854652,2
T0005854654,2
T0005854658,1
T0005854661,3
T0005854663,2
T0005854666,2
T0005854667,3
T0005854668,1
T0005854670,1
T0005854671,1
T0005854672,2
T0005854675,3
T0005854677,2
T0005854678,3
T0005854681,3
T0005854682,1
T0005854685,2
T0005854689,3
T0005854692,2
T0005854693,2
T0005854695,2
T0005854698,1
T0005854699,1
T0005854701,3
T0005854705,2
T0005854706,2
T0005854711,2
T0005854717,2
T0005854719,1
T0005854720,1
T0005854721,2
T0005854723,2
T0005854725,1
T0005854729,2
T0005854730,2
T0005854735,2
T0005854739,3
T0005854741,2
T0005854742,3
T0005854743,3
T0005854744,3
T0005854749,3
T0005854752,2
T0005854757,2
T0005854758,1
T0005854759,2
T0005854764,1
T0005854766,2
T0005854767,2
T0005854770,2
T0005854773,3
T0005854775,2
T0005854778,3
T0005854780,1
T0005854781,1
T0005854784,2
T0005854790,3
T0005854797,2
T0005854799,3
T0005854800,3
T0005854801,3
T0005854804,2
T0005854805,3
T0005854806,2
T0005854808,3
T0005854809,1
T0005854810,2
T0005854812,3
T0005854816,2
T0005854817,3
T0005854820,2
T0005854823,1
T0005854827,2
T0005854829,2
T0005854832,1
T0005854835,2
T0005854839,2
T0005854845,2
T0005854846,2
T0005854848,2
T0005854849,2
T0005854850,2
T0005854854,3
T0005854855,1
T0005854859,2
T0005854860,3
T0005854863,1
T0005854864,3
T0005854865,2
T0005854866,3
T0005854867,3
T0005854871,2
T0005854872,2
T0005854873,2
T0005854875,2
T0005854876,1
T0005854877,1
T0005854884,2
T0005854895,3
T0005854897,2
T0005854899,2
T0005854900,1
T0005854901,2
T0005854905,3
T0005854915,3
T0005854922,3
T0005854924,3
T0005854926,2
T0005854928,2
T0005854929,3
T0005854932,2
T0005854936,3
T0005854941,1
T0005854942,2
T0005854943,1
T0005854945,2
T0005854947,3
T0005854948,3
T0005854950,3
T0005854953,3
T0005854955,3
T0005854957,2
T0005854959,1
T0005854960,3
T0005854962,2
T0005854963,2
T0005854964,1
T0005854965,3
T0005854966,3
T0005854968,2
T0005854971,2
T0005854974,2
T0005854977,3
T0005854984,3
T0005854985,2
T0005854988,2
T0005854990,1
T0005854995,2
T0005854999,2
T0005855000,1
T0005855001,2
T0005855002,3
T0005855003,3
T0005855006,1
T0005855008,2
T0005855010,1
T0005855011,1
T0005855014,3
T0005855015,3
T0005855017,2
T0005855022,2
T0005855024,3
T0005855025,2
T0005855027,2
T0005855029,2
T0005855031,2
T0005855034,2
T0005855035,1
T0005855037,2
T0005855040,2
T0005855042,3
T0005855043,1
T0005855044,3
T0005855045,2
T0005855049,3
T0005855051,2
T0005855054,2
T0005855055,2
T0005855056,3
T0005855057,3
T0005855058,3
T0005855062,2
T0005855063,3
T0005855064,2
T0005855065,1
T0005855067,2
T0005855071,1
T0005855074,3
T0005855075,2
T0005855077,1
T0005855078,3
T0005855079,2
T0005855081,2
T0005855083,2
T0005855084,3
T0005855086,1
T0005855087,1
T0005855089,2
T0005855090,2
T0005855093,2
T0005855095,2
T0005855097,2
T0005855100,2
T0005855104,3
T0005855106,1
T0005855107,3
T0005855109,2
T0005855119,2
T0005855120,2
T0005855122,1
T0005855125,2
T0005855127,1
T0005855130,2
T0005855131,2
T0005855135,3
T0005855140,3
T0005855142,3
T0005855143,3
T0005855150,2
T0005855153,2
T0005855155,1
T0005855158,3
T0005855161,1
T0005855162,2
T0005855164,2
T0005855165,1
T0005855168,1
T0005855169,1
T0005855172,2
T0005855174,2
T0005855178,3
T0005855181,3
T0005855185,2
T0005855187,2
T0005855188,3
T0005855190,1
T0005855192,3
T0005855195,3
T0005855196,3
T0005855197,2
T0005855198,3
T0005855200,1
T0005855201,3
T0005855204,2
T0005855208,3
T0005855226,3
T0005855232,2
T0005855235,2
T0005855237,2
T0005855238,3
T0005855239,1
T0005855240,2
T0005855245,2
T0005855250,2
T0005855255,3
T0005855256,3
T0005855257,2
T0005855258,3
T0005855259,2
T0005855265,2
T0005855267,3
T0005855268,3
T0005855269,1
T0005855270,3
T0005855272,3
T0005855274,2
T0005855277,2
T0005855280,1
T0005855281,2
T0005855283,2
T0005855286,2
T0005855288,1
T0005855298,3
T0005855299,1
T0005855300,3
T0005855301,1
T0005855302,1
T0005855303,1
T0005855308,3
T0005855310,2
T0005855314,3
T0005855316,3
T0005855320,3
T0005855323,1
T0005855324,3
T0005855325,2
T0005855326,2
T0005855327,1
T0005855328,3
T0005855329,1
T0005855334,2
T0005855336,1
T0005855338,1
T0005855339,1
T0005855342,2
T0005855345,1
T0005855346,2
T0005855347,2
T0005855348,3
T0005855351,2
T0005855352,2
T0005855358,2
T0005855359,2
T0005855360,3
T0005855363,2
T0005855365,2
T0005855368,2
T0005855371,1
T0005855374,2
T0005855375,2
T0005855376,2
T0005855377,3
T0005855379,2
T0005855380,1
T0005855387,1
T0005855389,2
T0005855390,1
T0005855391,3
T0005855393,2
T0005855399,2
T0005855400,2
T0005855401,3
T0005855402,2
T0005855404,2
T0005855406,2
T0005855407,2
T0005855409,2
T0005855413,2
T0005855415,3
T0005855416,2
T0005855417,3
T0005855418,2
T0005855420,1
T0005855428,1
T0005855430,3
T0005855439,2
T0005855440,2
T0005855441,3
T0005855444,2
T0005855445,3
T0005855446,3
T0005855452,3
T0005855456,2
T0005855457,3
T0005855458,2
T0005855461,2
T0005855465,2
T0005855467,2
T0005855468,2
T0005855469,2
T0005855470,2
T0005855473,2
T0005855474,3
T0005855475,2
T0005855476,3
T0005855482,1
T0005855485,3
T0005855487,2
T0005855488,1
T0005855491,1
T0005855493,3
T0005855495,1
T0005855498,1
T0005855508,2
T0005855511,2
T0005855515,2
T0005855516,1
T0005855517,2
T0005855519,1
T0005855522,3
T0005855525,1
T0005855526,3
T0005855531,2
T0005855533,2
T0005855534,3
T0005855535,2
T0005855537,1
T0005855538,2
T0005855539,2
T0005855541,3
T0005855542,1
T0005855549,2
T0005855552,3
T0005855554,2
T0005855558,2
T0005855560,1
T0005855561,2
T0005855563,2
T0005855566,2
T0005855567,2
T0005855569,2
T0005855570,2
T0005855571,2
T0005855577,1
T0005855580,3
T0005855581,3
T0005855583,2
T0005855584,1
T0005855589,3
T0005855594,2
T0005855595,3
T0005855596,3
T0005855599,2
T0005855600,2
T0005855602,1
T0005855604,2
T0005855605,2
T0005855606,3
T0005855609,3
T0005855611,2
T0005855613,2
T0005855616,2
T0005855620,2
T0005855624,2
T0005855627,2
T0005855628,3
T0005855639,2
T0005855640,1
T0005855641,2
T0005855643,1
T0005855645,3
T0005855646,2
T0005855647,2
T0005855650,3
T0005855651,3
T0005855654,2
T0005855659,3
T0005855673,2
T0005855675,1
T0005855676,2
T0005855678,2
T0005855679,2
T0005855682,3
T0005855693,3
T0005855695,3
T0005855701,3
T0005855708,2
T0005855712,2
T0005855713,1
T0005855714,3
T0005855715,2
T0005855724,2
T0005855726,3
T0005855729,2
T0005855730,2
T0005855731,2
T0005855733,2
T0005855735,1
T0005855743,2
T0005855744,1
T0005855749,3
T0005855750,2
T0005855752,1
T0005855753,1
T0005855754,3
T0005855764,2
T0005855765,1
T0005855766,1
T0005855768,2
T0005855769,2
T0005855771,2
T0005855772,3
T0005855773,1
T0005855774,3
T0005855776,2
T0005855778,2
T0005855782,2
T0005855783,2
T0005855784,2
T0005855786,3
T0005855787,3
T0005855789,3
T0005855790,1
T0005855792,2
T0005855794,3
T0005855800,1
T0005855801,2
T0005855802,1
T0005855803,3
T0005855804,3
T0005855805,1
T0005855806,3
T0005855812,1
T0005855814,2
T0005855817,3
T0005855821,2
T0005855822,1
T0005855823,2
T0005855824,1
T0005855828,1
T0005855829,2
T0005855830,3
T0005855835,3
T0005855836,1
T0005855839,2
T0005855840,2
T0005855844,3
T0005855848,3
T0005855854,3
T0005855858,2
T0005855865,2
T0005855867,2
T0005855868,1
T0005855870,3
T0005855871,1
T0005855875,2
T0005855877,3
T0005855881,1
T0005855885,2
T0005855888,1
T0005855889,2
T0005855891,3
T0005855893,2
T0005855901,2
T0005855904,3
T0005855905,2
T0005855907,1
T0005855908,2
T0005855910,3
T0005855911,1
T0005855915,2
T0005855916,2
T0005855920,1
T0005855924,2
T0005855925,3
T0005855927,1
T0005855929,3
T0005855931,2
T0005855934,2
T0005855935,3
T0005855936,1
T0005855937,2
T0005855938,3
T0005855940,2
T0005855941,3
T0005855942,3
T0005855943,2
T0005855946,1
T0005855954,2
T0005855956,3
T0005855961,3
T0005855970,1
T0005855972,2
T0005855973,2
T0005855974,2
T0005855975,3
T0005855976,3
T0005855978,2
T0005855979,3
T0005855981,2
T0005855982,2
T0005855989,2
T0005855992,2
T0005855996,2
T0005856001,2
T0005856002,1
T0005856005,2
T0005856006,1
T0005856011,1
T0005856014,2
T0005856017,1
T0005856022,3
T0005856024,2
T0005856025,3
T0005856026,3
T0005856027,1
T0005856031,3
T0005856035,1
T0005856037,2
T0005856039,2
T0005856041,3
T0005856043,2
T0005856044,2
T0005856045,2
T0005856047,2
T0005856051,1
T0005856053,2
T0005856054,2
T0005856058,3
T0005856062,3
T0005856065,2
T0005856066,2
T0005856068,2
T0005856069,1
T0005856071,2
T0005856072,2
T0005856073,2
T0005856077,2
T0005856081,2
T0005856085,3
T0005856089,3
T0005856092,3
T0005856093,3
T0005856094,2
T0005856095,3
T0005856096,2
T0005856098,3
T0005856100,3
T0005856103,2
T0005856106,3
T0005856107,3
T0005856111,2
T0005856113,2
T0005856114,1
T0005856118,1
T0005856119,1
T0005856125,2
T0005856126,2
T0005856127,2
T0005856131,2
T0005856133,3
T0005856134,3
T0005856139,3
T0005856140,2
T0005856143,2
T0005856145,1
T0005856147,3
T0005856149,3
T0005856153,2
T0005856156,2
T0005856158,2
T0005856159,2
T0005856162,3
T0005856164,2
T0005856165,3
T0005856166,2
T0005856167,2
T0005856168,2
T0005856170,3
T0005856174,1
T0005856178,2
T0005856181,2
T0005856183,3
T0005856185,2
T0005856186,2
T0005856188,1
T0005856199,1
T0005856202,2
T0005856209,3
T0005856212,3
T0005856215,3
T0005856216,2
T0005856217,2
T0005856218,2
T0005856221,2
T0005856222,3
T0005856223,3
T0005856225,3
T0005856227,3
T0005856228,2
T0005856233,2
T0005856234,2
T0005856235,1
T0005856238,2
T0005856242,3
T0005856248,3
T0005856250,2
T0005856251,2
T0005856255,3
T0005856256,2
T0005856259,3
T0005856260,1
T0005856265,2
T0005856267,2
T0005856269,2
T0005856274,2
T0005856278,3
T0005856279,2
T0005856281,2
T0005856282,2
T0005856290,3
T0005856291,2
T0005856292,2
T0005856299,2
T0005856304,2
T0005856305,2
T0005856306,3
T0005856307,3
T0005856308,2
T0005856310,3
T0005856311,2
T0005856313,3
T0005856319,3
T0005856322,2
T0005856324,2
T0005856327,2
T0005856328,3
T0005856329,1
T0005856330,2
T0005856334,3
T0005856336,3
T0005856338,2
T0005856339,1
T0005856340,3
T0005856342,3
T0005856343,3
T0005856344,2
T0005856345,2
T0005856347,2
T0005856348,2
T0005856354,3
T0005856355,2
T0005856356,3
T0005856357,3
T0005856358,2
T0005856360,2
T0005856361,2
T0005856366,1
T0005856367,2
T0005856369,1
T0005856370,2
T0005856372,2
T0005856373,2
T0005856374,2
T0005856379,2
T0005856380,3
T0005856381,2
T0005856382,2
T0005856385,2
T0005856386,2
T0005856388,3
T0005856389,2
T0005856391,3
T0005856393,1
T0005856396,3
T0005856397,1
T0005856401,2
T0005856402,3
T0005856403,2
T0005856404,3
T0005856405,3
T0005856410,2
T0005856411,2
T0005856416,1
T0005856417,3
T0005856420,2
T0005856421,3
T0005856422,2
T0005856428,2
T0005856430,2
T0005856431,2
T0005856434,3
T0005856440,1
T0005856442,2
T0005856444,1
T0005856450,2
T0005856451,3
T0005856453,1
T0005856457,3
T0005856458,3
T0005856459,2
T0005856460,2
T0005856461,2
T0005856466,2
T0005856467,2
T0005856470,3
T0005856472,1
T0005856473,2
T0005856476,1
T0005856479,1
T0005856480,2
T0005856486,1
T0005856488,2
T0005856492,2
T0005856496,2
T0005856497,1
T0005856500,3
T0005856501,2
T0005856503,2
T0005856504,2
T0005856509,2
T0005856510,2
T0005856511,2
T0005856519,3
T0005856522,3
T0005856523,2
T0005856526,2
T0005856530,2
T0005856531,2
T0005856540,2
T0005856541,3
T0005856542,2
T0005856546,2
T0005856547,3
T0005856549,1
T0005856550,3
T0005856553,2
T0005856554,2
T0005856557,2
T0005856561,1
T0005856563,2
T0005856569,2
T0005856570,2
T0005856571,2
T0005856572,3
T0005856575,2
T0005856580,3
T0005856581,3
T0005856583,2
T0005856584,2
T0005856586,3
T0005856587,3
T0005856588,1
T0005856589,2
T0005856591,3
T0005856593,3
T0005856598,2
T0005856600,2
T0005856602,2
T0005856604,1
T0005856606,1
T0005856607,2
T0005856609,1
T0005856611,2
T0005856614,2
T0005856616,2
T0005856618,3
T0005856622,2
T0005856623,3
T0005856626,2
T0005856627,2
T0005856629,2
T0005856632,1
T0005856634,2
T0005856635,3
T0005856637,2
T0005856639,3
T0005856642,2
T0005856643,3
T0005856647,1
T0005856649,2
T0005856651,2
T0005856656,2
T0005856657,2
T0005856660,3
T0005856663,2
T0005856664,2
T0005856665,3
T0005856667,2
T0005856668,2
T0005856669,2
T0005856672,3
T0005856673,2
T0005856676,2
T0005856677,2
T0005856680,1
T0005856681,3
T0005856684,3
T0005856687,3
T0005856688,2
T0005856689,2
T0005856690,2
T0005856692,2
T0005856693,2
T0005856695,2
T0005856696,2
T0005856697,1
T0005856698,1
T0005856699,1
T0005856701,3
T0005856703,2
T0005856707,3
T0005856709,3
T0005856712,3
T0005856716,1
T0005856718,2
T0005856723,1
T0005856724,1
T0005856725,2
T0005856726,3
T0005856727,3
T0005856735,3
T0005856736,2
T0005856741,3
T0005856743,2
T0005856748,2
T0005856750,3
T0005856752,3
T0005856760,1
T0005856761,2
T0005856762,1
T0005856763,2
T0005856764,3
T0005856765,2
T0005856768,2
T0005856769,3
T0005856770,2
T0005856773,3
T0005856774,1
T0005856779,2
T0005856780,3
T0005856781,2
T0005856783,3
T0005856784,3
T0005856788,1
T0005856790,2
T0005856791,2
T0005856796,1
T0005856798,1
T0005856804,1
T0005856806,3
T0005856808,3
T0005856809,3
T0005856812,2
T0005856814,2
T0005856816,3
T0005856817,3
T0005856820,2
T0005856822,3
T0005856824,3
T0005856825,3
T0005856826,1
T0005856832,2
T0005856835,2
T0005856839,2
T0005856842,2
T0005856843,3
T0005856847,1
T0005856852,2
T0005856853,2
T0005856854,3
T0005856856,2
T0005856857,2
T0005856858,3
T0005856859,1
T0005856860,3
T0005856864,3
T0005856866,3
T0005856867,3
T0005856868,1
T0005856870,3
T0005856871,2
T0005856875,2
T0005856876,3
T0005856877,2
T0005856879,3
T0005856880,3
T0005856882,3
T0005856883,3
T0005856886,3
T0005856894,2
T0005856895,1
T0005856898,3
T0005856900,1
T0005856904,2
T0005856905,3
T0005856907,2
T0005856911,2
T0005856912,3
T0005856914,1
T0005856916,1
T0005856917,3
T0005856921,2
T0005856924,1
T0005856927,2
T0005856928,1
T0005856930,3
T0005856932,2
T0005856934,2
T0005856942,3
T0005856943,1
T0005856948,3
T0005856953,3
T0005856954,1
T0005856955,2
T0005856956,1
T0005856957,2
T0005856960,2
T0005856962,1
T0005856963,3
T0005856965,3
T0005856968,1
T0005856976,2
T0005856979,1
T0005856980,1
T0005856985,2
T0005856986,2
T0005856987,2
T0005856989,2
T0005856992,2
T0005856993,1
T0005856998,2
T0005856999,3
T0005857000,2
T0005857002,3
T0005857004,1
T0005857007,3
T0005857008,2
T0005857010,2
T0005857012,3
T0005857016,1
T0005857018,3
T0005857023,1
T0005857025,2
T0005857029,2
T0005857031,2
T0005857033,1
T0005857034,2
T0005857036,1
T0005857037,2
T0005857041,1
T0005857044,3
T0005857046,2
T0005857047,3
T0005857048,1
T0005857049,1
T0005857055,1
T0005857059,2
T0005857062,2
T0005857064,2
T0005857070,3
T0005857075,2
T0005857077,3
T0005857080,2
T0005857081,3
T0005857082,3
T0005857083,1
T0005857084,3
T0005857089,1
T0005857090,2
T0005857092,1
T0005857093,1
T0005857095,1
T0005857097,3
T0005857098,3
T0005857102,1
T0005857109,3
T0005857110,2
T0005857112,1
T0005857115,2
T0005857116,3
T0005857117,3
T0005857118,2
T0005857121,3
T0005857122,3
T0005857123,2
T0005857125,2
T0005857126,1
T0005857130,2
T0005857131,2
T0005857133,2
T0005857136,1
T0005857138,2
T0005857141,3
T0005857149,2
T0005857157,2
T0005857162,1
T0005857163,1
T0005857166,2
T0005857173,2
T0005857174,3
T0005857178,2
T0005857179,2
T0005857181,2
T0005857182,2
T0005857185,2
T0005857188,2
T0005857192,1
T0005857196,2
T0005857198,1
T0005857203,3
T0005857204,2
T0005857208,3
T0005857211,2
T0005857219,3
T0005857220,2
T0005857222,1
T0005857223,1
T0005857224,3
T0005857226,3
T0005857228,1
T0005857233,2
T0005857235,3
T0005857238,2
T0005857239,2
T0005857242,3
T0005857244,3
T0005857247,1
T0005857249,2
T0005857256,1
T0005857261,3
T0005857264,1
T0005857266,3
T0005857270,2
T0005857277,2
T0005857281,3
T0005857284,3
T0005857286,2
T0005857287,1
T0005857289,2
T0005857291,2
T0005857293,3
T0005857296,2
T0005857298,3
T0005857302,1
T0005857306,2
T0005857307,3
T0005857309,2
T0005857310,3
T0005857311,1
T0005857313,2
T0005857314,3
T0005857315,2
T0005857318,1
T0005857320,2
T0005857321,3
T0005857323,2
T0005857324,2
T0005857325,2
T0005857328,2
T0005857329,2
T0005857330,2
T0005857331,2
T0005857333,2
T0005857335,3
T0005857338,1
T0005857339,2
T0005857340,3
T0005857341,2
T0005857343,1
T0005857344,3
T0005857345,2
T0005857346,2
T0005857347,2
T0005857352,2
T0005857354,3
T0005857357,2
T0005857359,3
T0005857360,1
T0005857367,2
T0005857369,3
T0005857372,2
T0005857373,3
T0005857374,3
T0005857375,2
T0005857376,3
T0005857377,1
T0005857378,1
T0005857384,1
T0005857388,2
T0005857391,3
T0005857396,2
T0005857398,2
T0005857400,3
T0005857402,2
T0005857404,2
T0005857411,2
T0005857413,3
T0005857415,1
T0005857416,3
T0005857418,3
T0005857422,1
T0005857424,2
T0005857425,2
T0005857426,2
T0005857430,2
T0005857433,2
T0005857434,1
T0005857437,2
T0005857440,3
T0005857441,2
T0005857442,1
T0005857445,2
T0005857452,2
T0005857455,2
T0005857457,3
T0005857458,3
T0005857459,1
T0005857461,2
T0005857462,2
T0005857465,1
T0005857475,2
T0005857478,3
T0005857479,2
T0005857481,2
T0005857482,3
T0005857483,3
T0005857485,1
T0005857491,2
T0005857492,2
T0005857493,2
T0005857496,3
T0005857501,2
T0005857504,2
T0005857508,2
T0005857512,3
T0005857516,2
T0005857521,2
T0005857522,2
T0005857525,2
T0005857526,1
T0005857527,2
T0005857529,3
T0005857531,2
T0005857535,2
T0005857538,2
T0005857539,3
T0005857543,1
T0005857544,3
T0005857547,1
T0005857548,2
T0005857552,2
T0005857553,3
T0005857557,2
T0005857559,3
T0005857561,2
T0005857562,3
T0005857563,2
T0005857573,3
T0005857575,2
T0005857577,1
T0005857578,2
T0005857581,2
T0005857582,2
T0005857584,3
T0005857589,1
T0005857590,1
T0005857591,3
T0005857592,3
T0005857594,2
T0005857596,3
T0005857598,2
T0005857601,2
T0005857604,2
T0005857608,2
T0005857617,2
T0005857620,2
T0005857621,2
T0005857622,3
T0005857624,2
T0005857627,2
T0005857631,2
T0005857632,3
T0005857633,3
T0005857636,3
T0005857638,3
T0005857642,2
T0005857643,1
T0005857646,2
T0005857647,1
T0005857650,1
T0005857653,1
T0005857654,1
T0005857656,1
T0005857658,3
T0005857659,2
T0005857660,1
T0005857665,1
T0005857669,2
T0005857670,2
T0005857672,3
T0005857675,2
T0005857676,2
T0005857677,2
T0005857679,2
T0005857686,2
T0005857687,3
T0005857689,1
T0005857692,3
T0005857693,2
T0005857696,1
T0005857697,2
T0005857698,3
T0005857709,2
T0005857716,2
T0005857717,3
T0005857719,2
T0005857723,2
T0005857724,2
T0005857729,2
T0005857731,2
T0005857735,1
T0005857736,2
T0005857739,3
T0005857740,3
T0005857742,2
T0005857744,2
T0005857746,2
T0005857751,1
T0005857754,2
T0005857756,3
T0005857758,3
T0005857761,3
T0005857763,2
T0005857764,2
T0005857767,2
T0005857770,1
T0005857774,2
T0005857778,2
T0005857779,3
T0005857782,1
T0005857783,1
T0005857788,2
T0005857789,2
T0005857793,2
T0005857794,2
T0005857798,3
T0005857806,2
T0005857807,1
T0005857808,2
T0005857811,3
T0005857821,2
T0005857822,2
T0005857824,2
T0005857827,2
T0005857828,1
T0005857830,1
T0005857833,2
T0005857835,1
T0005857836,3
T0005857844,3
T0005857845,2
T0005857846,3
T0005857847,3
T0005857848,3
T0005857853,3
T0005857854,2
T0005857855,3
T0005857858,3
T0005857859,1
T0005857864,3
T0005857867,2
T0005857868,1
T0005857872,3
T0005857874,2
T0005857875,2
T0005857879,2
T0005857881,2
T0005857883,2
T0005857884,2
T0005857890,3
T0005857895,2
T0005857897,2
T0005857898,2
T0005857899,2
T0005857900,3
T0005857901,1
T0005857903,2
T0005857908,3
T0005857909,2
T0005857910,3
T0005857914,2
T0005857919,2
T0005857921,2
T0005857925,2
T0005857927,2
T0005857928,1
T0005857929,1
T0005857934,2
T0005857935,3
T0005857940,3
T0005857943,3
T0005857944,3
T0005857948,2
T0005857949,3
T0005857954,3
T0005857959,2
T0005857961,2
T0005857962,1
T0005857966,2
T0005857969,3
T0005857975,2
T0005857979,3
T0005857981,2
T0005857992,2
T0005857996,3
T0005858000,3
T0005858005,2
T0005858011,3
T0005858014,2
T0005858020,2
T0005858023,1
T0005858025,2
T0005858028,3
T0005858029,2
T0005858030,1
T0005858031,2
T0005858033,3
T0005858035,2
T0005858036,1
T0005858038,3
T0005858041,2
T0005858043,3
T0005858046,3
T0005858047,2
T0005858053,3
T0005858057,1
T0005858058,3
T0005858061,2
T0005858065,3
T0005858069,2
T0005858070,2
T0005858071,2
T0005858075,3
T0005858077,3
T0005858078,2
T0005858085,2
T0005858088,2
T0005858094,2
T0005858095,2
T0005858096,1
T0005858097,3
T0005858101,3
T0005858102,2
T0005858103,3
T0005858106,2
T0005858107,1
T0005858109,2
T0005858112,1
T0005858115,3
T0005858120,3
T0005858123,2
T0005858124,1
T0005858126,1
T0005858130,2
T0005858133,2
T0005858134,3
T0005858138,3
T0005858139,3
T0005858142,2
T0005858143,3
T0005858148,2
T0005858149,3
T0005858150,1
T0005858153,1
T0005858154,3
T0005858158,2
T0005858159,1
T0005858163,2
T0005858164,2
T0005858170,2
T0005858174,1
T0005858175,1
T0005858176,3
T0005858177,3
T0005858180,2
T0005858181,2
T0005858182,2
T0005858184,2
T0005858186,2
T0005858188,3
T0005858190,3
T0005858191,1
T0005858194,2
T0005858195,2
T0005858196,2
T0005858199,3
T0005858205,3
T0005858207,3
T0005858208,1
T0005858210,2
T0005858211,3
T0005858213,2
T0005858218,2
T0005858221,2
T0005858228,2
T0005858230,1
T0005858233,1
T0005858234,3
T0005858237,2
T0005858239,2
T0005858243,3
T0005858244,3
T0005858245,2
T0005858250,2
T0005858253,2
T0005858254,1
T0005858255,2
T0005858262,1
T0005858263,3
T0005858265,3
T0005858267,1
T0005858268,2
T0005858271,1
T0005858273,1
T0005858275,2
T0005858278,2
T0005858279,2
T0005858280,2
T0005858284,1
T0005858285,2
T0005858286,2
T0005858289,2
T0005858292,2
T0005858294,3
T0005858299,2
T0005858301,1
T0005858304,2
T0005858305,3
T0005858309,2
T0005858317,2
T0005858324,1
T0005858328,2
T0005858331,2
T0005858333,3
T0005858336,3
T0005858337,2
T0005858341,2
T0005858342,2
T0005858345,2
T0005858348,2
T0005858353,2
T0005858357,2
T0005858358,1
T0005858364,3
T0005858365,2
T0005858366,1
T0005858367,2
T0005858368,3
T0005858370,2
T0005858375,2
T0005858377,2
T0005858382,2
T0005858386,2
T0005858387,3
T0005858393,2
T0005858394,3
T0005858401,3
T0005858402,3
T0005858404,2
T0005858405,3
T0005858406,3
T0005858409,3
T0005858414,3
T0005858415,3
T0005858416,1
T0005858418,1
T0005858421,3
T0005858422,2
T0005858424,3
T0005858427,2
T0005858430,3
T0005858434,1
T0005858435,2
T0005858444,2
T0005858446,1
T0005858449,3
T0005858452,1
T0005858455,2
T0005858456,3
T0005858457,3
T0005858460,3
T0005858461,1
T0005858462,1
T0005858463,2
T0005858464,2
T0005858466,3
T0005858469,3
T0005858472,2
T0005858473,2
T0005858475,2
T0005858476,3
T0005858477,3
T0005858485,1
T0005858487,3
T0005858490,2
T0005858491,3
T0005858495,3
T0005858497,2
T0005858503,2
T0005858504,1
T0005858509,1
T0005858511,2
T0005858512,1
T0005858513,2
T0005858519,3
T0005858523,3
T0005858524,2
T0005858525,1
T0005858526,3
T0005858527,3
T0005858529,1
T0005858530,3
T0005858531,2
T0005858533,2
T0005858535,2
T0005858536,3
T0005858540,2
T0005858541,2
T0005858546,2
T0005858548,2
T0005858551,2
T0005858552,1
T0005858555,2
T0005858556,2
T0005858557,2
T0005858560,2
T0005858563,2
T0005858564,2
T0005858567,1
T0005858570,2
T0005858574,2
T0005858577,3
T0005858580,2
T0005858582,1
T0005858585,2
T0005858586,2
T0005858589,3
T0005858591,2
T0005858593,2
T0005858596,2
T0005858598,3
T0005858603,3
T0005858604,3
T0005858605,2
T0005858606,2
T0005858608,2
T0005858609,2
T0005858610,3
T0005858611,3
T0005858617,3
T0005858619,3
T0005858620,2
T0005858621,2
T0005858623,3
T0005858624,3
T0005858625,3
T0005858626,1
T0005858628,1
T0005858630,3
T0005858631,2
T0005858632,2
T0005858633,3
T0005858634,1
T0005858635,1
T0005858636,2
T0005858637,1
T0005858641,1
T0005858643,2
T0005858645,2
T0005858647,2
T0005858652,2
T0005858654,1
T0005858657,1
T0005858660,2
T0005858663,1
T0005858668,3
T0005858670,1
T0005858673,3
T0005858675,3
T0005858677,1
T0005858681,2
T0005858684,2
T0005858687,2
T0005858688,2
T0005858690,2
T0005858693,2
T0005858696,3
T0005858702,2
T0005858708,3
T0005858710,3
T0005858711,3
T0005858712,2
T0005858715,1
T0005858716,2
T0005858718,2
T0005858721,2
T0005858723,3
T0005858725,2
T0005858726,2
T0005858727,2
T0005858728,3
T0005858730,1
T0005858733,1
T0005858734,2
T0005858735,1
T0005858736,2
T0005858737,2
T0005858740,2
T0005858741,2
T0005858744,2
T0005858747,2
T0005858748,3
T0005858750,2
T0005858752,2
T0005858753,1
T0005858759,2
T0005858761,3
T0005858763,1
T0005858764,2
T0005858765,2
T0005858769,2
T0005858773,1
T0005858774,3
T0005858775,2
T0005858779,3
T0005858783,2
T0005858784,3
T0005858793,3
T0005858799,2
T0005858800,3
T0005858801,2
T0005858802,3
T0005858805,2
T0005858807,2
T0005858809,1
T0005858810,1
T0005858812,1
T0005858813,3
T0005858818,2
T0005858820,2
T0005858821,3
T0005858824,2
T0005858829,2
T0005858830,3
T0005858835,2
T0005858839,2
T0005858840,1
T0005858846,3
T0005858847,3
T0005858851,2
T0005858854,2
T0005858857,3
T0005858858,2
T0005858860,3
T0005858868,2
T0005858869,2
T0005858870,3
T0005858871,2
T0005858872,2
T0005858875,1
T0005858879,3
T0005858880,2
T0005858883,3
T0005858884,2
T0005858885,2
T0005858886,2
T0005858888,3
T0005858890,3
T0005858892,2
T0005858893,2
T0005858894,3
T0005858896,1
T0005858898,2
T0005858899,2
T0005858900,2
T0005858903,3
T0005858905,2
T0005858906,3
T0005858907,3
T0005858908,1
T0005858909,2
T0005858912,1
T0005858918,2
T0005858923,2
T0005858925,3
T0005858927,2
T0005858931,1
T0005858932,2
T0005858934,2
T0005858937,2
T0005858938,2
T0005858939,3
T0005858942,3
T0005858944,1
T0005858946,3
T0005858949,3
T0005858950,2
T0005858951,2
T0005858954,3
T0005858956,3
T0005858957,2
T0005858962,2
T0005858963,2
T0005858965,3
T0005858966,2
T0005858967,1
T0005858968,2
T0005858969,1
T0005858970,2
T0005858973,3
T0005858979,1
T0005858980,2
T0005858981,3
T0005858983,3
T0005858985,2
T0005858986,2
T0005858988,3
T0005858989,1
T0005858992,2
T0005858995,1
T0005858998,2
T0005859000,1
T0005859003,3
T0005859006,2
T0005859007,2
T0005859011,2
T0005859015,3
T0005859017,2
T0005859019,2
T0005859021,2
T0005859022,3
T0005859026,3
T0005859034,3
T0005859035,2
T0005859037,1
T0005859038,2
T0005859039,3
T0005859043,2
T0005859044,2
T0005859046,1
T0005859047,2
T0005859049,3
T0005859051,3
T0005859054,2
T0005859056,2
T0005859059,2
T0005859061,2
T0005859063,3
T0005859067,2
T0005859068,2
T0005859070,2
T0005859071,2
T0005859072,3
T0005859073,3
T0005859075,1
T0005859076,2
T0005859080,2
T0005859081,1
T0005859082,3
T0005859086,2
T0005859087,2
T0005859093,2
T0005859094,3
T0005859096,1
T0005859097,2
T0005859098,2
T0005859099,3
T0005859102,2
T0005859104,2
T0005859108,2
T0005859109,2
T0005859110,2
T0005859113,2
T0005859116,3
T0005859119,1
T0005859121,2
T0005859122,2
T0005859129,2
T0005859130,3
T0005859132,2
T0005859133,3
T0005859136,3
T0005859140,3
T0005859141,2
T0005859146,2
T0005859148,2
T0005859150,2
T0005859154,2
T0005859157,3
T0005859158,3
T0005859160,2
T0005859161,2
T0005859162,3
T0005859164,2
T0005859165,2
T0005859167,2
T0005859168,2
T0005859176,3
T0005859178,3
T0005859181,2
T0005859188,2
T0005859190,2
T0005859193,2
T0005859194,3
T0005859195,2
T0005859198,3
T0005859199,2
T0005859205,3
T0005859208,3
T0005859209,1
T0005859212,3
T0005859215,3
T0005859216,1
T0005859218,1
T0005859220,1
T0005859228,2
T0005859229,3
T0005859231,1
T0005859232,2
T0005859233,2
T0005859234,1
T0005859235,2
T0005859239,2
T0005859244,2
T0005859245,3
T0005859246,2
T0005859247,2
T0005859248,2
T0005859249,2
T0005859250,2
T0005859252,2
T0005859254,2
T0005859256,3
T0005859257,1
T0005859258,2
T0005859260,3
T0005859261,3
T0005859262,3
T0005859263,3
T0005859264,2
T0005859266,2
T0005859267,2
T0005859270,2
T0005859273,2
T0005859276,2
T0005859277,2
T0005859286,2
T0005859287,2
T0005859289,1
T0005859292,2
T0005859293,2
T0005859296,2
T0005859299,3
T0005859304,2
T0005859305,3
T0005859306,2
T0005859307,1
T0005859308,3
T0005859311,2
T0005859315,3
T0005859318,2
T0005859321,3
T0005859322,2
T0005859324,1
T0005859327,2
T0005859333,3
T0005859335,1
T0005859338,3
T0005859339,2
T0005859340,1
T0005859341,1
T0005859347,3
T0005859352,1
T0005859354,3
T0005859359,3
T0005859360,2
T0005859363,3
T0005859364,3
T0005859365,2
T0005859368,2
T0005859372,3
T0005859376,1
T0005859378,3
T0005859383,3
T0005859384,1
T0005859387,2
T0005859388,1
T0005859391,1
T0005859392,2
T0005859393,2
T0005859394,2
T0005859396,2
T0005859397,2
T0005859398,3
T0005859401,3
T0005859403,2
T0005859404,2
T0005859406,1
T0005859407,2
T0005859409,2
T0005859410,2
T0005859411,3
T0005859414,2
T0005859415,3
T0005859416,3
T0005859417,1
T0005859419,2
T0005859423,2
T0005859427,3
T0005859430,2
T0005859432,2
T0005859434,2
T0005859437,3
T0005859440,3
T0005859442,1
T0005859443,3
T0005859444,3
T0005859446,2
T0005859450,2
T0005859458,2
T0005859460,2
T0005859462,2
T0005859464,3
T0005859465,2
T0005859469,2
T0005859471,2
T0005859472,1
T0005859477,2
T0005859478,2
T0005859479,1
T0005859482,2
T0005859484,3
T0005859485,2
T0005859490,2
T0005859494,3
T0005859495,3
T0005859497,2
T0005859498,3
T0005859503,2
T0005859507,1
T0005859509,2
T0005859512,2
T0005859515,2
T0005859516,1
T0005859517,1
T0005859521,3
T0005859522,1
T0005859524,3
T0005859528,3
T0005859531,2
T0005859534,2
T0005859539,2
T0005859540,2
T0005859546,2
T0005859548,3
T0005859549,2
T0005859551,3
T0005859553,2
T0005859554,3
T0005859556,2
T0005859558,1
T0005859559,2
T0005859561,3
T0005859564,2
T0005859569,2
T0005859572,2
T0005859573,3
T0005859577,2
T0005859578,1
T0005859579,2
T0005859580,2
T0005859582,1
T0005859588,1
T0005859589,2
T0005859591,1
T0005859592,2
T0005859593,3
T0005859594,3
T0005859595,1
T0005859603,2
T0005859604,2
T0005859605,3
T0005859606,2
T0005859607,2
T0005859608,3
T0005859609,2
T0005859610,1
T0005859612,2
T0005859613,2
T0005859615,3
T0005859616,1
T0005859618,3
T0005859619,3
T0005859624,2
T0005859626,1
T0005859627,2
T0005859628,1
T0005859630,1
T0005859632,1
T0005859634,2
T0005859635,1
T0005859636,1
T0005859637,3
T0005859641,3
T0005859642,2
T0005859645,2
T0005859647,2
T0005859649,1
T0005859651,1
T0005859655,2
T0005859657,3
T0005859660,3
T0005859661,2
T0005859665,2
T0005859667,2
T0005859668,2
T0005859672,1
T0005859673,2
T0005859676,1
T0005859685,1
T0005859686,3
T0005859689,2
T0005859690,1
T0005859697,1
T0005859699,2
T0005859701,2
T0005859708,2
T0005859709,3
T0005859716,2
T0005859717,2
T0005859718,3
T0005859720,3
T0005859721,2
T0005859723,2
T0005859725,2
T0005859726,2
T0005859729,2
T0005859731,1
T0005859733,2
T0005859736,1
T0005859739,2
T0005859740,1
T0005859743,2
T0005859744,1
T0005859747,3
T0005859748,2
T0005859755,3
T0005859756,2
T0005859757,3
T0005859759,1
T0005859761,3
T0005859767,1
T0005859772,2
T0005859773,1
T0005859774,2
T0005859775,2
T0005859776,1
T0005859777,2
T0005859779,2
T0005859781,3
T0005859782,2
T0005859787,2
T0005859789,2
T0005859790,3
T0005859791,2
T0005859794,2
T0005859795,2
T0005859796,2
T0005859797,2
T0005859800,2
T0005859801,1
T0005859805,1
T0005859809,3
T0005859810,1
T0005859811,2
T0005859813,2
T0005859821,3
T0005859824,2
T0005859825,3
T0005859827,2
T0005859833,1
T0005859835,3
T0005859839,2
T0005859846,1
T0005859847,2
T0005859852,1
T0005859853,2
T0005859855,2
T0005859856,1
T0005859857,2
T0005859859,1
T0005859860,1
T0005859867,2
T0005859869,2
T0005859873,3
T0005859877,1
T0005859878,1
T0005859879,1
T0005859881,1
T0005859884,2
T0005859885,2
T0005859892,2
T0005859894,3
T0005859899,2
T0005859904,2
T0005859905,3
T0005859906,3
T0005859908,2
T0005859912,2
T0005859917,3
T0005859919,2
T0005859924,2
T0005859925,2
T0005859926,2
T0005859928,1
T0005859930,2
T0005859931,3
T0005859936,2
T0005859937,2
T0005859938,2
T0005859940,3
T0005859946,2
T0005859948,2
T0005859951,1
T0005859953,1
T0005859956,3
T0005859957,1
T0005859959,2
T0005859962,2
T0005859968,2
T0005859970,3
T0005859972,1
T0005859973,3
T0005859974,2
T0005859984,1
T0005859993,2
T0005859994,1
T0005859997,3
T0005859998,2
T0005860001,1
T0005860003,2
T0005860004,1
T0005860005,3
T0005860006,2
T0005860008,3
T0005860011,2
T0005860012,2
T0005860016,2
T0005860021,2
T0005860022,3
T0005860025,2
T0005860027,2
T0005860031,3
T0005860032,2
T0005860034,2
T0005860035,1
T0005860036,1
T0005860038,2
T0005860041,1
T0005860042,2
T0005860047,3
T0005860053,3
T0005860056,2
T0005860061,2
T0005860062,2
T0005860063,1
T0005860064,1
T0005860065,2
T0005860066,2
T0005860071,1
T0005860078,2
T0005860082,2
T0005860083,2
T0005860084,2
T0005860086,1
T0005860087,2
T0005860096,2
T0005860098,2
T0005860102,1
T0005860104,2
T0005860108,2
T0005860111,3
T0005860113,2
T0005860117,3
T0005860121,3
T0005860122,2
T0005860129,3
T0005860137,3
T0005860146,3
T0005860147,1
T0005860150,2
T0005860152,3
T0005860161,2
T0005860165,2
T0005860168,2
T0005860169,3
T0005860170,2
T0005860172,3
T0005860175,3
T0005860176,2
T0005860177,2
T0005860178,2
T0005860179,1
T0005860180,1
T0005860182,2
T0005860183,3
T0005860186,3
T0005860188,3
T0005860189,3
T0005860190,2
T0005860192,2
T0005860195,3
T0005860198,2
T0005860203,2
T0005860204,2
T0005860205,2
T0005860206,2
T0005860208,2
T0005860209,2
T0005860210,2
T0005860213,2
T0005860215,1
T0005860219,2
T0005860220,2
T0005860221,3
T0005860222,1
T0005860224,2
T0005860231,3
T0005860234,1
T0005860235,2
T0005860240,2
T0005860241,1
T0005860244,1
T0005860248,2
T0005860253,1
T0005860254,2
T0005860255,1
T0005860261,3
T0005860265,3
T0005860268,1
T0005860269,3
T0005860273,3
T0005860275,3
T0005860281,2
T0005860286,1
T0005860287,2
T0005860288,3
T0005860291,1
T0005860292,2
T0005860294,3
T0005860296,2
T0005860298,1
T0005860300,3
T0005860301,3
T0005860302,1
T0005860303,3
T0005860307,2
T0005860309,1
T0005860311,2
T0005860312,2
T0005860314,2
T0005860316,2
T0005860320,2
T0005860321,1
T0005860322,2
T0005860323,2
T0005860326,1
T0005860330,2
T0005860331,2
T0005860334,1
T0005860335,2
T0005860338,2
T0005860341,3
T0005860342,3
T0005860345,3
T0005860346,1
T0005860347,3
T0005860348,3
T0005860350,2
T0005860352,2
T0005860353,3
T0005860355,2
T0005860360,2
T0005860361,1
T0005860366,1
T0005860368,1
T0005860369,2
T0005860371,3
T0005860373,1
T0005860374,1
T0005860375,2
T0005860378,2
T0005860381,2
T0005860383,3
T0005860387,2
T0005860388,2
T0005860389,2
T0005860390,3
T0005860392,2
T0005860394,2
T0005860396,1
T0005860397,2
T0005860402,2
T0005860404,2
T0005860405,2
T0005860406,2
T0005860407,2
T0005860412,1
T0005860413,2
T0005860415,2
T0005860416,2
T0005860422,3
T0005860427,2
T0005860428,2
T0005860430,1
T0005860437,1
T0005860441,2
T0005860443,2
T0005860444,3
T0005860445,1
T0005860450,3
T0005860453,3
T0005860462,2
T0005860465,2
T0005860467,2
T0005860470,3
T0005860474,3
T0005860475,2
T0005860476,3
T0005860477,3
T0005860482,3
T0005860484,1
T0005860485,3
T0005860486,2
T0005860487,2
T0005860488,2
T0005860489,1
T0005860492,2
T0005860494,2
T0005860495,2
T0005860496,2
T0005860497,1
T0005860500,2
T0005860501,2
T0005860502,2
T0005860504,3
T0005860506,2
T0005860509,2
T0005860510,3
T0005860512,3
T0005860515,1
T0005860519,1
T0005860524,3
T0005860525,2
T0005860527,1
T0005860530,3
T0005860534,3
T0005860537,3
T0005860540,1
T0005860548,2
T0005860550,3
T0005860553,3
T0005860556,2
T0005860562,2
T0005860563,2
T0005860565,3
T0005860568,3
T0005860570,1
T0005860576,2
T0005860577,2
T0005860587,2
T0005860590,1
T0005860591,3
T0005860592,3
T0005860597,3
T0005860600,2
T0005860602,2
T0005860604,1
T0005860609,3
T0005860616,2
T0005860617,3
T0005860618,2
T0005860624,1
T0005860625,1
T0005860627,2
T0005860631,3
T0005860643,2
T0005860645,3
T0005860653,1
T0005860655,2
T0005860662,1
T0005860666,3
T0005860669,1
T0005860670,2
T0005860671,2
T0005860674,1
T0005860676,2
T0005860680,1
T0005860683,2
T0005860684,2
T0005860685,2
T0005860687,1
T0005860692,2
T0005860696,2
T0005860698,3
T0005860700,3
T0005860705,3
T0005860706,2
T0005860708,3
T0005860710,2
T0005860713,2
T0005860715,1
T0005860716,1
T0005860720,2
T0005860721,3
T0005860722,2
T0005860724,1
T0005860725,3
T0005860726,1
T0005860729,3
T0005860732,2
T0005860736,2
T0005860737,2
T0005860738,3
T0005860739,1
T0005860740,1
T0005860742,2
T0005860743,1
T0005860750,1
T0005860755,1
T0005860758,3
T0005860759,3
T0005860760,2
T0005860761,2
T0005860763,3
T0005860767,2
T0005860769,3
T0005860770,1
T0005860771,2
T0005860773,2
T0005860774,2
T0005860775,2
T0005860782,3
T0005860786,1
T0005860787,3
T0005860792,1
T0005860793,1
T0005860794,2
T0005860795,2
T0005860796,2
T0005860798,1
T0005860802,3
T0005860807,2
T0005860808,2
T0005860809,1
T0005860813,2
T0005860816,3
T0005860817,2
T0005860819,2
T0005860821,3
T0005860826,2
T0005860828,3
T0005860830,3
T0005860835,1
T0005860836,2
T0005860839,1
T0005860840,3
T0005860842,1
T0005860844,2
T0005860846,2
T0005860847,1
T0005860848,3
T0005860850,3
T0005860852,2
T0005860853,3
T0005860854,2
T0005860858,3
T0005860860,2
T0005860862,3
T0005860863,2
T0005860865,1
T0005860866,2
T0005860867,3
T0005860868,1
T0005860869,1
T0005860872,2
T0005860876,1
T0005860881,2
T0005860882,2
T0005860883,3
T0005860884,2
T0005860888,2
T0005860889,1
T0005860890,1
T0005860897,3
T0005860904,2
T0005860908,3
T0005860911,3
T0005860917,3
T0005860918,3
T0005860923,1
T0005860927,2
T0005860937,2
T0005860938,2
T0005860939,3
T0005860940,1
T0005860942,3
T0005860944,2
T0005860945,3
T0005860947,2
T0005860950,2
T0005860951,2
T0005860956,1
T0005860958,2
T0005860959,2
T0005860960,2
T0005860963,2
T0005860966,2
T0005860967,2
T0005860969,3
T0005860971,2
T0005860972,2
T0005860973,2
T0005860974,2
T0005860980,3
T0005860981,1
T0005860982,2
T0005860986,1
T0005860987,1
T0005860988,2
T0005860989,1
T0005860990,3
T0005860991,3
T0005860993,2
T0005860994,2
T0005860995,1
T0005860999,2
T0005861000,3
T0005861002,2
T0005861003,3
T0005861004,2
T0005861007,2
T0005861008,2
T0005861009,3
T0005861013,3
T0005861017,3
T0005861019,2
T0005861020,3
T0005861021,2
T0005861022,2
T0005861024,1
T0005861025,3
T0005861026,1
T0005861027,2
T0005861031,2
T0005861033,2
T0005861034,2
T0005861036,3
T0005861037,1
T0005861039,2
T0005861041,3
T0005861042,3
T0005861043,2
T0005861046,3
T0005861047,1
T0005861051,2
T0005861052,2
T0005861053,1
T0005861056,3
T0005861057,2
T0005861058,2
T0005861072,2
T0005861074,2
T0005861075,2
T0005861078,1
T0005861079,2
T0005861085,3
T0005861086,2
T0005861094,1
T0005861095,3
T0005861096,2
T0005861097,2
T0005861098,2
T0005861099,3
T0005861101,2
T0005861105,3
T0005861108,2
T0005861109,2
T0005861110,3
T0005861111,2
T0005861112,3
T0005861117,3
T0005861118,1
T0005861121,1
T0005861122,1
T0005861125,2
T0005861127,1
T0005861131,2
T0005861138,2
T0005861139,1
T0005861140,3
T0005861150,3
T0005861152,2
T0005861153,2
T0005861155,3
T0005861157,2
T0005861162,2
T0005861163,2
T0005861168,3
T0005861170,3
T0005861172,1
T0005861175,3
T0005861178,2
T0005861184,2
T0005861185,3
T0005861186,2
T0005861188,3
T0005861189,2
T0005861190,2
T0005861192,1
T0005861193,3
T0005861195,2
T0005861196,2
T0005861197,2
T0005861198,2
T0005861202,2
T0005861203,2
T0005861204,2
T0005861205,2
T0005861207,3
T0005861209,2
T0005861214,2
T0005861216,1
T0005861217,3
T0005861218,3
T0005861221,1
T0005861222,3
T0005861224,1
T0005861228,1
T0005861235,2
T0005861238,1
T0005861241,2
T0005861242,2
T0005861244,2
T0005861245,3
T0005861247,1
T0005861249,2
T0005861250,2
T0005861252,3
T0005861253,2
T0005861262,1
T0005861268,1
T0005861269,3
T0005861270,1
T0005861271,3
T0005861272,3
T0005861273,2
T0005861277,2
T0005861278,3
T0005861280,3
T0005861282,1
T0005861283,3
T0005861284,1
T0005861289,1
T0005861293,2
T0005861294,1
T0005861295,2
T0005861296,1
T0005861297,3
T0005861302,1
T0005861305,2
T0005861308,2
T0005861309,1
T0005861312,3
T0005861313,3
T0005861315,2
T0005861324,3
T0005861325,2
T0005861326,3
T0005861331,2
T0005861332,2
T0005861334,3
T0005861336,2
T0005861338,2
T0005861339,3
T0005861346,3
T0005861348,1
T0005861349,3
T0005861350,2
T0005861353,3
T0005861360,3
T0005861364,2
T0005861366,1
T0005861368,2
T0005861369,1
T0005861373,2
T0005861374,3
T0005861375,1
T0005861377,3
T0005861378,1
T0005861379,2
T0005861382,2
T0005861384,2
T0005861387,2
T0005861398,1
T0005861399,2
T0005861406,2
T0005861409,3
T0005861414,2
T0005861415,2
T0005861417,3
T0005861419,3
T0005861420,3
T0005861421,2
T0005861425,2
T0005861427,3
T0005861431,1
T0005861432,3
T0005861435,2
T0005861438,3
T0005861439,3
T0005861440,2
T0005861441,1
T0005861443,1
T0005861444,1
T0005861446,3
T0005861450,2
T0005861453,2
T0005861454,1
T0005861459,2
T0005861464,3
T0005861465,2
T0005861466,2
T0005861468,1
T0005861469,3
T0005861471,3
T0005861472,2
T0005861479,1
T0005861480,1
T0005861483,3
T0005861484,2
T0005861487,2
T0005861490,3
T0005861492,2
T0005861494,2
T0005861495,2
T0005861497,1
T0005861499,1
T0005861500,2
T0005861502,2
T0005861506,1
T0005861508,2
T0005861510,3
T0005861511,2
T0005861513,1
T0005861515,2
T0005861518,2
T0005861525,2
T0005861532,2
T0005861536,3
T0005861540,3
T0005861541,2
T0005861542,2
T0005861544,3
T0005861548,2
T0005861551,2
T0005861555,2
T0005861562,2
T0005861564,2
T0005861566,2
T0005861567,3
T0005861568,2
T0005861569,2
T0005861570,3
T0005861572,2
T0005861573,2
T0005861578,2
T0005861585,3
T0005861586,3
T0005861589,3
T0005861591,2
T0005861595,1
T0005861597,2
T0005861598,2
T0005861602,3
T0005861603,2
T0005861604,2
T0005861609,3
T0005861612,2
T0005861614,1
T0005861618,1
T0005861624,2
T0005861625,3
T0005861628,2
T0005861630,3
T0005861631,2
T0005861633,2
T0005861636,3
T0005861645,3
T0005861649,1
T0005861650,2
T0005861652,3
T0005861655,3
T0005861659,2
T0005861662,1
T0005861669,3
T0005861671,3
T0005861672,3
T0005861673,2
T0005861677,3
T0005861678,2
T0005861679,3
T0005861682,3
T0005861683,2
T0005861684,2
T0005861687,2
T0005861692,2
T0005861693,1
T0005861694,2
T0005861695,2
T0005861700,3
T0005861706,3
T0005861708,2
T0005861709,2
T0005861712,3
T0005861714,2
T0005861715,2
T0005861718,1
T0005861719,1
T0005861720,1
T0005861723,1
T0005861727,3
T0005861729,2
T0005861730,2
T0005861731,3
T0005861734,3
T0005861735,2
T0005861736,2
T0005861737,2
T0005861738,2
T0005861739,3
T0005861744,3
T0005861745,3
T0005861746,2
T0005861747,2
T0005861752,3
T0005861754,1
T0005861756,2
T0005861757,1
T0005861758,1
T0005861761,2
T0005861764,3
T0005861769,2
T0005861773,2
T0005861775,2
T0005861779,2
T0005861780,2
T0005861781,3
T0005861782,3
T0005861784,1
T0005861793,1
T0005861794,2
T0005861800,2
T0005861806,1
T0005861807,3
T0005861811,3
T0005861816,3
T0005861820,2
T0005861823,2
T0005861824,1
T0005861826,2
T0005861830,3
T0005861834,2
T0005861836,3
T0005861837,3
T0005861840,2
T0005861843,3
T0005861844,3
T0005861845,3
T0005861854,3
T0005861856,3
T0005861859,3
T0005861861,3
T0005861862,2
T0005861863,2
T0005861866,2
T0005861868,2
T0005861869,2
T0005861874,3
T0005861875,1
T0005861879,1
T0005861882,3
T0005861884,1
T0005861887,3
T0005861888,2
T0005861893,2
T0005861895,2
T0005861897,2
T0005861903,2
T0005861905,2
T0005861908,2
T0005861909,2
T0005861910,3
T0005861912,2
T0005861915,3
T0005861916,3
T0005861918,3
T0005861919,2
T0005861920,2
T0005861921,2
T0005861926,2
T0005861928,2
T0005861929,2
T0005861932,2
T0005861934,2
T0005861935,1
T0005861943,2
T0005861945,3
T0005861946,1
T0005861948,3
T0005861955,3
T0005861956,2
T0005861958,1
T0005861966,2
T0005861968,2
T0005861972,2
T0005861973,2
T0005861974,2
T0005861977,1
T0005861979,1
T0005861980,2
T0005861982,2
T0005861983,2
T0005861985,3
T0005861987,3
T0005861990,2
T0005861993,2
T0005862006,1
T0005862007,3
T0005862012,2
T0005862014,3
T0005862016,1
T0005862018,3
T0005862020,2
T0005862025,2
T0005862027,1
T0005862028,3
T0005862030,3
T0005862032,3
T0005862033,3
T0005862036,2
T0005862041,3
T0005862043,3
T0005862046,3
T0005862047,2
T0005862048,1
T0005862049,2
T0005862058,2
T0005862061,3
T0005862067,1
T0005862069,2
T0005862074,3
T0005862076,3
T0005862077,2
T0005862079,3
T0005862085,3
T0005862088,1
T0005862092,3
T0005862095,1
T0005862097,2
T0005862100,2
T0005862101,3
T0005862102,2
T0005862105,2
T0005862107,2
T0005862108,2
T0005862109,2
T0005862115,2
T0005862117,2
T0005862123,2
T0005862128,3
T0005862130,2
T0005862136,1
T0005862138,2
T0005862139,3
T0005862143,1
T0005862144,1
T0005862146,2
T0005862147,3
T0005862148,2
T0005862151,3
T0005862152,3
T0005862159,3
T0005862162,2
T0005862165,1
T0005862167,2
T0005862172,2
T0005862173,3
T0005862175,2
T0005862176,2
T0005862177,2
T0005862179,2
T0005862180,2
T0005862183,2
T0005862184,1
T0005862186,2
T0005862189,2
T0005862195,2
T0005862197,3
T0005862198,3
T0005862202,2
T0005862207,3
T0005862209,3
T0005862210,1
T0005862211,2
T0005862214,1
T0005862215,2
T0005862219,3
T0005862221,3
T0005862222,1
T0005862225,2
T0005862227,2
T0005862228,2
T0005862229,2
T0005862237,3
T0005862239,2
T0005862241,2
T0005862243,3
T0005862244,2
T0005862245,2
T0005862247,2
T0005862254,3
T0005862255,2
T0005862258,2
T0005862259,1
T0005862268,1
T0005862272,2
T0005862273,3
T0005862276,2
T0005862280,1
T0005862282,2
T0005862286,3
T0005862287,2
T0005862288,2
T0005862292,2
T0005862293,2
T0005862297,2
T0005862298,2
T0005862301,1
T0005862302,3
T0005862304,2
T0005862305,2
T0005862308,1
T0005862310,3
T0005862313,1
T0005862316,3
T0005862320,3
T0005862322,2
T0005862324,3
T0005862326,3
T0005862336,2
T0005862337,3
T0005862338,3
T0005862340,3
T0005862342,1
T0005862346,1
T0005862349,2
T0005862350,2
T0005862351,2
T0005862353,3
T0005862355,1
T0005862356,3
T0005862357,1
T0005862359,3
T0005862360,1
T0005862361,2
T0005862362,3
T0005862364,3
T0005862367,2
T0005862368,3
T0005862369,2
T0005862370,2
T0005862373,3
T0005862375,1
T0005862376,3
T0005862378,3
T0005862383,3
T0005862385,3
T0005862386,3
T0005862387,2
T0005862388,2
T0005862394,2
T0005862397,3
T0005862401,2
T0005862402,2
T0005862404,2
T0005862405,1
T0005862407,1
T0005862408,3
T0005862409,2
T0005862411,3
T0005862412,2
T0005862414,1
T0005862419,2
T0005862420,2
T0005862422,3
T0005862424,2
T0005862428,2
T0005862430,2
T0005862432,3
T0005862434,2
T0005862435,3
T0005862436,3
T0005862437,3
T0005862438,3
T0005862440,3
T0005862443,3
T0005862445,1
T0005862447,2
T0005862453,1
T0005862455,1
T0005862459,3
T0005862460,3
T0005862461,3
T0005862462,2
T0005862467,1
T0005862470,1
T0005862473,2
T0005862475,1
T0005862477,3
T0005862478,2
T0005862480,2
T0005862481,1
T0005862486,3
T0005862488,1
T0005862495,3
T0005862497,3
T0005862499,2
T0005862505,1
T0005862506,2
T0005862509,2
T0005862512,2
T0005862513,1
T0005862514,1
T0005862522,1
T0005862529,1
T0005862530,1
T0005862534,2
T0005862535,2
T0005862537,3
T0005862539,2
T0005862542,3
T0005862543,2
T0005862548,2
T0005862550,1
T0005862553,3
T0005862564,2
T0005862567,2
T0005862568,2
T0005862571,3
T0005862572,3
T0005862573,1
T0005862575,2
T0005862578,2
T0005862580,3
T0005862581,2
T0005862586,2
T0005862591,1
T0005862595,3
T0005862598,2
T0005862601,2
T0005862602,2
T0005862604,3
T0005862605,2
T0005862606,2
T0005862611,1
T0005862613,2
T0005862615,2
T0005862616,1
T0005862619,3
T0005862620,3
T0005862622,1
T0005862624,2
T0005862625,2
T0005862628,1
T0005862629,2
T0005862631,2
T0005862634,2
T0005862638,3
T0005862647,2
T0005862649,2
T0005862651,2
T0005862656,2
T0005862658,2
T0005862660,3
T0005862661,3
T0005862662,1
T0005862666,3
T0005862668,3
T0005862672,3
T0005862676,2
T0005862679,3
T0005862680,2
T0005862682,1
T0005862683,2
T0005862687,3
T0005862689,1
T0005862690,3
T0005862692,3
T0005862694,2
T0005862695,2
T0005862696,3
T0005862697,1
T0005862700,2
T0005862702,3
T0005862706,3
T0005862708,1
T0005862715,3
T0005862719,1
T0005862721,1
T0005862722,2
T0005862726,3
T0005862727,2
T0005862728,2
T0005862732,2
T0005862743,2
T0005862745,3
T0005862747,3
T0005862748,2
T0005862750,1
T0005862752,1
T0005862754,3
T0005862759,3
T0005862766,3
T0005862767,3
T0005862775,3
T0005862776,2
T0005862779,2
T0005862780,2
T0005862783,2
T0005862784,1
T0005862785,3
T0005862788,2
T0005862790,3
T0005862791,3
T0005862801,2
T0005862811,2
T0005862813,2
T0005862814,1
T0005862824,3
T0005862826,2
T0005862827,1
T0005862829,2
T0005862830,2
T0005862831,1
T0005862840,2
T0005862842,3
T0005862845,1
T0005862851,2
T0005862852,2
T0005862853,1
T0005862854,2
T0005862855,3
T0005862856,2
T0005862858,1
T0005862859,3
T0005862860,2
T0005862867,2
T0005862869,1
T0005862871,1
T0005862874,3
T0005862876,2
T0005862879,3
T0005862884,2
T0005862889,2
T0005862891,1
T0005862892,3
T0005862894,2
T0005862896,3
T0005862897,2
T0005862898,1
T0005862899,3
T0005862900,2
T0005862903,1
T0005862907,3
T0005862909,2
T0005862914,3
T0005862916,2
T0005862918,3
T0005862920,2
T0005862921,3
T0005862922,2
T0005862923,2
T0005862926,3
T0005862927,1
T0005862930,1
T0005862932,2
T0005862933,2
T0005862935,1
T0005862938,1
T0005862943,2
T0005862944,2
T0005862945,3
T0005862950,3
T0005862952,1
T0005862956,1
T0005862957,1
T0005862961,3
T0005862963,3
T0005862969,3
T0005862971,3
T0005862972,2
T0005862973,3
T0005862974,3
T0005862979,2
T0005862981,2
T0005862982,3
T0005862984,3
T0005862985,3
T0005862987,2
T0005862988,1
T0005862989,2
T0005862990,3
T0005862992,1
T0005862998,1
T0005863002,2
T0005863003,2
T0005863004,3
T0005863005,1
T0005863007,3
T0005863009,1
T0005863013,2
T0005863015,2
T0005863016,3
T0005863018,2
T0005863019,3
T0005863020,2
T0005863021,3
T0005863023,2
T0005863027,2
T0005863029,1
T0005863030,3
T0005863033,2
T0005863036,2
T0005863044,3
T0005863047,3
T0005863048,2
T0005863053,2
T0005863054,2
T0005863055,3
T0005863056,2
T0005863058,2
T0005863063,3
T0005863064,3
T0005863066,2
T0005863067,2
T0005863070,3
T0005863071,2
T0005863072,2
T0005863075,1
T0005863076,1
T0005863077,2
T0005863078,2
T0005863080,2
T0005863087,2
T0005863092,3
T0005863094,2
T0005863097,2
T0005863098,2
T0005863099,1
T0005863100,2
T0005863102,2
T0005863104,3
T0005863106,1
T0005863112,3
T0005863115,2
T0005863117,3
T0005863120,2
T0005863123,3
T0005863129,2
T0005863132,2
T0005863133,1
T0005863135,2
T0005863138,2
T0005863140,1
T0005863143,3
T0005863144,1
T0005863149,1
T0005863151,2
T0005863152,2
T0005863153,1
T0005863154,1
T0005863158,3
T0005863159,3
T0005863161,1
T0005863162,2
T0005863164,2
T0005863166,3
T0005863167,2
T0005863169,2
T0005863170,3
T0005863171,2
T0005863178,3
T0005863180,2
T0005863182,3
T0005863184,3
T0005863187,1
T0005863189,3
T0005863192,1
T0005863194,2
T0005863197,3
T0005863198,2
T0005863207,3
T0005863209,3
T0005863212,2
T0005863215,3
T0005863218,1
T0005863220,3
T0005863233,3
T0005863238,2
T0005863239,2
T0005863240,2
T0005863245,1
T0005863247,2
T0005863250,2
T0005863252,2
T0005863253,2
T0005863254,1
T0005863255,2
T0005863256,2
T0005863257,2
T0005863258,3
T0005863259,3
T0005863260,1
T0005863261,3
T0005863265,2
T0005863266,2
T0005863267,3
T0005863268,3
T0005863270,2
T0005863274,1
T0005863275,2
T0005863276,2
T0005863277,2
T0005863287,2
T0005863289,2
T0005863291,2
T0005863292,2
T0005863293,3
T0005863302,2
T0005863304,2
T0005863305,2
T0005863322,3
T0005863323,2
T0005863324,3
T0005863326,1
T0005863328,3
T0005863336,3
T0005863337,3
T0005863338,3
T0005863340,2
T0005863342,2
T0005863343,1
T0005863344,3
T0005863345,2
T0005863346,3
T0005863348,3
T0005863352,2
T0005863360,3
T0005863361,3
T0005863364,2
T0005863367,3
T0005863369,2
T0005863370,1
T0005863372,2
T0005863378,2
T0005863379,1
T0005863383,3
T0005863385,3
T0005863386,3
T0005863387,2
T0005863390,1
T0005863393,3
T0005863399,3
T0005863400,3
T0005863402,1
T0005863403,2
T0005863405,3
T0005863409,2
T0005863410,1
T0005863411,2
T0005863416,2
T0005863423,3
T0005863424,2
T0005863428,3
T0005863430,3
T0005863431,1
T0005863435,3
T0005863438,1
T0005863439,3
T0005863441,2
T0005863443,3
T0005863448,1
T0005863449,2
T0005863451,1
T0005863452,3
T0005863457,1
T0005863460,1
T0005863462,2
T0005863464,2
T0005863465,3
T0005863467,3
T0005863471,1
T0005863472,2
T0005863473,1
T0005863474,3
T0005863475,2
T0005863477,1
T0005863479,2
T0005863482,2
T0005863486,3
T0005863488,1
T0005863491,2
T0005863494,3
T0005863497,2
T0005863499,2
T0005863503,3
T0005863505,2
T0005863512,1
T0005863515,1
T0005863519,2
T0005863520,2
T0005863523,3
T0005863525,2
T0005863527,2
T0005863528,2
T0005863530,3
T0005863532,3
T0005863536,2
T0005863539,1
T0005863540,3
T0005863544,2
T0005863548,1
T0005863549,2
T0005863550,2
T0005863551,2
T0005863554,2
T0005863555,2
T0005863557,1
T0005863558,2
T0005863559,2
T0005863560,2
T0005863561,1
T0005863563,2
T0005863566,2
T0005863571,3
T0005863575,2
T0005863576,3
T0005863577,2
T0005863583,2
T0005863584,2
T0005863585,2
T0005863586,1
T0005863587,3
T0005863588,2
T0005863592,2
T0005863593,2
T0005863595,1
T0005863599,2
T0005863600,1
T0005863605,2
T0005863606,2
T0005863611,2
T0005863612,2
T0005863614,1
T0005863615,2
T0005863617,3
T0005863618,3
T0005863621,3
T0005863622,1
T0005863628,1
T0005863629,2
T0005863631,1
T0005863633,3
T0005863639,3
T0005863640,2
T0005863644,3
T0005863650,1
T0005863653,2
T0005863654,2
T0005863660,2
T0005863662,2
T0005863669,3
T0005863670,1
T0005863671,3
T0005863674,2
T0005863675,2
T0005863676,2
T0005863678,2
T0005863679,2
T0005863682,2
T0005863684,2
T0005863686,3
T0005863689,3
T0005863692,3
T0005863693,2
T0005863695,1
T0005863696,2
T0005863697,2
T0005863698,1
T0005863699,3
T0005863700,2
T0005863703,3
T0005863704,2
T0005863706,3
T0005863712,2
T0005863715,2
T0005863717,2
T0005863722,1
T0005863724,2
T0005863728,2
T0005863734,2
T0005863735,3
T0005863736,2
T0005863741,1
T0005863742,2
T0005863743,1
T0005863748,2
T0005863752,1
T0005863753,2
T0005863756,2
T0005863758,2
T0005863760,3
T0005863767,3
T0005863769,1
T0005863774,2
T0005863775,3
T0005863776,1
T0005863780,1
T0005863781,3
T0005863782,2
T0005863787,3
T0005863788,2
T0005863789,2
T0005863791,2
T0005863795,2
T0005863796,2
T0005863797,1
T0005863799,2
T0005863800,1
T0005863808,2
T0005863811,3
T0005863814,2
T0005863816,2
T0005863819,2
T0005863820,3
T0005863823,3
T0005863829,2
T0005863832,1
T0005863833,3
T0005863837,2
T0005863843,2
T0005863847,1
T0005863850,2
T0005863851,1
T0005863853,3
T0005863855,1
T0005863859,2
T0005863860,3
T0005863862,2
T0005863864,1
T0005863867,2
T0005863872,2
T0005863874,1
T0005863875,3
T0005863879,2
T0005863881,3
T0005863882,1
T0005863883,3
T0005863884,1
T0005863886,2
T0005863888,1
T0005863895,1
T0005863898,1
T0005863899,3
T0005863900,2
T0005863907,2
T0005863908,2
T0005863912,1
T0005863920,2
T0005863923,3
T0005863929,2
T0005863931,2
T0005863932,2
T0005863936,2
T0005863937,1
T0005863941,2
T0005863942,3
T0005863943,1
T0005863944,2
T0005863947,3
T0005863948,3
T0005863951,2
T0005863954,3
T0005863960,2
T0005863961,3
T0005863964,2
T0005863969,3
T0005863974,3
T0005863980,3
T0005863982,1
T0005863985,2
T0005863991,3
T0005864001,2
T0005864005,2
T0005864009,1
T0005864011,3
T0005864016,2
T0005864017,3
T0005864018,2
T0005864019,2
T0005864020,1
T0005864026,3
T0005864027,2
T0005864028,2
T0005864029,3
T0005864035,2
T0005864037,2
T0005864040,2
T0005864041,2
T0005864044,2
T0005864048,3
T0005864049,2
T0005864050,2
T0005864051,2
T0005864052,2
T0005864056,2
T0005864057,3
T0005864063,3
T0005864065,1
T0005864066,2
T0005864068,3
T0005864071,3
T0005864073,1
T0005864075,1
T0005864076,3
T0005864078,2
T0005864079,2
T0005864083,1
T0005864084,2
T0005864086,2
T0005864090,2
T0005864091,2
T0005864092,2
T0005864093,3
T0005864100,3
T0005864101,1
T0005864105,1
T0005864107,1
T0005864108,3
T0005864110,2
T0005864111,2
T0005864114,3
T0005864117,2
T0005864118,1
T0005864119,2
T0005864122,2
T0005864124,1
T0005864125,3
T0005864126,1
T0005864130,2
T0005864136,3
T0005864153,1
T0005864157,1
T0005864159,2
T0005864162,3
T0005864164,3
T0005864171,3
T0005864172,2
T0005864177,3
T0005864181,2
T0005864183,3
T0005864188,2
T0005864190,3
T0005864191,2
T0005864193,2
T0005864197,2
T0005864198,3
T0005864199,3
T0005864201,1
T0005864203,2
T0005864207,2
T0005864210,2
T0005864212,2
T0005864213,2
T0005864214,2
T0005864216,2
T0005864217,3
T0005864222,2
T0005864223,2
T0005864224,1
T0005864225,2
T0005864226,2
T0005864229,1
T0005864231,2
T0005864234,3
T0005864235,3
T0005864237,2
T0005864245,1
T0005864247,1
T0005864253,2
T0005864255,3
T0005864257,3
T0005864264,2
T0005864265,2
T0005864266,2
T0005864267,3
T0005864268,2
T0005864269,3
T0005864274,1
T0005864276,2
T0005864277,3
T0005864281,1
T0005864286,2
T0005864287,2
T0005864288,1
T0005864290,2
T0005864292,1
T0005864295,3
T0005864298,2
T0005864301,2
T0005864302,2
T0005864304,3
T0005864305,2
T0005864307,2
T0005864310,1
T0005864312,2
T0005864314,1
T0005864315,2
T0005864321,1
T0005864323,3
T0005864325,3
T0005864326,3
T0005864327,1
T0005864332,3
T0005864335,3
T0005864340,3
T0005864341,2
T0005864342,2
T0005864345,2
T0005864346,2
T0005864347,1
T0005864348,1
T0005864349,2
T0005864350,1
T0005864351,2
T0005864354,2
T0005864357,3
T0005864358,3
T0005864359,1
T0005864364,2
T0005864368,2
T0005864372,3
T0005864374,3
T0005864376,2
T0005864377,2
T0005864381,3
T0005864385,2
T0005864390,1
T0005864394,2
T0005864396,2
T0005864398,2
T0005864399,1
T0005864401,3
T0005864402,2
T0005864406,1
T0005864409,2
T0005864414,2
T0005864417,2
T0005864419,2
T0005864420,2
T0005864421,1
T0005864422,3
T0005864423,2
T0005864425,2
T0005864430,3
T0005864431,3
T0005864441,2
T0005864443,1
T0005864447,1
T0005864454,1
T0005864458,2
T0005864459,2
T0005864460,3
T0005864461,3
T0005864465,2
T0005864466,3
T0005864467,3
T0005864470,3
T0005864471,2
T0005864472,3
T0005864474,2
T0005864476,2
T0005864477,3
T0005864478,2
T0005864485,1
T0005864487,2
T0005864490,1
T0005864496,3
T0005864498,1
T0005864501,1
T0005864506,2
T0005864507,1
T0005864509,3
T0005864512,2
T0005864515,3
T0005864517,2
T0005864518,1
T0005864519,2
T0005864527,3
T0005864529,2
T0005864531,2
T0005864535,2
T0005864537,2
T0005864542,3
T0005864543,2
T0005864545,3
T0005864548,3
T0005864549,1
T0005864550,2
T0005864552,2
T0005864554,2
T0005864556,1
T0005864558,1
T0005864561,2
T0005864562,1
T0005864564,2
T0005864565,3
T0005864566,3
T0005864570,1
T0005864571,3
T0005864572,1
T0005864576,1
T0005864577,2
T0005864578,2
T0005864580,3
T0005864581,1
T0005864583,3
T0005864584,2
T0005864586,3
T0005864591,1
T0005864594,2
T0005864601,3
T0005864602,2
T0005864604,2
T0005864605,2
T0005864609,3
T0005864610,2
T0005864612,3
T0005864616,2
T0005864620,2
T0005864622,1
T0005864623,2
T0005864625,2
T0005864629,1
T0005864632,1
T0005864633,3
T0005864635,2
T0005864637,3
T0005864639,2
T0005864644,2
T0005864645,1
T0005864646,3
T0005864648,2
T0005864651,3
T0005864657,3
T0005864665,1
T0005864669,2
T0005864671,2
T0005864673,2
T0005864676,1
T0005864677,3
T0005864679,3
T0005864681,1
T0005864689,3
T0005864692,2
T0005864693,2
T0005864695,3
T0005864697,2
T0005864700,3
T0005864702,2
T0005864703,2
T0005864704,2
T0005864706,3
T0005864707,3
T0005864709,2
T0005864710,1
T0005864711,3
T0005864713,1
T0005864714,2
T0005864715,2
T0005864717,2
T0005864720,3
T0005864723,2
T0005864724,2
T0005864728,2
T0005864729,1
T0005864730,2
T0005864731,3
T0005864732,3
T0005864735,3
T0005864744,2
T0005864745,2
T0005864753,1
T0005864759,2
T0005864762,1
T0005864764,3
T0005864766,1
T0005864767,1
T0005864769,2
T0005864770,2
T0005864771,3
T0005864772,2
T0005864778,1
T0005864779,3
T0005864782,1
T0005864788,2
T0005864790,3
T0005864792,2
T0005864793,2
T0005864794,3
T0005864798,2
T0005864807,2
T0005864808,2
T0005864810,3
T0005864813,3
T0005864814,2
T0005864815,2
T0005864818,1
T0005864820,3
T0005864821,3
T0005864823,3
T0005864828,3
T0005864831,2
T0005864835,1
T0005864839,3
T0005864841,2
T0005864843,2
T0005864846,3
T0005864848,2
T0005864850,1
T0005864851,2
T0005864855,2
T0005864860,3
T0005864862,3
T0005864864,2
T0005864867,3
T0005864868,3
T0005864872,2
T0005864873,1
T0005864880,3
T0005864881,2
T0005864883,3
T0005864887,2
T0005864889,2
T0005864890,2
T0005864891,1
T0005864893,3
T0005864899,2
T0005864902,2
T0005864909,3
T0005864911,1
T0005864914,3
T0005864915,2
T0005864917,2
T0005864923,2
T0005864924,3
T0005864925,1
T0005864930,3
T0005864940,3
T0005864941,3
T0005864942,3
T0005864946,2
T0005864947,3
T0005864952,3
T0005864957,2
T0005864959,2
T0005864960,3
T0005864962,1
T0005864963,2
T0005864965,2
T0005864968,2
T0005864969,2
T0005864972,2
T0005864974,2
T0005864977,3
T0005864978,2
T0005864979,2
T0005864981,2
T0005864984,3
T0005864987,2
T0005864989,1
T0005864991,3
T0005864992,2
T0005864994,3
T0005864995,1
T0005864996,2
T0005865000,1
T0005865001,3
T0005865002,2
T0005865003,2
T0005865005,2
T0005865006,1
T0005865009,2
T0005865012,2
T0005865015,3
T0005865022,2
T0005865023,2
T0005865029,3
T0005865030,1
T0005865032,2
T0005865042,2
T0005865043,2
T0005865044,1
T0005865045,1
T0005865048,3
T0005865050,3
T0005865054,1
T0005865058,2
T0005865060,2
T0005865061,2
T0005865063,3
T0005865070,3
T0005865071,2
T0005865072,3
T0005865075,2
T0005865077,2
T0005865078,1
T0005865081,2
T0005865085,3
T0005865086,3
T0005865093,2
T0005865094,2
T0005865098,1
T0005865099,3
T0005865101,1
T0005865103,3
T0005865105,2
T0005865106,3
T0005865109,3
T0005865111,3
T0005865112,3
T0005865116,1
T0005865117,3
T0005865119,2
T0005865127,1
T0005865131,2
T0005865136,2
T0005865138,1
T0005865139,3
T0005865140,2
T0005865146,1
T0005865147,2
T0005865151,2
T0005865153,3
T0005865156,2
T0005865157,2
T0005865158,2
T0005865164,1
T0005865166,2
T0005865167,1
T0005865168,1
T0005865174,3
T0005865178,3
T0005865183,3
T0005865185,2
T0005865186,3
T0005865196,2
T0005865199,3
T0005865205,3
T0005865207,2
T0005865208,2
T0005865209,2
T0005865218,1
T0005865220,2
T0005865222,3
T0005865223,2
T0005865224,3
T0005865227,3
T0005865231,1
T0005865232,1
T0005865238,2
T0005865241,2
T0005865242,3
T0005865243,2
T0005865251,3
T0005865252,2
T0005865253,1
T0005865254,2
T0005865258,3
T0005865259,3
T0005865260,2
T0005865263,2
T0005865268,2
T0005865271,3
T0005865273,2
T0005865274,1
T0005865280,1
T0005865282,1
T0005865283,1
T0005865295,2
T0005865296,3
T0005865297,3
T0005865299,2
T0005865301,1
T0005865302,1
T0005865303,3
T0005865309,2
T0005865311,1
T0005865315,2
T0005865320,3
T0005865323,2
T0005865325,2
T0005865329,1
T0005865333,1
T0005865334,1
T0005865338,1
T0005865341,1
T0005865343,2
T0005865344,2
T0005865345,2
T0005865347,2
T0005865351,3
T0005865352,2
T0005865353,2
T0005865356,3
T0005865365,2
T0005865368,3
T0005865369,2
T0005865372,2
T0005865373,3
T0005865374,3
T0005865375,2
T0005865377,2
T0005865381,1
T0005865385,3
T0005865387,1
T0005865390,2
T0005865393,2
T0005865396,2
T0005865402,3
T0005865407,3
T0005865414,2
T0005865415,2
T0005865422,2
T0005865423,3
T0005865427,3
T0005865430,2
T0005865431,2
T0005865432,2
T0005865434,3
T0005865438,1
T0005865439,2
T0005865440,2
T0005865441,1
T0005865443,2
T0005865446,2
T0005865451,3
T0005865452,2
T0005865454,3
T0005865458,2
T0005865460,2
T0005865461,3
T0005865462,3
T0005865463,2
T0005865464,2
T0005865466,2
T0005865467,3
T0005865468,3
T0005865472,3
T0005865474,3
T0005865475,3
T0005865476,3
T0005865481,2
T0005865485,2
T0005865487,2
T0005865488,3
T0005865490,1
T0005865493,3
T0005865499,2
T0005865504,3
T0005865506,2
T0005865508,3
T0005865510,1
T0005865517,3
T0005865521,1
T0005865526,2
T0005865527,1
T0005865529,2
T0005865530,3
T0005865531,3
T0005865532,1
T0005865534,3
T0005865538,1
T0005865539,2
T0005865540,3
T0005865546,2
T0005865547,3
T0005865548,1
T0005865550,1
T0005865552,2
T0005865554,2
T0005865555,1
T0005865556,3
T0005865557,1
T0005865558,2
T0005865561,1
T0005865563,2
T0005865566,3
T0005865567,1
T0005865568,3
T0005865569,2
T0005865572,2
T0005865575,2
T0005865576,2
T0005865577,3
T0005865582,2
T0005865584,1
T0005865585,2
T0005865587,2
T0005865589,3
T0005865592,1
T0005865593,2
T0005865597,1
T0005865599,3
T0005865600,1
T0005865602,3
T0005865605,2
T0005865612,1
T0005865614,1
T0005865616,2
T0005865617,2
T0005865619,2
T0005865620,1
T0005865622,2
T0005865623,2
T0005865624,2
T0005865625,1
T0005865626,2
T0005865631,2
T0005865632,2
T0005865634,1
T0005865639,2
T0005865640,1
T0005865642,2
T0005865643,1
T0005865646,2
T0005865647,1
T0005865648,1
T0005865650,3
T0005865651,2
T0005865653,1
T0005865655,2
T0005865658,1
T0005865659,2
T0005865660,2
T0005865661,2
T0005865663,2
T0005865664,2
T0005865671,2
T0005865672,1
T0005865674,3
T0005865675,3
T0005865679,3
T0005865680,1
T0005865683,1
T0005865684,2
T0005865688,2
T0005865692,3
T0005865695,1
T0005865700,2
T0005865703,2
T0005865704,2
T0005865705,1
T0005865706,3
T0005865709,2
T0005865715,2
T0005865716,3
T0005865718,1
T0005865721,3
T0005865723,2
T0005865728,3
T0005865729,1
T0005865730,3
T0005865731,1
T0005865733,1
T0005865736,3
T0005865743,2
T0005865744,2
T0005865746,3
T0005865747,1
T0005865754,3
T0005865758,2
T0005865760,2
T0005865762,2
T0005865766,2
T0005865767,2
T0005865772,3
T0005865775,2
T0005865777,1
T0005865781,3
T0005865782,1
T0005865785,1
T0005865786,3
T0005865791,2
T0005865792,3
T0005865793,3
T0005865795,2
T0005865796,2
T0005865806,3
T0005865814,1
T0005865816,2
T0005865819,2
T0005865822,2
T0005865823,2
T0005865824,2
T0005865826,2
T0005865828,2
T0005865829,2
T0005865830,3
T0005865831,2
T0005865840,2
T0005865846,3
T0005865847,2
T0005865850,3
T0005865851,2
T0005865854,3
T0005865859,3
T0005865862,3
T0005865864,2
T0005865865,2
T0005865870,2
T0005865873,2
T0005865881,2
T0005865882,2
T0005865884,2
T0005865885,3
T0005865886,3
T0005865887,2
T0005865890,2
T0005865892,3
T0005865896,2
T0005865897,1
T0005865900,3
T0005865901,2
T0005865903,3
T0005865908,3
T0005865918,2
T0005865920,3
T0005865921,2
T0005865922,1
T0005865923,1
T0005865927,3
T0005865929,2
T0005865931,3
T0005865932,2
T0005865935,2
T0005865937,1
T0005865942,1
T0005865943,2
T0005865944,2
T0005865945,2
T0005865948,2
T0005865949,2
T0005865952,1
T0005865955,3
T0005865958,1
T0005865959,3
T0005865960,2
T0005865961,2
T0005865965,2
T0005865967,1
T0005865969,3
T0005865971,3
T0005865972,3
T0005865974,3
T0005865975,2
T0005865977,3
T0005865979,2
T0005865981,2
T0005865982,2
T0005865983,3
T0005865984,2
T0005865985,2
T0005865987,2
T0005865988,1
T0005865989,2
T0005865993,3
T0005865995,3
T0005865996,2
T0005865998,2
T0005865999,2
T0005866005,3
T0005866012,3
T0005866014,2
T0005866015,3
T0005866020,3
T0005866023,1
T0005866025,3
T0005866027,2
T0005866031,2
T0005866033,2
T0005866034,1
T0005866044,3
T0005866047,2
T0005866048,2
T0005866053,3
T0005866057,3
T0005866060,3
T0005866061,2
T0005866062,2
T0005866065,3
T0005866068,2
T0005866069,3
T0005866071,3
T0005866072,2
T0005866076,3
T0005866082,1
T0005866085,2
T0005866086,2
T0005866087,2
T0005866089,3
T0005866096,3
T0005866097,2
T0005866099,2
T0005866100,3
T0005866101,2
T0005866103,3
T0005866104,3
T0005866106,3
T0005866108,1
T0005866116,3
T0005866117,3
T0005866118,2
T0005866120,1
T0005866121,1
T0005866125,2
T0005866133,3
T0005866135,3
T0005866138,2
T0005866141,2
T0005866142,1
T0005866144,2
T0005866145,2
T0005866146,1
T0005866149,3
T0005866150,3
T0005866151,2
T0005866153,1
T0005866156,1
T0005866157,2
T0005866158,1
T0005866159,2
T0005866162,2
T0005866168,3
T0005866169,2
T0005866171,3
T0005866178,2
T0005866180,2
T0005866183,2
T0005866184,2
T0005866185,2
T0005866187,2
T0005866188,2
T0005866191,1
T0005866195,2
T0005866198,1
T0005866199,3
T0005866200,1
T0005866201,2
T0005866203,3
T0005866207,2
T0005866210,3
T0005866212,2
T0005866215,3
T0005866217,2
T0005866219,2
T0005866220,1
T0005866222,2
T0005866234,3
T0005866235,1
T0005866237,1
T0005866242,1
T0005866244,3
T0005866247,3
T0005866250,2
T0005866253,2
T0005866256,3
T0005866257,2
T0005866262,1
T0005866263,1
T0005866264,1
T0005866265,3
T0005866269,2
T0005866271,3
T0005866272,2
T0005866273,1
T0005866276,3
T0005866282,2
T0005866285,2
T0005866286,3
T0005866289,3
T0005866290,1
T0005866292,3
T0005866294,2
T0005866301,3
T0005866308,2
T0005866312,1
T0005866315,1
T0005866316,2
T0005866318,2
T0005866319,1
T0005866320,2
T0005866321,2
T0005866322,2
T0005866326,3
T0005866329,3
T0005866335,2
T0005866336,2
T0005866339,3
T0005866342,3
T0005866344,1
T0005866345,3
T0005866348,2
T0005866349,2
T0005866352,2
T0005866354,2
T0005866357,3
T0005866358,3
T0005866360,1
T0005866361,1
T0005866362,1
T0005866364,2
T0005866365,3
T0005866366,3
T0005866369,3
T0005866373,3
T0005866375,1
T0005866376,3
T0005866378,1
T0005866380,2
T0005866381,2
T0005866382,2
T0005866383,3
T0005866384,2
T0005866385,3
T0005866388,2
T0005866389,2
T0005866396,2
T0005866403,1
T0005866410,2
T0005866414,2
T0005866417,3
T0005866418,3
T0005866420,2
T0005866421,1
T0005866426,2
T0005866430,1
T0005866432,1
T0005866433,3
T0005866439,1
T0005866441,3
T0005866446,2
T0005866448,2
T0005866451,1
T0005866454,2
T0005866455,1
T0005866459,2
T0005866463,2
T0005866470,2
T0005866472,3
T0005866475,3
T0005866476,2
T0005866477,3
T0005866479,2
T0005866483,2
T0005866484,3
T0005866485,3
T0005866487,2
T0005866493,1
T0005866494,2
T0005866496,1
T0005866500,2
T0005866501,2
T0005866503,3
T0005866507,3
T0005866513,3
T0005866515,2
T0005866520,2
T0005866521,2
T0005866526,3
T0005866529,2
T0005866533,3
T0005866534,2
T0005866537,2
T0005866540,3
T0005866541,2
T0005866543,3
T0005866544,3
T0005866546,3
T0005866551,3
T0005866557,2
T0005866559,2
T0005866565,3
T0005866566,2
T0005866569,3
T0005866573,2
T0005866577,2
T0005866581,3
T0005866583,2
T0005866586,1
T0005866588,3
T0005866589,3
T0005866590,2
T0005866592,3
T0005866594,2
T0005866599,3
T0005866600,2
T0005866601,3
T0005866602,1
T0005866605,3
T0005866606,2
T0005866608,1
T0005866611,1
T0005866613,3
T0005866614,2
T0005866626,1
T0005866628,3
T0005866629,1
T0005866630,3
T0005866633,3
T0005866634,3
T0005866635,2
T0005866640,2
T0005866641,2
T0005866642,2
T0005866645,1
T0005866646,3
T0005866651,3
T0005866653,2
T0005866654,2
T0005866656,1
T0005866658,1
T0005866659,2
T0005866662,2
T0005866665,2
T0005866670,2
T0005866672,2
T0005866676,2
T0005866677,2
T0005866688,2
T0005866689,3
T0005866691,1
T0005866693,2
T0005866694,2
T0005866695,2
T0005866698,2
T0005866700,3
T0005866702,1
T0005866705,3
T0005866708,2
T0005866712,2
T0005866715,3
T0005866717,2
T0005866720,3
T0005866726,1
T0005866727,3
T0005866732,1
T0005866740,2
T0005866741,2
T0005866743,2
T0005866744,2
T0005866746,1
T0005866747,3
T0005866749,3
T0005866754,2
T0005866755,2
T0005866756,3
T0005866758,2
T0005866759,2
T0005866760,1
T0005866767,2
T0005866769,3
T0005866772,2
T0005866776,2
T0005866778,3
T0005866781,3
T0005866782,3
T0005866783,3
T0005866786,1
T0005866787,2
T0005866791,3
T0005866792,3
T0005866795,2
T0005866797,3
T0005866798,3
T0005866803,2
T0005866806,2
T0005866807,2
T0005866811,3
T0005866813,2
T0005866815,3
T0005866816,3
T0005866817,2
T0005866820,2
T0005866821,2
T0005866822,3
T0005866826,2
T0005866827,2
T0005866829,1
T0005866836,2
T0005866837,1
T0005866838,2
T0005866839,2
T0005866843,3
T0005866847,3
T0005866849,1
T0005866851,3
T0005866856,3
T0005866857,2
T0005866860,2
T0005866862,3
T0005866864,3
T0005866866,3
T0005866870,2
T0005866872,2
T0005866874,2
T0005866875,2
T0005866877,2
T0005866880,2
T0005866883,2
T0005866884,3
T0005866886,1
T0005866888,2
T0005866892,1
T0005866898,1
T0005866900,3
T0005866901,1
T0005866902,3
T0005866904,3
T0005866906,3
T0005866907,2
T0005866913,3
T0005866915,2
T0005866916,2
T0005866923,2
T0005866924,3
T0005866925,2
T0005866930,2
T0005866931,1
T0005866933,2
T0005866935,2
T0005866936,2
T0005866938,3
T0005866947,1
T0005866948,2
T0005866950,3
T0005866952,2
T0005866953,1
T0005866956,2
T0005866957,3
T0005866962,3
T0005866963,3
T0005866964,3
T0005866965,2
T0005866966,2
T0005866968,1
T0005866970,3
T0005866972,2
T0005866974,3
T0005866978,2
T0005866980,1
T0005866984,2
T0005866985,2
T0005866988,3
T0005866989,2
T0005866990,2
T0005866991,2
T0005866993,3
T0005866995,2
T0005867000,2
T0005867002,2
T0005867008,2
T0005867011,1
T0005867017,2
T0005867018,1
T0005867019,2
T0005867020,2
T0005867022,3
T0005867023,1
T0005867025,3
T0005867026,2
T0005867028,2
T0005867029,2
T0005867030,3
T0005867031,2
T0005867033,1
T0005867035,3
T0005867036,1
T0005867037,2
T0005867041,1
T0005867043,2
T0005867044,2
T0005867045,1
T0005867047,1
T0005867049,2
T0005867051,1
T0005867052,1
T0005867055,2
T0005867063,3
T0005867064,1
T0005867065,3
T0005867067,3
T0005867069,1
T0005867072,2
T0005867074,3
T0005867075,2
T0005867076,1
T0005867078,1
T0005867079,2
T0005867082,2
T0005867083,2
T0005867085,2
T0005867086,1
T0005867087,3
T0005867097,2
T0005867098,3
T0005867100,2
T0005867101,2
T0005867102,2
T0005867103,3
T0005867104,2
T0005867105,2
T0005867107,2
T0005867109,2
T0005867110,2
T0005867113,1
T0005867114,3
T0005867119,2
T0005867120,3
T0005867128,2
T0005867130,2
T0005867132,3
T0005867139,2
T0005867142,2
T0005867147,3
T0005867149,3
T0005867154,1
T0005867157,3
T0005867158,2
T0005867160,2
T0005867161,2
T0005867162,3
T0005867163,2
T0005867166,2
T0005867167,2
T0005867169,2
T0005867171,2
T0005867173,2
T0005867184,3
T0005867185,3
T0005867186,1
T0005867187,3
T0005867190,2
T0005867191,1
T0005867195,2
T0005867197,1
T0005867199,3
T0005867200,1
T0005867204,3
T0005867205,2
T0005867207,2
T0005867209,3
T0005867210,3
T0005867212,2
T0005867213,3
T0005867215,2
T0005867219,3
T0005867221,2
T0005867222,1
T0005867223,2
T0005867226,2
T0005867229,3
T0005867232,3
T0005867234,2
T0005867235,3
T0005867236,2
T0005867238,3
T0005867242,2
T0005867247,1
T0005867249,2
T0005867250,1
T0005867255,3
T0005867258,1
T0005867259,2
T0005867260,3
T0005867262,3
T0005867263,1
T0005867269,2
T0005867270,2
T0005867271,2
T0005867277,3
T0005867281,1
T0005867287,2
T0005867290,1
T0005867294,2
T0005867295,3
T0005867298,3
T0005867299,3
T0005867301,1
T0005867302,2
T0005867303,3
T0005867304,3
T0005867310,3
T0005867311,2
T0005867312,2
T0005867313,2
T0005867314,2
T0005867318,3
T0005867321,2
T0005867322,2
T0005867323,1
T0005867325,3
T0005867327,1
T0005867328,1
T0005867329,3
T0005867330,1
T0005867332,2
T0005867333,2
T0005867334,2
T0005867337,2
T0005867338,3
T0005867343,3
T0005867345,3
T0005867347,2
T0005867354,3
T0005867357,1
T0005867359,2
T0005867362,1
T0005867368,3
T0005867371,3
T0005867372,3
T0005867374,1
T0005867375,3
T0005867376,3
T0005867378,3
T0005867380,2
T0005867381,1
T0005867383,2
T0005867390,2
T0005867391,2
T0005867394,1
T0005867397,2
T0005867398,2
T0005867404,3
T0005867407,2
T0005867408,1
T0005867411,2
T0005867413,2
T0005867414,1
T0005867420,3
T0005867423,3
T0005867424,2
T0005867425,3
T0005867429,1
T0005867436,3
T0005867440,2
T0005867441,2
T0005867444,2
T0005867446,3
T0005867447,1
T0005867449,2
T0005867450,2
T0005867454,2
T0005867455,2
T0005867456,3
T0005867461,1
T0005867465,3
T0005867469,2
T0005867471,3
T0005867472,2
T0005867473,2
T0005867476,3
T0005867480,3
T0005867482,2
T0005867483,2
T0005867487,3
T0005867488,1
T0005867489,2
T0005867490,2
T0005867493,2
T0005867494,2
T0005867499,3
T0005867500,2
T0005867506,2
T0005867509,3
T0005867510,3
T0005867511,3
T0005867516,1
T0005867525,1
T0005867529,3
T0005867530,1
T0005867531,2
T0005867533,2
T0005867534,3
T0005867539,1
T0005867540,2
T0005867542,1
T0005867544,2
T0005867545,1
T0005867546,2
T0005867549,2
T0005867552,3
T0005867554,1
T0005867555,3
T0005867560,2
T0005867568,1
T0005867570,1
T0005867571,2
T0005867574,2
T0005867575,1
T0005867577,2
T0005867581,1
T0005867585,1
T0005867586,2
T0005867587,2
T0005867588,1
T0005867589,2
T0005867600,3
T0005867603,3
T0005867608,2
T0005867612,1
T0005867620,2
T0005867623,2
T0005867624,2
T0005867628,3
T0005867630,2
T0005867632,3
T0005867633,2
T0005867635,1
T0005867637,3
T0005867638,2
T0005867639,2
T0005867640,2
T0005867643,1
T0005867644,3
T0005867645,2
T0005867647,1
T0005867648,2
T0005867651,1
T0005867653,2
T0005867654,3
T0005867665,3
T0005867666,2
T0005867667,2
T0005867669,2
T0005867670,3
T0005867673,2
T0005867674,1
T0005867675,3
T0005867680,2
T0005867685,2
T0005867689,1
T0005867691,2
T0005867696,1
T0005867697,2
T0005867699,2
T0005867700,2
T0005867705,3
T0005867707,1
T0005867708,3
T0005867709,2
T0005867710,2
T0005867713,2
T0005867718,2
T0005867720,2
T0005867721,2
T0005867723,3
T0005867727,2
T0005867732,2
T0005867737,1
T0005867738,1
T0005867743,1
T0005867746,3
T0005867754,1
T0005867755,2
T0005867759,2
T0005867760,3
T0005867763,2
T0005867766,1
T0005867768,2
T0005867770,3
T0005867773,3
T0005867775,2
T0005867776,3
T0005867778,2
T0005867781,2
T0005867785,2
T0005867787,2
T0005867788,3
T0005867789,3
T0005867790,2
T0005867792,2
T0005867796,2
T0005867799,2
T0005867801,1
T0005867804,3
T0005867805,1
T0005867806,3
T0005867812,2
T0005867813,1
T0005867815,1
T0005867818,2
T0005867822,2
T0005867824,1
T0005867825,3
T0005867828,3
T0005867830,2
T0005867831,3
T0005867833,2
T0005867834,2
T0005867838,3
T0005867841,1
T0005867845,3
T0005867846,2
T0005867850,2
T0005867851,3
T0005867854,2
T0005867866,2
T0005867870,3
T0005867872,3
T0005867874,3
T0005867876,2
T0005867881,3
T0005867882,2
T0005867886,3
T0005867887,2
T0005867892,3
T0005867896,2
T0005867897,1
T0005867901,2
T0005867905,2
T0005867907,2
T0005867908,3
T0005867909,2
T0005867911,2
T0005867915,2
T0005867918,3
T0005867920,3
T0005867924,2
T0005867925,2
T0005867929,1
T0005867930,2
T0005867931,3
T0005867932,1
T0005867933,3
T0005867934,3
T0005867935,2
T0005867938,3
T0005867941,2
T0005867942,1
T0005867947,2
T0005867948,2
T0005867950,1
T0005867954,3
T0005867957,2
T0005867959,2
T0005867961,1
T0005867962,1
T0005867963,3
T0005867964,3
T0005867965,3
T0005867966,2
T0005867967,3
T0005867968,2
T0005867971,2
T0005867973,3
T0005867981,3
T0005867984,2
T0005867988,1
T0005867993,2
T0005867994,2
T0005867996,3
T0005868001,2
T0005868003,2
T0005868005,3
T0005868006,3
T0005868009,2
T0005868010,2
T0005868011,2
T0005868014,2
T0005868016,2
T0005868017,3
T0005868023,2
T0005868024,3
T0005868030,3
T0005868032,2
T0005868033,1
T0005868036,2
T0005868037,3
T0005868039,3
T0005868041,3
T0005868042,2
T0005868046,1
T0005868048,3
T0005868049,2
T0005868056,2
T0005868057,2
T0005868060,1
T0005868062,2
T0005868063,2
T0005868068,2
T0005868069,2
T0005868070,3
T0005868074,2
T0005868080,1
T0005868081,1
T0005868082,2
T0005868085,2
T0005868086,1
T0005868089,2
T0005868095,3
T0005868098,3
T0005868100,3
T0005868101,1
T0005868103,1
T0005868104,3
T0005868107,1
T0005868108,3
T0005868110,2
T0005868112,2
T0005868113,1
T0005868121,3
T0005868122,2
T0005868124,3
T0005868127,2
T0005868132,2
T0005868136,1
T0005868137,3
T0005868141,3
T0005868144,1
T0005868146,2
T0005868147,3
T0005868149,3
T0005868155,2
T0005868156,3
T0005868158,2
T0005868159,1
T0005868163,2
T0005868164,1
T0005868165,2
T0005868166,2
T0005868167,2
T0005868169,2
T0005868173,2
T0005868174,2
T0005868178,3
T0005868179,2
T0005868186,1
T0005868187,3
T0005868189,3
T0005868190,2
T0005868196,1
T0005868201,3
T0005868202,1
T0005868205,1
T0005868208,3
T0005868209,2
T0005868210,2
T0005868211,2
T0005868212,3
T0005868213,3
T0005868221,2
T0005868223,2
T0005868224,2
T0005868225,2
T0005868228,3
T0005868231,3
T0005868232,1
T0005868234,2
T0005868235,2
T0005868236,2
T0005868238,2
T0005868241,2
T0005868243,2
T0005868244,1
T0005868246,2
T0005868248,2
T0005868250,1
T0005868255,2
T0005868256,1
T0005868257,3
T0005868260,3
T0005868261,1
T0005868265,1
T0005868269,2
T0005868270,1
T0005868276,1
T0005868278,3
T0005868280,2
T0005868284,3
T0005868300,2
T0005868305,1
T0005868308,2
T0005868311,2
T0005868312,1
T0005868313,3
T0005868322,1
T0005868323,3
T0005868325,3
T0005868328,3
T0005868333,3
T0005868334,2
T0005868337,3
T0005868339,3
T0005868346,3
T0005868347,1
T0005868349,3
T0005868350,3
T0005868352,3
T0005868359,3
T0005868362,3
T0005868364,3
T0005868365,3
T0005868368,1
T0005868369,1
T0005868372,2
T0005868374,2
T0005868375,2
T0005868377,3
T0005868382,2
T0005868384,1
T0005868385,3
T0005868386,3
T0005868387,2
T0005868388,2
T0005868391,3
T0005868392,2
T0005868393,2
T0005868395,3
T0005868400,1
T0005868401,2
T0005868403,2
T0005868412,2
T0005868416,3
T0005868417,2
T0005868418,2
T0005868419,2
T0005868424,3
T0005868425,1
T0005868431,2
T0005868432,3
T0005868435,1
T0005868440,2
T0005868441,1
T0005868445,3
T0005868446,2
T0005868447,1
T0005868453,2
T0005868455,2
T0005868457,2
T0005868460,2
T0005868461,2
T0005868463,3
T0005868466,2
T0005868469,2
T0005868477,2
T0005868478,2
T0005868481,3
T0005868482,2
T0005868486,2
T0005868489,2
T0005868490,3
T0005868491,1
T0005868492,2
T0005868497,2
T0005868500,3
T0005868502,1
T0005868506,3
T0005868509,2
T0005868512,2
T0005868514,2
T0005868518,3
T0005868519,1
T0005868520,2
T0005868528,3
T0005868529,2
T0005868530,2
T0005868531,3
T0005868532,2
T0005868534,3
T0005868535,1
T0005868536,2
T0005868537,2
T0005868538,2
T0005868546,1
T0005868549,3
T0005868550,2
T0005868552,3
T0005868554,1
T0005868557,2
T0005868561,3
T0005868563,3
T0005868566,3
T0005868569,2
T0005868570,3
T0005868573,1
T0005868574,3
T0005868576,2
T0005868578,2
T0005868579,1
T0005868581,2
T0005868583,1
T0005868584,2
T0005868585,2
T0005868586,2
T0005868591,1
T0005868595,1
T0005868596,2
T0005868598,1
T0005868599,3
T0005868600,2
T0005868604,2
T0005868605,2
T0005868610,2
T0005868619,2
T0005868621,3
T0005868626,2
T0005868627,2
T0005868636,2
T0005868640,3
T0005868641,2
T0005868644,2
T0005868646,2
T0005868648,2
T0005868650,2
T0005868651,1
T0005868652,3
T0005868655,2
T0005868657,2
T0005868661,2
T0005868669,2
T0005868670,2
T0005868671,2
T0005868672,3
T0005868673,2
T0005868674,3
T0005868675,1
T0005868679,2
T0005868680,3
T0005868681,2
T0005868686,2
T0005868688,3
T0005868690,3
T0005868693,2
T0005868696,1
T0005868697,3
T0005868699,1
T0005868700,1
T0005868701,2
T0005868704,2
T0005868705,2
T0005868708,2
T0005868711,2
T0005868712,3
T0005868713,3
T0005868714,1
T0005868715,2
T0005868722,2
T0005868725,1
T0005868726,2
T0005868727,2
T0005868729,2
T0005868732,2
T0005868733,2
T0005868747,2
T0005868748,2
T0005868750,1
T0005868754,3
T0005868756,1
T0005868758,3
T0005868760,3
T0005868769,2
T0005868770,3
T0005868772,2
T0005868774,2
T0005868775,1
T0005868776,1
T0005868779,2
T0005868780,3
T0005868781,2
T0005868782,2
T0005868783,3
T0005868785,1
T0005868792,3
T0005868796,1
T0005868799,2
T0005868800,3
T0005868801,3
T0005868806,3
T0005868811,2
T0005868813,2
T0005868817,2
T0005868818,1
T0005868819,2
T0005868820,2
T0005868821,2
T0005868823,1
T0005868826,2
T0005868829,2
T0005868832,2
T0005868833,2
T0005868834,1
T0005868835,2
T0005868838,1
T0005868840,2
T0005868845,2
T0005868846,1
T0005868850,3
T0005868851,2
T0005868856,3
T0005868858,2
T0005868861,1
T0005868863,1
T0005868864,2
T0005868866,1
T0005868869,1
T0005868871,3
T0005868876,3
T0005868879,3
T0005868882,2
T0005868884,1
T0005868885,2
T0005868886,2
T0005868888,2
T0005868889,2
T0005868891,2
T0005868897,3
T0005868903,1
T0005868904,2
T0005868907,1
T0005868909,1
T0005868912,2
T0005868915,3
T0005868917,2
T0005868920,1
T0005868922,2
T0005868923,2
T0005868924,2
T0005868926,1
T0005868927,2
T0005868931,1
T0005868932,2
T0005868933,2
T0005868935,1
T0005868942,2
T0005868946,3
T0005868948,3
T0005868949,2
T0005868950,3
T0005868958,2
T0005868959,2
T0005868964,3
T0005868966,2
T0005868967,2
T0005868968,2
T0005868969,2
T0005868970,2
T0005868972,3
T0005868977,2
T0005868979,2
T0005868980,3
T0005868985,3
T0005868988,2
T0005868990,2
T0005868991,2
T0005869004,2
T0005869006,3
T0005869008,2
T0005869010,2
T0005869011,1
T0005869012,3
T0005869013,2
T0005869016,3
T0005869020,1
T0005869021,2
T0005869023,2
T0005869024,2
T0005869027,3
T0005869029,3
T0005869032,1
T0005869035,2
T0005869036,2
T0005869037,2
T0005869038,1
T0005869040,3
T0005869042,2
T0005869044,2
T0005869045,3
T0005869050,3
T0005869052,3
T0005869053,3
T0005869057,1
T0005869062,3
T0005869064,1
T0005869065,2
T0005869066,3
T0005869070,2
T0005869073,2
T0005869076,1
T0005869077,3
T0005869081,2
T0005869084,2
T0005869088,1
T0005869089,2
T0005869090,2
T0005869096,1
T0005869099,3
T0005869101,2
T0005869102,3
T0005869105,2
T0005869106,1
T0005869108,2
T0005869109,2
T0005869115,2
T0005869120,3
T0005869123,1
T0005869124,3
T0005869125,2
T0005869126,1
T0005869127,1
T0005869129,1
T0005869133,2
T0005869134,1
T0005869135,1
T0005869136,2
T0005869141,1
T0005869142,2
T0005869143,2
T0005869144,2
T0005869145,3
T0005869148,1
T0005869149,1
T0005869154,2
T0005869156,3
T0005869158,2
T0005869159,3
T0005869160,3
T0005869163,2
T0005869165,2
T0005869166,2
T0005869167,2
T0005869168,2
T0005869169,2
T0005869176,3
T0005869177,2
T0005869180,2
T0005869181,2
T0005869183,2
T0005869184,2
T0005869185,3
T0005869194,3
T0005869197,3
T0005869198,2
T0005869201,3
T0005869206,2
T0005869210,2
T0005869211,2
T0005869212,1
T0005869213,2
T0005869215,3
T0005869217,3
T0005869223,1
T0005869225,3
T0005869230,2
T0005869231,2
T0005869234,2
T0005869235,3
T0005869236,2
T0005869238,2
T0005869240,3
T0005869243,1
T0005869245,2
T0005869248,2
T0005869251,2
T0005869253,1
T0005869254,1
T0005869257,3
T0005869258,1
T0005869261,3
T0005869262,2
T0005869263,2
T0005869264,1
T0005869265,3
T0005869271,2
T0005869275,2
T0005869277,2
T0005869280,3
T0005869281,2
T0005869282,2
T0005869285,2
T0005869288,2
T0005869289,2
T0005869290,2
T0005869291,3
T0005869292,1
T0005869293,2
T0005869296,2
T0005869297,2
T0005869300,1
T0005869303,2
T0005869305,1
T0005869310,2
T0005869314,2
T0005869317,2
T0005869318,3
T0005869319,1
T0005869320,2
T0005869321,2
T0005869323,2
T0005869324,3
T0005869328,2
T0005869329,3
T0005869334,3
T0005869337,3
T0005869340,2
T0005869341,1
T0005869342,2
T0005869347,1
T0005869349,3
T0005869351,2
T0005869357,3
T0005869360,2
T0005869365,3
T0005869366,3
T0005869367,1
T0005869370,2
T0005869380,2
T0005869381,2
T0005869382,2
T0005869385,2
T0005869387,3
T0005869390,2
T0005869392,1
T0005869393,2
T0005869397,3
T0005869398,1
T0005869405,3
T0005869408,3
T0005869409,2
T0005869412,1
T0005869415,1
T0005869423,3
T0005869428,3
T0005869429,2
T0005869431,3
T0005869432,2
T0005869433,3
T0005869439,1
T0005869442,1
T0005869443,2
T0005869444,3
T0005869446,1
T0005869448,2
T0005869449,1
T0005869454,2
T0005869465,2
T0005869467,1
T0005869470,3
T0005869471,2
T0005869472,2
T0005869473,2
T0005869474,1
T0005869475,2
T0005869478,2
T0005869479,2
T0005869485,2
T0005869486,2
T0005869490,1
T0005869492,3
T0005869499,3
T0005869500,2
T0005869503,1
T0005869504,2
T0005869505,1
T0005869507,1
T0005869508,2
T0005869509,3
T0005869510,3
T0005869513,3
T0005869514,2
T0005869516,1
T0005869517,2
T0005869518,2
T0005869520,3
T0005869521,1
T0005869523,3
T0005869524,2
T0005869525,1
T0005869528,3
T0005869533,3
T0005869538,2
T0005869541,2
T0005869542,1
T0005869547,1
T0005869548,3
T0005869550,2
T0005869551,3
T0005869556,2
T0005869559,3
T0005869560,1
T0005869566,3
T0005869567,2
T0005869569,1
T0005869570,1
T0005869574,1
T0005869575,3
T0005869577,2
T0005869579,3
T0005869586,1
T0005869587,3
T0005869588,3
T0005869589,1
T0005869590,3
T0005869592,2
T0005869596,1
T0005869597,2
T0005869598,1
T0005869601,2
T0005869603,2
T0005869604,1
T0005869606,3
T0005869607,2
T0005869609,2
T0005869611,2
T0005869621,3
T0005869624,2
T0005869627,2
T0005869628,3
T0005869629,3
T0005869630,2
T0005869634,2
T0005869637,2
T0005869639,2
T0005869643,2
T0005869646,2
T0005869651,2
T0005869653,2
T0005869655,2
T0005869656,2
T0005869657,2
T0005869659,3
T0005869667,3
T0005869668,2
T0005869669,2
T0005869671,2
T0005869673,3
T0005869677,1
T0005869678,2
T0005869679,2
T0005869686,2
T0005869688,2
T0005869689,2
T0005869690,2
T0005869695,1
T0005869699,3
T0005869700,3
T0005869710,2
T0005869711,2
T0005869718,3
T0005869723,3
T0005869724,2
T0005869732,3
T0005869735,2
T0005869738,1
T0005869739,1
T0005869740,2
T0005869741,2
T0005869743,1
T0005869746,3
T0005869750,2
T0005869755,2
T0005869756,1
T0005869769,2
T0005869779,1
T0005869781,2
T0005869782,1
T0005869785,2
T0005869788,1
T0005869789,3
T0005869790,2
T0005869791,2
T0005869794,3
T0005869798,2
T0005869801,3
T0005869802,2
T0005869805,1
T0005869811,2
T0005869814,1
T0005869815,2
T0005869818,3
T0005869823,2
T0005869825,2
T0005869827,1
T0005869828,2
T0005869830,3
T0005869832,2
T0005869833,3
T0005869834,2
T0005869836,2
T0005869837,1
T0005869838,3
T0005869840,3
T0005869841,2
T0005869842,2
T0005869843,3
T0005869847,2
T0005869848,2
T0005869850,2
T0005869854,2
T0005869855,3
T0005869861,1
T0005869863,3
T0005869864,2
T0005869865,2
T0005869867,2
T0005869871,1
T0005869872,1
T0005869874,2
T0005869877,3
T0005869879,3
T0005869882,1
T0005869883,1
T0005869890,3
T0005869896,2
T0005869897,3
T0005869898,3
T0005869899,2
T0005869902,3
T0005869905,3
T0005869907,2
T0005869910,2
T0005869915,3
T0005869917,3
T0005869918,3
T0005869919,3
T0005869921,1
T0005869922,3
T0005869925,1
T0005869928,2
T0005869929,2
T0005869931,3
T0005869933,2
T0005869940,2
T0005869941,3
T0005869942,2
T0005869946,3
T0005869948,3
T0005869949,2
T0005869950,3
T0005869952,2
T0005869953,2
T0005869954,3
T0005869955,2
T0005869957,2
T0005869961,2
T0005869962,2
T0005869963,1
T0005869970,1
T0005869971,2
T0005869980,3
T0005869981,1
T0005869985,2
T0005869987,2
T0005869990,3
T0005869992,3
T0005869995,2
T0005870005,3
T0005870010,2
T0005870011,3
T0005870012,1
T0005870016,2
T0005870017,2
T0005870021,1
T0005870024,3
T0005870025,3
T0005870027,3
T0005870029,1
T0005870032,3
T0005870033,3
T0005870036,3
T0005870037,1
T0005870038,1
T0005870043,3
T0005870044,3
T0005870047,1
T0005870053,3
T0005870059,1
T0005870065,3
T0005870067,1
T0005870068,2
T0005870069,2
T0005870070,1
T0005870072,2
T0005870074,3
T0005870075,1
T0005870080,3
T0005870090,3
T0005870091,2
T0005870093,2
T0005870098,2
T0005870102,3
T0005870105,2
T0005870106,2
T0005870107,1
T0005870108,1
T0005870110,2
T0005870113,2
T0005870115,2
T0005870116,2
T0005870117,2
T0005870118,1
T0005870121,1
T0005870125,2
T0005870126,1
T0005870127,3
T0005870130,2
T0005870132,1
T0005870133,2
T0005870135,3
T0005870136,3
T0005870139,3
T0005870140,3
T0005870141,1
T0005870143,2
T0005870147,2
T0005870148,2
T0005870151,2
T0005870154,2
T0005870155,2
T0005870160,2
T0005870162,2
T0005870164,2
T0005870167,3
T0005870168,2
T0005870170,3
T0005870171,3
T0005870172,2
T0005870174,1
T0005870178,1
T0005870180,1
T0005870184,2
T0005870185,3
T0005870187,2
T0005870188,2
T0005870189,3
T0005870190,1
T0005870191,2
T0005870192,3
T0005870196,3
T0005870199,2
T0005870205,2
T0005870206,2
T0005870209,3
T0005870211,2
T0005870215,1
T0005870218,2
T0005870219,1
T0005870220,2
T0005870224,2
T0005870230,1
T0005870231,3
T0005870232,2
T0005870234,3
T0005870237,3
T0005870249,1
T0005870253,2
T0005870255,1
T0005870256,2
T0005870257,1
T0005870261,2
T0005870266,2
T0005870267,3
T0005870274,2
T0005870276,1
T0005870278,3
T0005870279,3
T0005870281,3
T0005870282,2
T0005870285,2
T0005870290,2
T0005870291,2
T0005870294,2
T0005870295,1
T0005870299,3
T0005870300,2
T0005870302,2
T0005870303,3
T0005870304,2
T0005870305,3
T0005870306,2
T0005870307,1
T0005870308,2
T0005870310,3
T0005870312,2
T0005870313,2
T0005870314,2
T0005870319,1
T0005870321,1
T0005870326,1
T0005870331,1
T0005870332,2
T0005870334,3
T0005870335,2
T0005870343,2
T0005870346,3
T0005870347,2
T0005870348,1
T0005870349,3
T0005870351,3
T0005870358,3
T0005870361,2
T0005870362,1
T0005870364,2
T0005870370,2
T0005870376,2
T0005870377,2
T0005870378,1
T0005870379,1
T0005870380,2
T0005870382,1
T0005870384,2
T0005870385,3
T0005870386,2
T0005870393,2
T0005870396,2
T0005870397,3
T0005870399,2
T0005870403,3
T0005870410,3
T0005870411,3
T0005870412,1
T0005870415,2
T0005870419,3
T0005870422,2
T0005870423,2
T0005870428,1
T0005870430,2
T0005870431,3
T0005870433,1
T0005870436,1
T0005870437,3
T0005870443,3
T0005870449,3
T0005870452,2
T0005870455,1
T0005870456,2
T0005870458,3
T0005870461,2
T0005870467,2
T0005870469,3
T0005870472,2
T0005870475,2
T0005870476,3
T0005870477,3
T0005870478,2
T0005870479,3
T0005870483,3
T0005870485,2
T0005870486,2
T0005870490,2
T0005870491,2
T0005870492,2
T0005870495,3
T0005870499,2
T0005870503,3
T0005870511,2
T0005870512,2
T0005870513,2
T0005870515,3
T0005870518,1
T0005870520,2
T0005870522,3
T0005870527,2
T0005870529,3
T0005870533,2
T0005870537,2
T0005870538,2
T0005870539,2
T0005870541,3
T0005870542,2
T0005870543,2
T0005870544,1
T0005870546,2
T0005870549,2
T0005870550,1
T0005870551,2
T0005870552,1
T0005870555,2
T0005870556,3
T0005870561,2
T0005870562,2
T0005870564,1
T0005870566,2
T0005870569,3
T0005870570,2
T0005870571,1
T0005870575,2
T0005870577,2
T0005870583,2
T0005870584,2
T0005870585,3
T0005870586,2
T0005870590,2
T0005870593,3
T0005870598,2
T0005870600,3
T0005870601,2
T0005870604,3
T0005870606,3
T0005870607,2
T0005870613,2
T0005870615,1
T0005870617,2
T0005870620,1
T0005870621,2
T0005870625,1
T0005870627,3
T0005870631,2
T0005870635,2
T0005870636,2
T0005870642,3
T0005870644,2
T0005870646,3
T0005870647,2
T0005870648,2
T0005870651,2
T0005870656,1
T0005870658,3
T0005870660,2
T0005870662,2
T0005870665,3
T0005870670,3
T0005870677,2
T0005870679,2
T0005870681,3
T0005870683,2
T0005870687,3
T0005870689,3
T0005870690,2
T0005870694,2
T0005870695,1
T0005870699,3
T0005870708,2
T0005870709,1
T0005870710,2
T0005870711,1
T0005870714,2
T0005870715,2
T0005870716,1
T0005870717,2
T0005870719,3
T0005870721,2
T0005870724,2
T0005870725,2
T0005870727,2
T0005870728,2
T0005870732,3
T0005870734,1
T0005870735,2
T0005870736,2
T0005870739,2
T0005870740,2
T0005870742,3
T0005870747,2
T0005870750,1
T0005870755,3
T0005870756,2
T0005870757,2
T0005870762,2
T0005870766,1
T0005870774,3
T0005870775,2
T0005870780,1
T0005870782,3
T0005870784,3
T0005870789,2
T0005870790,1
T0005870791,1
T0005870792,3
T0005870795,3
T0005870800,2
T0005870804,2
T0005870805,1
T0005870807,2
T0005870808,2
T0005870815,2
T0005870817,2
T0005870819,3
T0005870821,1
T0005870825,2
T0005870830,3
T0005870832,3
T0005870835,1
T0005870839,3
T0005870841,1
T0005870843,2
T0005870844,2
T0005870846,1
T0005870854,2
T0005870857,3
T0005870858,2
T0005870859,1
T0005870860,2
T0005870861,3
T0005870863,1
T0005870864,3
T0005870865,2
T0005870867,2
T0005870868,2
T0005870874,2
T0005870880,2
T0005870889,2
T0005870895,3
T0005870899,2
T0005870900,2
T0005870907,2
T0005870908,2
T0005870909,2
T0005870911,2
T0005870915,2
T0005870917,1
T0005870918,3
T0005870920,1
T0005870921,3
T0005870922,2
T0005870923,2
T0005870924,1
T0005870927,2
T0005870931,3
T0005870933,3
T0005870942,3
T0005870943,2
T0005870944,3
T0005870946,2
T0005870947,1
T0005870949,2
T0005870950,3
T0005870951,2
T0005870952,1
T0005870967,2
T0005870970,3
T0005870972,2
T0005870975,2
T0005870976,3
T0005870982,2
T0005870984,2
T0005870987,2
T0005870989,2
T0005870990,2
T0005870991,2
T0005870992,3
T0005870995,2
T0005870997,3
T0005871000,2
T0005871006,3
T0005871007,2
T0005871010,3
T0005871011,1
T0005871012,2
T0005871013,2
T0005871019,1
T0005871020,1
T0005871023,2
T0005871025,3
T0005871027,2
T0005871028,3
T0005871031,2
T0005871035,3
T0005871036,2
T0005871037,2
T0005871039,3
T0005871042,2
T0005871045,2
T0005871046,2
T0005871047,3
T0005871048,2
T0005871049,3
T0005871052,1
T0005871054,2
T0005871059,2
T0005871061,3
T0005871062,2
T0005871065,2
T0005871066,2
T0005871068,2
T0005871069,3
T0005871070,3
T0005871073,3
T0005871076,2
T0005871081,3
T0005871084,3
T0005871086,3
T0005871088,3
T0005871089,3
T0005871091,2
T0005871092,3
T0005871094,2
T0005871096,1
T0005871097,2
T0005871100,2
T0005871108,2
T0005871109,2
T0005871113,2
T0005871118,2
T0005871120,2
T0005871123,3
T0005871128,3
T0005871129,3
T0005871130,2
T0005871131,2
T0005871134,2
T0005871136,3
T0005871137,3
T0005871138,3
T0005871139,3
T0005871142,1
T0005871144,3
T0005871147,2
T0005871148,2
T0005871153,3
T0005871154,2
T0005871158,3
T0005871161,3
T0005871162,1
T0005871164,3
T0005871165,2
T0005871167,2
T0005871169,3
T0005871171,1
T0005871175,3
T0005871176,1
T0005871178,1
T0005871181,3
T0005871185,3
T0005871186,2
T0005871187,2
T0005871188,2
T0005871189,2
T0005871190,1
T0005871191,1
T0005871192,1
T0005871194,2
T0005871196,2
T0005871198,3
T0005871201,2
T0005871202,2
T0005871206,3
T0005871207,1
T0005871212,3
T0005871215,2
T0005871217,1
T0005871218,1
T0005871221,3
T0005871223,3
T0005871228,2
T0005871233,1
T0005871237,2
T0005871241,1
T0005871243,3
T0005871246,1
T0005871253,2
T0005871255,2
T0005871260,2
T0005871261,3
T0005871264,2
T0005871269,2
T0005871272,2
T0005871276,2
T0005871279,2
T0005871280,3
T0005871284,2
T0005871285,2
T0005871286,2
T0005871287,2
T0005871288,2
T0005871290,3
T0005871291,2
T0005871295,3
T0005871300,1
T0005871301,2
T0005871309,1
T0005871310,3
T0005871313,1
T0005871322,2
T0005871324,1
T0005871327,1
T0005871328,2
T0005871332,3
T0005871339,3
T0005871341,2
T0005871343,2
T0005871349,3
T0005871351,2
T0005871354,2
T0005871359,2
T0005871360,3
T0005871361,1
T0005871364,1
T0005871367,2
T0005871368,3
T0005871369,2
T0005871371,3
T0005871381,2
T0005871382,1
T0005871384,3
T0005871385,2
T0005871387,3
T0005871390,2
T0005871391,3
T0005871393,3
T0005871396,3
T0005871397,2
T0005871399,3
T0005871407,1
T0005871412,2
T0005871414,2
T0005871426,3
T0005871427,2
T0005871428,1
T0005871431,2
T0005871432,3
T0005871434,3
T0005871437,3
T0005871441,3
T0005871447,3
T0005871449,3
T0005871452,3
T0005871453,1
T0005871454,3
T0005871456,2
T0005871458,3
T0005871459,1
T0005871460,1
T0005871464,2
T0005871466,2
T0005871470,2
T0005871471,2
T0005871486,2
T0005871488,3
T0005871495,3
T0005871496,2
T0005871497,2
T0005871498,2
T0005871499,2
T0005871500,3
T0005871504,1
T0005871505,1
T0005871506,3
T0005871507,3
T0005871510,3
T0005871511,3
T0005871512,3
T0005871514,2
T0005871515,3
T0005871517,2
T0005871518,1
T0005871519,2
T0005871520,3
T0005871525,1
T0005871526,2
T0005871527,2
T0005871528,3
T0005871533,2
T0005871535,2
T0005871540,2
T0005871541,2
T0005871542,2
T0005871545,2
T0005871548,2
T0005871550,2
T0005871552,3
T0005871555,3
T0005871557,1
T0005871559,2
T0005871565,1
T0005871566,3
T0005871570,2
T0005871572,2
T0005871574,3
T0005871576,1
T0005871580,3
T0005871584,2
T0005871586,2
T0005871587,2
T0005871590,2
T0005871596,2
T0005871597,2
T0005871600,3
T0005871601,3
T0005871602,2
T0005871610,2
T0005871614,1
T0005871617,2
T0005871618,2
T0005871620,2
T0005871622,1
T0005871623,3
T0005871625,3
T0005871626,2
T0005871632,3
T0005871635,3
T0005871636,1
T0005871638,2
T0005871639,2
T0005871640,2
T0005871641,2
T0005871642,2
T0005871644,2
T0005871645,3
T0005871647,3
T0005871648,2
T0005871649,2
T0005871653,1
T0005871655,3
T0005871660,1
T0005871663,3
T0005871665,2
T0005871666,3
T0005871675,1
T0005871677,2
T0005871679,1
T0005871683,2
T0005871684,1
T0005871687,2
T0005871689,3
T0005871692,1
T0005871693,3
T0005871698,2
T0005871700,2
T0005871702,3
T0005871703,3
T0005871704,3
T0005871708,2
T0005871710,2
T0005871711,2
T0005871719,3
T0005871720,3
T0005871721,3
T0005871722,2
T0005871723,3
T0005871724,1
T0005871727,3
T0005871731,1
T0005871741,2
T0005871742,3
T0005871745,3
T0005871747,3
T0005871749,2
T0005871750,3
T0005871751,2
T0005871752,2
T0005871753,2
T0005871755,3
T0005871760,2
T0005871761,1
T0005871762,2
T0005871763,2
T0005871764,3
T0005871771,3
T0005871774,2
T0005871775,2
T0005871777,2
T0005871780,3
T0005871789,2
T0005871791,2
T0005871792,3
T0005871796,1
T0005871797,3
T0005871798,3
T0005871800,3
T0005871801,1
T0005871804,2
T0005871805,1
T0005871810,3
T0005871814,2
T0005871815,1
T0005871817,2
T0005871821,2
T0005871826,3
T0005871830,3
T0005871833,2
T0005871834,1
T0005871842,3
T0005871855,2
T0005871859,2
T0005871860,3
T0005871862,2
T0005871863,3
T0005871869,1
T0005871872,1
T0005871877,2
T0005871882,3
T0005871884,3
T0005871885,2
T0005871886,2
T0005871890,3
T0005871895,2
T0005871897,2
T0005871901,2
T0005871905,3
T0005871909,3
T0005871910,2
T0005871911,2
T0005871912,3
T0005871918,2
T0005871920,2
T0005871924,3
T0005871925,1
T0005871928,3
T0005871935,3
T0005871937,2
T0005871939,3
T0005871942,2
T0005871943,2
T0005871945,2
T0005871947,3
T0005871953,1
T0005871968,2
T0005871969,2
T0005871972,2
T0005871974,2
T0005871980,2
T0005871981,1
T0005871982,2
T0005871983,2
T0005871986,3
T0005871989,3
T0005871996,2
T0005871998,3
T0005872000,2
T0005872010,3
T0005872012,2
T0005872014,3
T0005872020,3
T0005872025,3
T0005872029,2
T0005872030,3
T0005872032,3
T0005872049,2
T0005872050,2
T0005872054,2
T0005872055,2
T0005872057,2
T0005872060,1
T0005872064,2
T0005872065,1
T0005872067,3
T0005872068,3
T0005872069,2
T0005872077,2
T0005872078,2
T0005872079,1
T0005872082,3
T0005872083,3
T0005872084,3
T0005872087,3
T0005872088,3
T0005872098,1
T0005872101,2
T0005872102,2
T0005872103,2
T0005872105,3
T0005872108,3
T0005872109,3
T0005872111,3
T0005872112,2
T0005872113,3
T0005872114,2
T0005872115,1
T0005872116,2
T0005872120,2
T0005872121,1
T0005872122,2
T0005872125,2
T0005872126,3
T0005872128,1
T0005872130,2
T0005872132,1
T0005872136,2
T0005872137,2
T0005872139,2
T0005872148,2
T0005872149,2
T0005872151,2
T0005872154,2
T0005872158,3
T0005872165,1
T0005872166,1
T0005872174,2
T0005872175,2
T0005872186,2
T0005872188,3
T0005872192,3
T0005872193,3
T0005872195,2
T0005872200,1
T0005872204,2
T0005872206,1
T0005872210,2
T0005872216,3
T0005872218,2
T0005872227,1
T0005872228,1
T0005872230,3
T0005872231,2
T0005872233,2
T0005872235,2
T0005872241,2
T0005872243,2
T0005872245,2
T0005872247,2
T0005872250,2
T0005872251,2
T0005872253,1
T0005872259,3
T0005872262,2
T0005872264,2
T0005872267,2
T0005872268,2
T0005872275,2
T0005872276,1
T0005872285,3
T0005872287,1
T0005872288,1
T0005872289,1
T0005872295,3
T0005872296,3
T0005872298,2
T0005872299,2
T0005872301,1
T0005872302,2
T0005872306,3
T0005872309,3
T0005872310,1
T0005872313,2
T0005872319,2
T0005872320,2
T0005872321,3
T0005872322,1
T0005872323,1
T0005872325,3
T0005872327,3
T0005872328,2
T0005872329,2
T0005872330,2
T0005872331,2
T0005872333,2
T0005872334,1
T0005872337,1
T0005872341,2
T0005872343,3
T0005872344,2
T0005872346,3
T0005872347,1
T0005872350,1
T0005872357,2
T0005872361,2
T0005872362,2
T0005872368,3
T0005872369,3
T0005872371,2
T0005872376,1
T0005872377,1
T0005872379,3
T0005872384,1
T0005872386,2
T0005872387,2
T0005872391,3
T0005872392,2
T0005872394,3
T0005872395,1
T0005872396,2
T0005872397,1
T0005872399,2
T0005872403,3
T0005872404,3
T0005872409,1
T0005872415,3
T0005872417,3
T0005872421,2
T0005872424,3
T0005872428,2
T0005872433,3
T0005872436,3
T0005872438,1
T0005872439,3
T0005872440,3
T0005872443,2
T0005872445,2
T0005872447,1
T0005872448,2
T0005872449,2
T0005872450,3
T0005872457,1
T0005872462,1
T0005872463,3
T0005872465,2
T0005872466,3
T0005872468,2
T0005872470,1
T0005872471,2
T0005872477,2
T0005872482,2
T0005872484,2
T0005872488,1
T0005872493,3
T0005872495,2
T0005872497,2
T0005872498,1
T0005872499,2
T0005872503,2
T0005872504,3
T0005872505,1
T0005872510,1
T0005872512,2
T0005872513,2
T0005872516,3
T0005872522,2
T0005872528,3
T0005872529,2
T0005872533,3
T0005872534,2
T0005872535,2
T0005872539,2
T0005872544,3
T0005872545,3
T0005872547,3
T0005872552,2
T0005872556,2
T0005872557,3
T0005872563,3
T0005872565,3
T0005872569,2
T0005872570,3
T0005872571,2
T0005872577,3
T0005872586,3
T0005872587,1
T0005872590,2
T0005872592,3
T0005872593,2
T0005872594,3
T0005872595,3
T0005872596,2
T0005872604,2
T0005872605,2
T0005872606,3
T0005872607,3
T0005872608,2
T0005872609,2
T0005872610,2
T0005872611,2
T0005872612,3
T0005872616,2
T0005872618,1
T0005872627,2
T0005872628,1
T0005872629,1
T0005872631,1
T0005872634,1
T0005872635,2
T0005872639,3
T0005872651,1
T0005872652,2
T0005872654,3
T0005872657,2
T0005872662,1
T0005872670,3
T0005872671,2
T0005872674,2
T0005872677,2
T0005872679,1
T0005872684,3
T0005872686,3
T0005872687,2
T0005872692,2
T0005872695,2
T0005872699,3
T0005872700,2
T0005872701,2
T0005872707,3
T0005872708,1
T0005872709,2
T0005872712,2
T0005872714,1
T0005872718,2
T0005872719,2
T0005872720,3
T0005872721,2
T0005872724,2
T0005872726,1
T0005872728,3
T0005872731,1
T0005872732,2
T0005872733,2
T0005872736,2
T0005872737,1
T0005872742,3
T0005872743,3
T0005872746,1
T0005872748,1
T0005872750,2
T0005872756,2
T0005872759,2
T0005872761,2
T0005872764,1
T0005872766,2
T0005872768,2
T0005872770,2
T0005872774,3
T0005872775,3
T0005872778,2
T0005872784,3
T0005872789,1
T0005872792,2
T0005872793,3
T0005872797,2
T0005872799,1
T0005872800,3
T0005872801,2
T0005872803,3
T0005872806,2
T0005872808,2
T0005872809,2
T0005872810,1
T0005872813,1
T0005872817,2
T0005872821,2
T0005872824,2
T0005872826,2
T0005872828,2
T0005872829,2
T0005872830,2
T0005872831,2
T0005872833,3
T0005872835,2
T0005872838,3
T0005872839,1
T0005872843,2
T0005872845,2
T0005872853,1
T0005872856,2
T0005872857,3
T0005872858,3
T0005872861,2
T0005872862,2
T0005872868,2
T0005872869,1
T0005872879,1
T0005872883,1
T0005872884,1
T0005872886,2
T0005872888,2
T0005872890,2
T0005872897,2
T0005872899,2
T0005872901,3
T0005872902,2
T0005872904,2
T0005872905,3
T0005872906,3
T0005872907,3
T0005872908,3
T0005872912,2
T0005872913,1
T0005872914,3
T0005872915,1
T0005872917,2
T0005872920,1
T0005872921,3
T0005872922,2
T0005872926,3
T0005872930,1
T0005872934,3
T0005872935,2
T0005872936,3
T0005872937,3
T0005872938,3
T0005872941,3
T0005872943,3
T0005872946,1
T0005872953,2
T0005872954,2
T0005872955,2
T0005872956,2
T0005872958,3
T0005872959,3
T0005872965,2
T0005872968,2
T0005872973,2
T0005872974,3
T0005872976,1
T0005872978,3
T0005872982,3
T0005872984,2
T0005872987,2
T0005872992,1
T0005872995,2
T0005872997,2
T0005873000,3
T0005873001,2
T0005873004,1
T0005873006,1
T0005873008,2
T0005873009,2
T0005873010,3
T0005873018,3
T0005873021,2
T0005873022,1
T0005873024,3
T0005873027,2
T0005873028,3
T0005873033,2
T0005873037,2
T0005873040,3
T0005873044,2
T0005873051,1
T0005873053,3
T0005873054,3
T0005873060,3
T0005873061,2
T0005873063,2
T0005873065,2
T0005873069,2
T0005873074,2
T0005873080,3
T0005873082,2
T0005873083,2
T0005873084,2
T0005873085,3
T0005873087,2
T0005873096,2
T0005873098,3
T0005873099,3
T0005873102,2
T0005873103,3
T0005873108,3
T0005873111,2
T0005873114,3
T0005873116,3
T0005873118,2
T0005873126,1
T0005873127,2
T0005873129,1
T0005873133,2
T0005873135,2
T0005873140,2
T0005873141,3
T0005873142,1
T0005873147,2
T0005873148,2
T0005873149,1
T0005873153,2
T0005873156,3
T0005873158,1
T0005873161,1
T0005873167,2
T0005873170,3
T0005873173,3
T0005873176,2
T0005873177,2
T0005873180,2
T0005873182,2
T0005873183,3
T0005873184,2
T0005873185,3
T0005873188,2
T0005873190,3
T0005873192,3
T0005873193,3
T0005873194,3
T0005873196,3
T0005873197,2
T0005873206,1
T0005873211,3
T0005873217,1
T0005873218,2
T0005873220,2
T0005873224,3
T0005873225,1
T0005873227,3
T0005873228,2
T0005873231,3
T0005873235,2
T0005873236,2
T0005873239,2
T0005873240,1
T0005873241,3
T0005873242,3
T0005873247,3
T0005873248,2
T0005873250,1
T0005873251,3
T0005873253,2
T0005873255,2
T0005873256,2
T0005873257,2
T0005873259,3
T0005873264,2
T0005873266,3
T0005873272,2
T0005873274,1
T0005873276,2
T0005873279,2
T0005873282,2
T0005873286,1
T0005873287,1
T0005873289,1
T0005873293,2
T0005873294,2
T0005873295,1
T0005873302,1
T0005873303,2
T0005873305,3
T0005873306,2
T0005873309,2
T0005873311,2
T0005873312,2
T0005873317,2
T0005873321,1
T0005873324,2
T0005873326,2
T0005873328,3
T0005873332,3
T0005873335,1
T0005873336,2
T0005873340,3
T0005873350,1
T0005873354,1
T0005873356,3
T0005873358,2
T0005873362,3
T0005873367,2
T0005873368,2
T0005873373,3
T0005873375,3
T0005873383,1
T0005873388,2
T0005873390,3
T0005873392,2
T0005873399,3
T0005873401,2
T0005873406,2
T0005873410,2
T0005873415,2
T0005873417,3
T0005873421,3
T0005873422,3
T0005873426,3
T0005873427,2
T0005873430,2
T0005873436,2
T0005873441,2
T0005873442,1
T0005873444,3
T0005873447,2
T0005873454,2
T0005873458,2
T0005873460,3
T0005873461,2
T0005873466,2
T0005873467,1
T0005873469,2
T0005873470,2
T0005873471,1
T0005873480,3
T0005873482,3
T0005873484,2
T0005873485,2
T0005873488,3
T0005873490,1
T0005873491,3
T0005873501,1
T0005873503,3
T0005873507,1
T0005873513,3
T0005873514,3
T0005873516,2
T0005873517,2
T0005873522,2
T0005873527,2
T0005873534,1
T0005873537,1
T0005873541,3
T0005873543,1
T0005873544,2
T0005873553,3
T0005873557,2
T0005873558,2
T0005873559,2
T0005873560,1
T0005873563,3
T0005873565,2
T0005873566,2
T0005873571,3
T0005873572,2
T0005873573,1
T0005873576,2
T0005873579,3
T0005873580,2
T0005873581,2
T0005873584,2
T0005873586,2
T0005873588,3
T0005873591,2
T0005873592,1
T0005873593,1
T0005873597,3
T0005873598,3
T0005873600,2
T0005873601,2
T0005873611,1
T0005873614,1
T0005873616,2
T0005873618,3
T0005873624,2
T0005873627,2
T0005873628,3
T0005873629,1
T0005873632,2
T0005873634,2
T0005873635,3
T0005873636,3
T0005873639,2
T0005873640,2
T0005873641,1
T0005873643,1
T0005873647,2
T0005873648,2
T0005873651,3
T0005873654,2
T0005873655,3
T0005873656,1
T0005873657,2
T0005873659,1
T0005873662,2
T0005873663,1
T0005873664,3
T0005873665,2
T0005873671,2
T0005873672,2
T0005873673,2
T0005873675,1
T0005873678,1
T0005873679,1
T0005873681,3
T0005873682,3
T0005873685,1
T0005873686,1
T0005873687,2
T0005873689,2
T0005873694,3
T0005873695,2
T0005873701,1
T0005873704,1
T0005873705,1
T0005873706,2
T0005873707,2
T0005873708,2
T0005873709,1
T0005873712,2
T0005873713,2
T0005873714,2
T0005873719,3
T0005873720,1
T0005873724,3
T0005873738,1
T0005873739,2
T0005873741,3
T0005873745,2
T0005873746,3
T0005873747,3
T0005873748,3
T0005873749,2
T0005873750,3
T0005873751,2
T0005873753,3
T0005873754,1
T0005873757,1
T0005873759,1
T0005873762,3
T0005873768,1
T0005873772,2
T0005873775,3
T0005873786,1
T0005873788,1
T0005873790,3
T0005873791,3
T0005873793,2
T0005873794,3
T0005873797,3
T0005873801,2
T0005873802,2
T0005873803,3
T0005873807,3
T0005873809,2
T0005873810,2
T0005873811,3
T0005873812,3
T0005873814,1
T0005873825,1
T0005873826,1
T0005873830,2
T0005873831,2
T0005873832,2
T0005873836,2
T0005873839,3
T0005873840,3
T0005873842,2
T0005873844,2
T0005873847,2
T0005873850,2
T0005873851,1
T0005873852,3
T0005873855,2
T0005873856,1
T0005873858,3
T0005873860,3
T0005873862,3
T0005873865,2
T0005873870,2
T0005873879,2
T0005873883,2
T0005873884,2
T0005873885,2
T0005873888,2
T0005873896,2
T0005873901,3
T0005873903,2
T0005873905,1
T0005873906,2
T0005873907,1
T0005873909,1
T0005873910,1
T0005873911,3
T0005873913,1
T0005873914,2
T0005873924,1
T0005873927,2
T0005873928,2
T0005873932,2
T0005873937,2
T0005873938,1
T0005873939,2
T0005873940,1
T0005873941,1
T0005873942,2
T0005873943,3
T0005873945,2
T0005873946,2
T0005873949,3
T0005873950,2
T0005873952,3
T0005873953,2
T0005873955,1
T0005873959,3
T0005873961,2
T0005873962,1
T0005873964,3
T0005873965,2
T0005873969,2
T0005873971,2
T0005873973,2
T0005873975,1
T0005873979,2
T0005873980,2
T0005873981,1
T0005873982,3
T0005873985,2
T0005873991,2
T0005873999,2
T0005874000,1
T0005874002,1
T0005874003,1
T0005874012,2
T0005874013,1
T0005874015,2
T0005874016,2
T0005874019,2
T0005874021,3
T0005874024,2
T0005874032,2
T0005874034,2
T0005874036,3
T0005874037,3
T0005874038,1
T0005874041,2
T0005874042,3
T0005874043,3
T0005874045,2
T0005874051,1
T0005874053,1
T0005874054,3
T0005874055,2
T0005874064,3
T0005874067,1
T0005874074,2
T0005874077,2
T0005874078,2
T0005874079,2
T0005874080,3
T0005874082,2
T0005874086,3
T0005874090,3
T0005874091,3
T0005874092,2
T0005874094,2
T0005874095,3
T0005874098,2
T0005874101,1
T0005874105,2
T0005874107,3
T0005874108,2
T0005874109,2
T0005874113,2
T0005874116,1
T0005874117,2
T0005874118,2
T0005874119,2
T0005874122,2
T0005874123,2
T0005874128,1
T0005874130,2
T0005874133,3
T0005874134,2
T0005874139,2
T0005874141,2
T0005874144,3
T0005874151,2
T0005874153,2
T0005874157,2
T0005874158,1
T0005874161,1
T0005874162,3
T0005874164,3
T0005874165,1
T0005874169,3
T0005874170,2
T0005874172,2
T0005874183,2
T0005874189,2
T0005874190,2
T0005874191,3
T0005874193,2
T0005874196,2
T0005874198,2
T0005874200,2
T0005874202,2
T0005874203,2
T0005874205,3
T0005874209,1
T0005874210,2
T0005874214,3
T0005874217,2
T0005874220,1
T0005874222,3
T0005874224,2
T0005874225,3
T0005874226,2
T0005874229,2
T0005874233,1
T0005874235,3
T0005874241,2
T0005874247,2
T0005874248,3
T0005874249,1
T0005874250,3
T0005874251,3
T0005874254,3
T0005874262,2
T0005874264,2
T0005874267,3
T0005874271,2
T0005874273,3
T0005874278,1
T0005874279,3
T0005874281,3
T0005874282,1
T0005874283,1
T0005874284,3
T0005874286,2
T0005874287,1
T0005874288,2
T0005874289,2
T0005874295,2
T0005874299,3
T0005874300,2
T0005874303,2
T0005874305,3
T0005874306,3
T0005874308,1
T0005874310,2
T0005874311,2
T0005874312,3
T0005874315,2
T0005874316,3
T0005874324,2
T0005874327,3
T0005874329,2
T0005874330,2
T0005874333,2
T0005874335,2
T0005874336,2
T0005874337,3
T0005874339,2
T0005874341,2
T0005874342,3
T0005874346,2
T0005874349,3
T0005874351,1
T0005874354,3
T0005874357,2
T0005874368,3
T0005874372,2
T0005874373,2
T0005874374,3
T0005874377,2
T0005874378,3
T0005874382,1
T0005874383,1
T0005874384,3
T0005874387,2
T0005874388,1
T0005874389,3
T0005874394,2
T0005874398,2
T0005874402,2
T0005874403,2
T0005874405,2
T0005874408,3
T0005874409,2
T0005874411,3
T0005874414,2
T0005874420,1
T0005874423,3
T0005874424,3
T0005874425,3
T0005874426,2
T0005874428,3
T0005874429,1
T0005874432,3
T0005874433,2
T0005874434,3
T0005874435,1
T0005874436,3
T0005874438,3
T0005874440,3
T0005874443,3
T0005874444,2
T0005874447,3
T0005874448,3
T0005874449,3
T0005874450,2
T0005874455,2
T0005874456,2
T0005874458,3
T0005874460,2
T0005874461,1
T0005874462,2
T0005874464,2
T0005874469,2
T0005874472,2
T0005874473,2
T0005874474,2
T0005874475,2
T0005874477,3
T0005874478,2
T0005874482,1
T0005874485,1
T0005874486,3
T0005874491,3
T0005874492,2
T0005874496,2
T0005874498,2
T0005874501,2
T0005874502,2
T0005874503,2
T0005874513,3
T0005874515,1
T0005874517,2
T0005874519,1
T0005874520,3
T0005874523,2
T0005874524,3
T0005874526,2
T0005874527,3
T0005874528,3
T0005874529,3
T0005874531,3
T0005874533,1
T0005874536,2
T0005874537,1
T0005874538,1
T0005874540,3
T0005874553,1
T0005874556,2
T0005874561,3
T0005874562,2
T0005874563,3
T0005874569,2
T0005874572,2
T0005874574,3
T0005874575,1
T0005874576,3
T0005874577,2
T0005874578,3
T0005874584,3
T0005874585,2
T0005874588,2
T0005874589,1
T0005874592,3
T0005874597,2
T0005874598,3
T0005874599,1
T0005874601,3
T0005874602,1
T0005874604,2
T0005874606,1
T0005874607,2
T0005874612,3
T0005874617,3
T0005874618,2
T0005874620,2
T0005874622,1
T0005874625,3
T0005874626,3
T0005874632,3
T0005874634,2
T0005874635,2
T0005874637,2
T0005874639,3
T0005874640,1
T0005874642,3
T0005874644,2
T0005874645,2
T0005874646,3
T0005874647,3
T0005874650,2
T0005874651,3
T0005874657,3
T0005874658,3
T0005874659,1
T0005874661,2
T0005874662,2
T0005874663,3
T0005874664,2
T0005874665,2
T0005874667,2
T0005874669,1
T0005874670,2
T0005874671,2
T0005874672,2
T0005874675,2
T0005874677,3
T0005874678,2
T0005874683,1
T0005874686,3
T0005874688,2
T0005874694,2
T0005874695,1
T0005874696,3
T0005874701,2
T0005874704,2
T0005874706,2
T0005874709,1
T0005874710,2
T0005874713,3
T0005874715,1
T0005874719,2
T0005874722,2
T0005874725,1
T0005874728,1
T0005874731,2
T0005874735,2
T0005874736,1
T0005874739,3
T0005874744,1
T0005874746,2
T0005874748,2
T0005874749,2
T0005874752,1
T0005874759,2
T0005874760,3
T0005874761,3
T0005874766,1
T0005874769,3
T0005874775,1
T0005874777,2
T0005874778,2
T0005874787,2
T0005874789,2
T0005874795,2
T0005874797,2
T0005874799,3
T0005874802,2
T0005874803,2
T0005874805,3
T0005874806,3
T0005874808,2
T0005874816,3
T0005874817,2
T0005874818,2
T0005874819,2
T0005874820,2
T0005874824,2
T0005874825,2
T0005874827,3
T0005874828,3
T0005874831,3
T0005874833,3
T0005874834,2
T0005874835,1
T0005874837,2
T0005874838,3
T0005874841,2
T0005874842,2
T0005874843,1
T0005874845,1
T0005874846,2
T0005874848,2
T0005874851,3
T0005874855,2
T0005874856,1
T0005874858,1
T0005874859,2
T0005874861,3
T0005874864,1
T0005874865,2
T0005874866,2
T0005874867,2
T0005874869,3
T0005874874,3
T0005874877,2
T0005874880,2
T0005874881,2
T0005874885,3
T0005874886,2
T0005874887,3
T0005874896,1
T0005874897,2
T0005874900,2
T0005874903,2
T0005874904,3
T0005874907,2
T0005874910,3
T0005874914,3
T0005874916,2
T0005874920,3
T0005874921,2
T0005874922,3
T0005874926,1
T0005874928,1
T0005874929,1
T0005874931,3
T0005874934,3
T0005874936,3
T0005874938,2
T0005874939,2
T0005874941,1
T0005874944,2
T0005874948,1
T0005874950,3
T0005874951,3
T0005874958,3
T0005874959,3
T0005874963,2
T0005874966,3
T0005874968,2
T0005874971,3
T0005874973,2
T0005874976,1
T0005874979,2
T0005874980,2
T0005874981,1
T0005874982,3
T0005874983,3
T0005874986,3
T0005874990,1
T0005874992,2
T0005874994,1
T0005874995,1
T0005874998,3
T0005874999,3
T0005875001,2
T0005875004,1
T0005875007,2
T0005875008,2
T0005875010,2
T0005875011,2
T0005875019,2
T0005875020,2
T0005875024,3
T0005875028,2
T0005875030,2
T0005875031,3
T0005875038,3
T0005875039,2
T0005875041,3
T0005875043,2
T0005875045,3
T0005875047,1
T0005875048,2
T0005875053,2
T0005875054,2
T0005875055,2
T0005875056,2
T0005875057,2
T0005875058,2
T0005875059,3
T0005875063,2
T0005875064,2
T0005875066,3
T0005875067,2
T0005875071,3
T0005875074,2
T0005875075,2
T0005875076,3
T0005875077,3
T0005875081,2
T0005875082,2
T0005875083,1
T0005875084,2
T0005875086,2
T0005875088,3
T0005875089,2
T0005875098,3
T0005875101,1
T0005875102,3
T0005875104,3
T0005875105,2
T0005875110,2
T0005875113,3
T0005875114,3
T0005875115,3
T0005875118,1
T0005875122,2
T0005875126,1
T0005875128,1
T0005875130,2
T0005875133,2
T0005875134,2
T0005875136,2
T0005875137,3
T0005875138,2
T0005875139,1
T0005875140,2
T0005875141,1
T0005875144,2
T0005875146,1
T0005875148,1
T0005875158,2
T0005875160,1
T0005875163,1
T0005875164,2
T0005875165,3
T0005875167,1
T0005875168,1
T0005875170,2
T0005875171,2
T0005875173,2
T0005875178,2
T0005875180,2
T0005875181,1
T0005875184,1
T0005875185,1
T0005875187,3
T0005875188,2
T0005875189,1
T0005875191,3
T0005875194,1
T0005875199,2
T0005875200,3
T0005875201,2
T0005875204,2
T0005875208,1
T0005875211,3
T0005875213,2
T0005875217,1
T0005875220,3
T0005875222,2
T0005875226,2
T0005875230,2
T0005875232,2
T0005875234,1
T0005875240,2
T0005875248,3
T0005875249,2
T0005875252,3
T0005875253,2
T0005875254,3
T0005875259,1
T0005875263,2
T0005875267,3
T0005875273,1
T0005875275,2
T0005875277,2
T0005875278,2
T0005875279,3
T0005875281,1
T0005875283,1
T0005875291,2
T0005875293,2
T0005875299,2
T0005875301,2
T0005875305,1
T0005875316,3
T0005875317,2
T0005875318,2
T0005875321,2
T0005875323,2
T0005875324,3
T0005875325,2
T0005875326,2
T0005875333,1
T0005875334,2
T0005875335,2
T0005875337,2
T0005875338,2
T0005875339,2
T0005875340,2
T0005875342,3
T0005875343,3
T0005875344,2
T0005875345,3
T0005875346,2
T0005875348,2
T0005875349,2
T0005875351,2
T0005875352,2
T0005875353,1
T0005875354,3
T0005875359,2
T0005875364,2
T0005875365,2
T0005875367,3
T0005875369,2
T0005875374,3
T0005875375,2
T0005875376,2
T0005875378,3
T0005875379,3
T0005875380,3
T0005875383,3
T0005875386,2
T0005875389,2
T0005875400,2
T0005875401,2
T0005875404,1
T0005875408,2
T0005875417,3
T0005875419,3
T0005875420,3
T0005875422,3
T0005875423,3
T0005875426,2
T0005875428,2
T0005875431,3
T0005875434,2
T0005875435,2
T0005875438,2
T0005875439,1
T0005875445,2
T0005875447,2
T0005875450,1
T0005875453,3
T0005875455,1
T0005875458,2
T0005875460,1
T0005875463,2
T0005875466,1
T0005875468,2
T0005875474,2
T0005875478,2
T0005875482,2
T0005875484,2
T0005875485,3
T0005875486,2
T0005875495,2
T0005875500,2
T0005875501,2
T0005875504,1
T0005875505,2
T0005875506,2
T0005875508,2
T0005875509,2
T0005875514,3
T0005875515,2
T0005875520,3
T0005875525,2
T0005875528,2
T0005875529,3
T0005875532,2
T0005875533,3
T0005875534,2
T0005875539,2
T0005875543,2
T0005875548,1
T0005875549,3
T0005875550,2
T0005875555,3
T0005875556,3
T0005875557,2
T0005875562,1
T0005875563,2
T0005875564,2
T0005875566,2
T0005875567,3
T0005875568,3
T0005875569,2
T0005875570,3
T0005875571,1
T0005875572,2
T0005875578,1
T0005875580,3
T0005875581,1
T0005875582,3
T0005875583,1
T0005875587,3
T0005875588,1
T0005875589,2
T0005875590,2
T0005875591,3
T0005875592,2
T0005875597,2
T0005875599,2
T0005875600,1
T0005875603,2
T0005875605,3
T0005875606,3
T0005875608,2
T0005875609,3
T0005875610,2
T0005875613,2
T0005875614,3
T0005875617,3
T0005875619,2
T0005875620,3
T0005875624,3
T0005875626,1
T0005875629,3
T0005875633,3
T0005875634,1
T0005875637,3
T0005875638,2
T0005875639,1
T0005875641,1
T0005875644,2
T0005875646,2
T0005875647,2
T0005875651,2
T0005875652,2
T0005875655,2
T0005875660,2
T0005875661,2
T0005875663,3
T0005875664,2
T0005875666,2
T0005875667,1
T0005875675,3
T0005875676,1
T0005875677,3
T0005875681,2
T0005875683,2
T0005875686,2
T0005875688,2
T0005875693,1
T0005875694,3
T0005875699,1
T0005875700,2
T0005875703,3
T0005875704,3
T0005875705,2
T0005875708,1
T0005875714,1
T0005875715,3
T0005875716,3
T0005875719,2
T0005875720,2
T0005875721,1
T0005875723,2
T0005875726,3
T0005875728,2
T0005875730,2
T0005875736,1
T0005875745,3
T0005875747,2
T0005875748,2
T0005875756,3
T0005875757,3
T0005875762,2
T0005875765,1
T0005875767,3
T0005875769,2
T0005875771,3
T0005875772,2
T0005875774,3
T0005875775,1
T0005875777,2
T0005875783,2
T0005875786,2
T0005875788,2
T0005875790,2
T0005875791,3
T0005875795,2
T0005875796,2
T0005875801,2
T0005875804,2
T0005875809,3
T0005875811,2
T0005875812,2
T0005875814,2
T0005875815,2
T0005875816,2
T0005875820,3
T0005875828,2
T0005875832,2
T0005875834,1
T0005875839,3
T0005875841,3
T0005875844,1
T0005875846,3
T0005875848,3
T0005875850,3
T0005875851,2
T0005875855,1
T0005875856,3
T0005875857,2
T0005875858,2
T0005875859,1
T0005875861,1
T0005875862,3
T0005875867,2
T0005875868,3
T0005875869,2
T0005875870,2
T0005875871,2
T0005875872,1
T0005875875,2
T0005875877,1
T0005875878,1
T0005875880,3
T0005875882,2
T0005875884,3
T0005875885,3
T0005875888,2
T0005875890,2
T0005875896,3
T0005875898,2
T0005875900,2
T0005875902,2
T0005875904,2
T0005875905,2
T0005875906,1
T0005875913,2
T0005875914,2
T0005875917,1
T0005875918,2
T0005875919,2
T0005875920,2
T0005875922,2
T0005875927,2
T0005875928,2
T0005875930,3
T0005875931,1
T0005875932,1
T0005875937,3
T0005875942,1
T0005875944,1
T0005875945,2
T0005875946,2
T0005875947,3
T0005875948,3
T0005875954,2
T0005875955,3
T0005875956,2
T0005875957,1
T0005875966,1
T0005875967,2
T0005875968,3
T0005875969,2
T0005875971,2
T0005875973,3
T0005875974,1
T0005875976,3
T0005875977,2
T0005875978,2
T0005875979,2
T0005875982,2
T0005875984,2
T0005875987,2
T0005875990,1
T0005875992,2
T0005875996,2
T0005875997,3
T0005875998,3
T0005876002,1
T0005876004,3
T0005876006,3
T0005876008,1
T0005876009,3
T0005876013,1
T0005876015,2
T0005876019,3
T0005876020,2
T0005876021,3
T0005876023,3
T0005876027,2
T0005876029,3
T0005876033,3
T0005876034,2
T0005876036,1
T0005876038,3
T0005876040,2
T0005876042,2
T0005876044,2
T0005876048,2
T0005876049,3
T0005876051,1
T0005876053,2
T0005876054,2
T0005876057,2
T0005876058,1
T0005876060,2
T0005876064,3
T0005876066,2
T0005876074,2
T0005876075,3
T0005876076,2
T0005876077,2
T0005876079,3
T0005876082,2
T0005876083,2
T0005876084,3
T0005876085,2
T0005876090,3
T0005876093,3
T0005876098,3
T0005876099,3
T0005876102,3
T0005876103,2
T0005876109,2
T0005876111,1
T0005876112,3
T0005876122,1
T0005876123,3
T0005876124,3
T0005876125,3
T0005876127,2
T0005876128,3
T0005876129,2
T0005876130,1
T0005876131,3
T0005876132,2
T0005876142,2
T0005876143,1
T0005876147,2
T0005876148,3
T0005876150,1
T0005876151,2
T0005876154,2
T0005876155,3
T0005876156,3
T0005876162,2
T0005876163,3
T0005876164,1
T0005876165,3
T0005876167,1
T0005876170,1
T0005876171,1
T0005876174,1
T0005876175,2
T0005876176,2
T0005876178,2
T0005876180,1
T0005876181,1
T0005876185,2
T0005876186,2
T0005876188,1
T0005876190,2
T0005876192,3
T0005876193,1
T0005876196,2
T0005876197,1
T0005876201,2
T0005876206,3
T0005876207,1
T0005876208,2
T0005876209,2
T0005876213,2
T0005876217,2
T0005876219,2
T0005876222,2
T0005876225,2
T0005876230,2
T0005876233,2
T0005876245,1
T0005876248,1
T0005876249,3
T0005876250,2
T0005876258,3
T0005876271,2
T0005876277,2
T0005876279,3
T0005876280,2
T0005876281,2
T0005876283,2
T0005876285,2
T0005876287,3
T0005876289,3
T0005876293,2
T0005876295,2
T0005876298,2
T0005876301,2
T0005876302,2
T0005876303,2
T0005876306,3
T0005876307,1
T0005876309,2
T0005876313,3
T0005876316,2
T0005876321,2
T0005876322,1
T0005876325,3
T0005876330,1
T0005876332,2
T0005876335,2
T0005876341,3
T0005876343,3
T0005876344,1
T0005876346,2
T0005876347,2
T0005876349,3
T0005876354,1
T0005876356,1
T0005876357,2
T0005876359,2
T0005876361,2
T0005876362,2
T0005876363,2
T0005876364,2
T0005876365,3
T0005876367,1
T0005876368,1
T0005876371,3
T0005876372,3
T0005876373,2
T0005876374,1
T0005876375,3
T0005876377,2
T0005876378,2
T0005876379,2
T0005876383,3
T0005876385,2
T0005876386,3
T0005876387,3
T0005876389,3
T0005876390,3
T0005876391,3
T0005876393,3
T0005876394,2
T0005876396,3
T0005876397,2
T0005876399,1
T0005876406,2
T0005876410,1
T0005876412,1
T0005876414,3
T0005876415,3
T0005876417,3
T0005876419,2
T0005876421,2
T0005876424,2
T0005876425,3
T0005876426,2
T0005876427,3
T0005876435,2
T0005876437,1
T0005876438,1
T0005876441,2
T0005876443,2
T0005876444,3
T0005876445,2
T0005876449,3
T0005876451,2
T0005876456,3
T0005876465,3
T0005876466,3
T0005876467,3
T0005876471,1
T0005876472,2
T0005876474,1
T0005876478,2
T0005876482,3
T0005876484,3
T0005876485,2
T0005876487,2
T0005876491,2
T0005876493,3
T0005876498,2
T0005876500,1
T0005876501,2
T0005876503,1
T0005876504,2
T0005876510,1
T0005876512,2
T0005876513,2
T0005876515,2
T0005876517,3
T0005876518,3
T0005876521,2
T0005876534,2
T0005876535,3
T0005876536,1
T0005876537,3
T0005876540,3
T0005876542,2
T0005876544,1
T0005876545,3
T0005876547,2
T0005876548,2
T0005876549,1
T0005876551,2
T0005876557,3
T0005876560,1
T0005876562,2
T0005876564,2
T0005876566,2
T0005876567,2
T0005876568,3
T0005876569,2
T0005876570,2
T0005876571,2
T0005876574,1
T0005876575,2
T0005876576,3
T0005876578,2
T0005876580,2
T0005876581,2
T0005876584,1
T0005876587,3
T0005876591,1
T0005876592,2
T0005876595,3
T0005876601,2
T0005876607,3
T0005876609,2
T0005876610,2
T0005876611,2
T0005876612,3
T0005876613,2
T0005876618,2
T0005876619,2
T0005876620,3
T0005876623,3
T0005876624,2
T0005876628,2
T0005876629,3
T0005876631,2
T0005876636,1
T0005876638,2
T0005876639,2
T0005876640,1
T0005876642,3
T0005876644,3
T0005876647,2
T0005876648,1
T0005876651,2
T0005876661,2
T0005876663,1
T0005876671,2
T0005876672,1
T0005876673,1
T0005876674,3
T0005876677,2
T0005876681,3
T0005876684,3
T0005876685,1
T0005876686,2
T0005876687,3
T0005876688,3
T0005876690,2
T0005876691,3
T0005876693,2
T0005876699,2
T0005876700,1
T0005876706,2
T0005876707,1
T0005876708,3
T0005876709,1
T0005876714,2
T0005876721,2
T0005876723,2
T0005876732,3
T0005876733,2
T0005876734,1
T0005876736,3
T0005876741,2
T0005876742,3
T0005876744,2
T0005876746,2
T0005876750,2
T0005876752,2
T0005876754,3
T0005876755,2
T0005876761,2
T0005876762,1
T0005876766,1
T0005876767,3
T0005876769,3
T0005876772,2
T0005876773,2
T0005876777,2
T0005876778,2
T0005876779,2
T0005876780,3
T0005876781,2
T0005876783,2
T0005876784,3
T0005876786,3
T0005876787,1
T0005876788,1
T0005876789,3
T0005876793,1
T0005876794,2
T0005876797,3
T0005876798,3
T0005876801,1
T0005876803,1
T0005876804,2
T0005876805,2
T0005876806,3
T0005876807,1
T0005876811,2
T0005876812,3
T0005876813,1
T0005876814,3
T0005876820,2
T0005876828,2
T0005876832,3
T0005876837,1
T0005876839,3
T0005876844,1
T0005876845,2
T0005876853,3
T0005876854,2
T0005876855,3
T0005876857,2
T0005876859,2
T0005876861,2
T0005876864,2
T0005876867,2
T0005876868,2
T0005876871,2
T0005876879,1
T0005876886,2
T0005876887,3
T0005876888,3
T0005876891,2
T0005876892,2
T0005876893,3
T0005876896,2
T0005876897,2
T0005876899,3
T0005876900,2
T0005876901,1
T0005876902,3
T0005876906,2
T0005876908,1
T0005876909,3
T0005876910,2
T0005876913,2
T0005876914,2
T0005876915,1
T0005876918,3
T0005876919,1
T0005876920,2
T0005876923,2
T0005876924,2
T0005876928,2
T0005876934,2
T0005876940,2
T0005876941,2
T0005876942,1
T0005876944,3
T0005876947,3
T0005876952,2
T0005876955,2
T0005876956,2
T0005876958,2
T0005876964,1
T0005876965,2
T0005876969,3
T0005876980,2
T0005876981,1
T0005876983,2
T0005876984,2
T0005876986,3
T0005876987,1
T0005876988,2
T0005876990,2
T0005876993,2
T0005876994,3
T0005876995,2
T0005877000,2
T0005877001,2
T0005877002,2
T0005877007,2
T0005877008,2
T0005877009,3
T0005877011,2
T0005877014,1
T0005877015,2
T0005877021,1
T0005877024,3
T0005877025,2
T0005877033,3
T0005877036,1
T0005877039,1
T0005877040,3
T0005877042,3
T0005877043,2
T0005877046,3
T0005877047,2
T0005877048,3
T0005877051,1
T0005877052,2
T0005877054,3
T0005877057,1
T0005877059,1
T0005877061,2
T0005877062,2
T0005877069,2
T0005877070,3
T0005877072,3
T0005877075,2
T0005877081,1
T0005877082,3
T0005877083,2
T0005877084,3
T0005877085,2
T0005877086,3
T0005877088,1
T0005877090,3
T0005877092,3
T0005877093,3
T0005877094,1
T0005877096,3
T0005877100,3
T0005877101,2
T0005877104,3
T0005877107,2
T0005877110,3
T0005877115,3
T0005877116,2
T0005877117,2
T0005877118,2
T0005877119,2
T0005877120,3
T0005877121,2
T0005877123,2
T0005877124,2
T0005877125,2
T0005877128,2
T0005877131,2
T0005877132,3
T0005877137,2
T0005877138,2
T0005877139,2
T0005877140,3
T0005877141,2
T0005877143,3
T0005877146,2
T0005877147,3
T0005877151,2
T0005877152,2
T0005877153,3
T0005877156,2
T0005877159,1
T0005877160,3
T0005877161,3
T0005877162,1
T0005877163,2
T0005877164,3
T0005877165,1
T0005877166,3
T0005877169,3
T0005877170,2
T0005877172,1
T0005877176,1
T0005877177,2
T0005877181,3
T0005877186,1
T0005877189,1
T0005877193,2
T0005877195,2
T0005877202,2
T0005877207,3
T0005877209,2
T0005877210,3
T0005877211,3
T0005877214,3
T0005877216,2
T0005877217,2
T0005877223,3
T0005877226,2
T0005877229,3
T0005877230,2
T0005877233,2
T0005877237,1
T0005877238,1
T0005877239,2
T0005877242,1
T0005877243,2
T0005877245,2
T0005877246,3
T0005877255,3
T0005877256,2
T0005877260,2
T0005877264,3
T0005877265,2
T0005877268,3
T0005877270,2
T0005877271,2
T0005877272,3
T0005877273,1
T0005877276,3
T0005877278,3
T0005877282,1
T0005877285,3
T0005877287,2
T0005877291,2
T0005877292,2
T0005877295,2
T0005877299,2
T0005877300,1
T0005877305,2
T0005877306,2
T0005877310,3
T0005877311,2
T0005877312,2
T0005877315,3
T0005877317,2
T0005877320,2
T0005877323,1
T0005877328,1
T0005877329,3
T0005877331,3
T0005877333,1
T0005877336,3
T0005877337,3
T0005877338,2
T0005877339,2
T0005877342,2
T0005877343,1
T0005877346,2
T0005877348,1
T0005877350,3
T0005877351,1
T0005877354,2
T0005877358,2
T0005877366,1
T0005877369,2
T0005877370,1
T0005877372,3
T0005877373,3
T0005877375,1
T0005877376,2
T0005877379,1
T0005877380,1
T0005877382,2
T0005877386,2
T0005877387,2
T0005877388,2
T0005877391,2
T0005877393,2
T0005877396,2
T0005877404,1
T0005877406,3
T0005877407,1
T0005877408,1
T0005877409,2
T0005877411,1
T0005877412,2
T0005877415,2
T0005877419,1
T0005877422,2
T0005877423,2
T0005877426,1
T0005877427,2
T0005877428,2
T0005877432,2
T0005877435,1
T0005877436,2
T0005877438,2
T0005877440,3
T0005877445,3
T0005877450,1
T0005877453,3
T0005877455,1
T0005877456,2
T0005877457,3
T0005877458,3
T0005877461,2
T0005877463,2
T0005877468,3
T0005877469,3
T0005877471,2
T0005877472,2
T0005877473,2
T0005877475,2
T0005877480,2
T0005877484,3
T0005877487,2
T0005877488,2
T0005877494,2
T0005877496,3
T0005877497,1
T0005877498,2
T0005877499,3
T0005877500,3
T0005877501,1
T0005877502,1
T0005877505,1
T0005877510,2
T0005877512,1
T0005877514,1
T0005877515,2
T0005877516,2
T0005877517,3
T0005877524,1
T0005877529,2
T0005877530,2
T0005877532,1
T0005877534,3
T0005877537,2
T0005877541,3
T0005877545,2
T0005877546,3
T0005877547,1
T0005877549,3
T0005877553,2
T0005877555,3
T0005877556,3
T0005877557,2
T0005877559,2
T0005877564,1
T0005877565,2
T0005877566,1
T0005877568,3
T0005877569,3
T0005877573,2
T0005877574,2
T0005877575,2
T0005877579,2
T0005877582,2
T0005877583,2
T0005877584,2
T0005877586,3
T0005877589,3
T0005877593,2
T0005877594,3
T0005877599,3
T0005877604,2
T0005877605,3
T0005877613,3
T0005877617,2
T0005877619,1
T0005877621,3
T0005877624,2
T0005877625,2
T0005877629,2
T0005877630,3
T0005877631,2
T0005877635,2
T0005877637,1
T0005877638,2
T0005877641,2
T0005877647,3
T0005877648,3
T0005877650,2
T0005877653,1
T0005877656,2
T0005877658,3
T0005877660,2
T0005877662,3
T0005877664,2
T0005877665,2
T0005877666,1
T0005877669,3
T0005877670,2
T0005877672,2
T0005877673,2
T0005877687,3
T0005877688,2
T0005877691,1
T0005877692,2
T0005877693,1
T0005877694,2
T0005877695,1
T0005877697,2
T0005877707,3
T0005877709,1
T0005877712,2
T0005877719,2
T0005877720,2
T0005877722,1
T0005877723,3
T0005877732,2
T0005877736,1
T0005877737,2
T0005877740,2
T0005877741,3
T0005877742,3
T0005877743,3
T0005877744,1
T0005877745,1
T0005877747,1
T0005877748,2
T0005877751,1
T0005877755,2
T0005877760,3
T0005877761,3
T0005877763,3
T0005877766,2
T0005877767,2
T0005877768,3
T0005877771,2
T0005877772,3
T0005877779,2
T0005877781,1
T0005877783,1
T0005877787,2
T0005877788,3
T0005877790,2
T0005877792,1
T0005877794,2
T0005877795,3
T0005877805,2
T0005877807,2
T0005877810,2
T0005877812,1
T0005877819,3
T0005877824,2
T0005877831,1
T0005877832,2
T0005877833,3
T0005877834,2
T0005877838,3
T0005877839,2
T0005877841,1
T0005877845,2
T0005877849,3
T0005877850,2
T0005877853,2
T0005877859,1
T0005877860,3
T0005877861,3
T0005877864,2
T0005877865,2
T0005877867,3
T0005877872,1
T0005877873,1
T0005877874,2
T0005877876,2
T0005877877,1
T0005877879,1
T0005877882,2
T0005877888,3
T0005877890,2
T0005877894,2
T0005877897,2
T0005877898,3
T0005877900,2
T0005877903,2
T0005877905,2
T0005877912,1
T0005877916,1
T0005877917,3
T0005877919,3
T0005877920,2
T0005877921,1
T0005877927,1
T0005877932,1
T0005877935,2
T0005877936,1
T0005877937,2
T0005877938,3
T0005877940,2
T0005877941,3
T0005877947,1
T0005877948,2
T0005877949,1
T0005877952,1
T0005877954,2
T0005877956,3
T0005877957,3
T0005877958,3
T0005877959,2
T0005877961,3
T0005877964,2
T0005877965,1
T0005877966,1
T0005877967,3
T0005877970,2
T0005877974,2
T0005877978,3
T0005877980,1
T0005877981,2
T0005877985,2
T0005877986,3
T0005877987,1
T0005877988,2
T0005877990,2
T0005877991,1
T0005878000,2
T0005878005,2
T0005878013,3
T0005878014,2
T0005878017,2
T0005878020,2
T0005878022,2
T0005878023,2
T0005878028,2
T0005878029,2
T0005878030,2
T0005878032,1
T0005878033,1
T0005878035,2
T0005878036,3
T0005878037,3
T0005878039,1
T0005878040,2
T0005878041,2
T0005878044,2
T0005878045,2
T0005878051,1
T0005878057,1
T0005878060,2
T0005878061,3
T0005878064,3
T0005878067,1
T0005878068,2
T0005878069,3
T0005878070,3
T0005878075,3
T0005878086,2
T0005878090,3
T0005878091,3
T0005878092,2
T0005878098,2
T0005878100,2
T0005878102,3
T0005878107,2
T0005878111,3
T0005878116,1
T0005878118,3
T0005878120,2
T0005878122,2
T0005878125,3
T0005878127,3
T0005878128,3
T0005878129,2
T0005878132,1
T0005878133,2
T0005878135,2
T0005878138,1
T0005878141,2
T0005878142,1
T0005878144,2
T0005878145,2
T0005878146,3
T0005878150,2
T0005878152,1
T0005878156,1
T0005878159,2
T0005878165,2
T0005878168,2
T0005878171,2
T0005878178,1
T0005878179,2
T0005878181,2
T0005878184,2
T0005878186,3
T0005878187,2
T0005878191,2
T0005878193,1
T0005878194,3
T0005878196,2
T0005878197,2
T0005878200,2
T0005878204,2
T0005878210,2
T0005878212,1
T0005878217,3
T0005878218,3
T0005878220,3
T0005878224,2
T0005878225,1
T0005878226,2
T0005878231,3
T0005878233,2
T0005878238,3
T0005878244,2
T0005878246,3
T0005878247,3
T0005878248,2
T0005878252,3
T0005878253,1
T0005878257,2
T0005878258,3
T0005878259,2
T0005878264,2
T0005878265,2
T0005878266,2
T0005878273,1
T0005878274,1
T0005878275,3
T0005878276,1
T0005878280,3
T0005878286,1
T0005878287,1
T0005878288,2
T0005878289,2
T0005878291,2
T0005878293,3
T0005878300,2
T0005878301,2
T0005878302,1
T0005878304,2
T0005878305,3
T0005878306,2
T0005878310,2
T0005878312,3
T0005878313,2
T0005878315,3
T0005878316,1
T0005878322,3
T0005878323,2
T0005878325,3
T0005878327,1
T0005878331,2
T0005878332,1
T0005878336,2
T0005878337,2
T0005878339,3
T0005878340,3
T0005878343,1
T0005878348,2
T0005878351,1
T0005878354,1
T0005878355,3
T0005878357,3
T0005878358,1
T0005878361,2
T0005878362,2
T0005878363,2
T0005878365,3
T0005878366,3
T0005878367,1
T0005878368,2
T0005878370,3
T0005878371,2
T0005878374,3
T0005878375,2
T0005878376,3
T0005878379,3
T0005878380,3
T0005878382,3
T0005878387,1
T0005878388,2
T0005878393,2
T0005878394,2
T0005878395,1
T0005878397,1
T0005878399,3
T0005878400,3
T0005878401,2
T0005878402,2
T0005878404,2
T0005878408,2
T0005878409,1
T0005878410,1
T0005878412,1
T0005878413,1
T0005878414,2
T0005878415,3
T0005878416,2
T0005878417,3
T0005878423,1
T0005878429,1
T0005878435,3
T0005878436,1
T0005878438,3
T0005878442,2
T0005878444,2
T0005878445,3
T0005878449,1
T0005878452,3
T0005878455,2
T0005878456,1
T0005878460,3
T0005878468,3
T0005878469,1
T0005878470,2
T0005878472,2
T0005878473,3
T0005878475,2
T0005878476,3
T0005878480,2
T0005878484,2
T0005878485,3
T0005878491,2
T0005878493,3
T0005878495,2
T0005878497,2
T0005878498,2
T0005878501,2
T0005878503,2
T0005878505,2
T0005878508,3
T0005878510,2
T0005878511,3
T0005878512,2
T0005878513,2
T0005878514,3
T0005878516,3
T0005878517,3
T0005878518,2
T0005878519,3
T0005878520,2
T0005878522,1
T0005878523,1
T0005878526,1
T0005878527,2
T0005878529,3
T0005878530,2
T0005878533,3
T0005878538,3
T0005878539,2
T0005878542,3
T0005878543,2
T0005878544,1
T0005878551,3
T0005878557,3
T0005878560,1
T0005878561,2
T0005878566,2
T0005878568,2
T0005878572,2
T0005878573,3
T0005878574,3
T0005878576,3
T0005878577,1
T0005878579,2
T0005878581,2
T0005878583,1
T0005878586,2
T0005878587,3
T0005878589,3
T0005878592,2
T0005878596,3
T0005878602,2
T0005878607,3
T0005878608,1
T0005878609,2
T0005878610,3
T0005878611,3
T0005878613,3
T0005878615,2
T0005878616,2
T0005878619,2
T0005878621,3
T0005878631,1
T0005878632,2
T0005878634,2
T0005878635,1
T0005878638,3
T0005878640,1
T0005878642,2
T0005878643,2
T0005878644,2
T0005878645,2
T0005878646,2
T0005878649,1
T0005878651,3
T0005878654,1
T0005878655,3
T0005878656,1
T0005878657,2
T0005878661,2
T0005878662,2
T0005878663,2
T0005878667,3
T0005878668,2
T0005878670,3
T0005878673,2
T0005878676,2
T0005878680,2
T0005878682,1
T0005878689,2
T0005878691,2
T0005878693,3
T0005878694,3
T0005878698,2
T0005878699,3
T0005878700,2
T0005878702,2
T0005878703,2
T0005878706,2
T0005878708,2
T0005878712,2
T0005878718,3
T0005878719,1
T0005878721,2
T0005878722,2
T0005878723,2
T0005878724,2
T0005878725,1
T0005878727,2
T0005878729,3
T0005878730,2
T0005878736,3
T0005878740,2
T0005878744,2
T0005878745,2
T0005878749,2
T0005878755,3
T0005878758,3
T0005878759,1
T0005878760,3
T0005878761,2
T0005878765,2
T0005878766,3
T0005878767,2
T0005878768,2
T0005878769,2
T0005878774,3
T0005878778,2
T0005878781,2
T0005878783,1
T0005878784,3
T0005878787,3
T0005878788,2
T0005878789,3
T0005878790,1
T0005878792,2
T0005878796,2
T0005878803,2
T0005878804,3
T0005878814,3
T0005878815,2
T0005878816,2
T0005878819,3
T0005878822,3
T0005878827,2
T0005878834,1
T0005878837,3
T0005878838,3
T0005878840,3
T0005878842,3
T0005878844,2
T0005878845,2
T0005878851,3
T0005878857,2
T0005878860,2
T0005878861,2
T0005878864,3
T0005878865,1
T0005878866,2
T0005878867,3
T0005878868,3
T0005878869,2
T0005878870,2
T0005878871,3
T0005878875,3
T0005878876,3
T0005878877,2
T0005878881,3
T0005878885,2
T0005878887,2
T0005878893,3
T0005878896,2
T0005878899,1
T0005878900,1
T0005878904,1
T0005878909,1
T0005878910,2
T0005878912,1
T0005878914,2
T0005878918,3
T0005878919,1
T0005878920,1
T0005878924,2
T0005878925,2
T0005878926,3
T0005878927,1
T0005878929,2
T0005878930,2
T0005878933,2
T0005878936,1
T0005878942,2
T0005878946,2
T0005878948,1
T0005878952,2
T0005878953,2
T0005878955,1
T0005878957,3
T0005878961,2
T0005878962,3
T0005878964,2
T0005878966,1
T0005878970,3
T0005878971,3
T0005878973,3
T0005878974,1
T0005878982,3
T0005878994,2
T0005878998,3
T0005879005,2
T0005879008,3
T0005879009,3
T0005879011,1
T0005879013,2
T0005879015,3
T0005879018,2
T0005879022,1
T0005879023,2
T0005879030,3
T0005879033,2
T0005879034,3
T0005879035,3
T0005879036,2
T0005879041,3
T0005879047,2
T0005879049,2
T0005879050,2
T0005879052,1
T0005879054,2
T0005879056,1
T0005879057,3
T0005879059,2
T0005879061,2
T0005879064,3
T0005879066,1
T0005879067,2
T0005879068,3
T0005879070,1
T0005879071,2
T0005879073,2
T0005879079,2
T0005879081,3
T0005879082,2
T0005879083,1
T0005879088,2
T0005879094,2
T0005879095,2
T0005879097,2
T0005879098,3
T0005879099,3
T0005879100,3
T0005879101,3
T0005879105,3
T0005879108,2
T0005879124,3
T0005879128,3
T0005879129,1
T0005879131,2
T0005879140,3
T0005879142,3
T0005879144,2
T0005879145,3
T0005879148,2
T0005879149,2
T0005879151,3
T0005879152,3
T0005879158,2
T0005879159,3
T0005879161,2
T0005879162,2
T0005879165,1
T0005879169,1
T0005879174,3
T0005879176,1
T0005879182,2
T0005879183,2
T0005879184,1
T0005879188,2
T0005879193,1
T0005879194,3
T0005879195,3
T0005879196,3
T0005879197,2
T0005879202,3
T0005879204,3
T0005879206,2
T0005879208,2
T0005879213,2
T0005879214,2
T0005879215,3
T0005879218,1
T0005879219,3
T0005879221,3
T0005879223,2
T0005879225,1
T0005879227,1
T0005879228,1
T0005879230,3
T0005879231,2
T0005879232,2
T0005879233,2
T0005879236,3
T0005879238,1
T0005879239,3
T0005879240,3
T0005879241,1
T0005879243,2
T0005879247,2
T0005879249,2
T0005879250,1
T0005879251,2
T0005879256,1
T0005879258,2
T0005879260,3
T0005879261,3
T0005879264,1
T0005879265,2
T0005879270,1
T0005879275,2
T0005879276,2
T0005879279,3
T0005879281,1
T0005879283,1
T0005879284,1
T0005879286,2
T0005879287,2
T0005879289,2
T0005879290,2
T0005879292,3
T0005879296,2
T0005879297,1
T0005879298,2
T0005879302,3
T0005879306,2
T0005879307,2
T0005879308,3
T0005879311,3
T0005879312,2
T0005879315,2
T0005879321,2
T0005879326,2
T0005879327,1
T0005879336,1
T0005879337,1
T0005879343,2
T0005879344,1
T0005879346,2
T0005879348,3
T0005879349,2
T0005879350,2
T0005879352,2
T0005879354,2
T0005879367,2
T0005879368,1
T0005879369,2
T0005879370,3
T0005879371,2
T0005879372,1
T0005879380,2
T0005879383,2
T0005879385,3
T0005879386,2
T0005879393,3
T0005879398,3
T0005879399,2
T0005879400,2
T0005879402,2
T0005879405,1
T0005879412,2
T0005879413,3
T0005879416,2
T0005879417,2
T0005879426,3
T0005879427,1
T0005879432,2
T0005879435,2
T0005879436,3
T0005879437,1
T0005879438,3
T0005879439,2
T0005879442,3
T0005879443,1
T0005879450,3
T0005879453,3
T0005879459,3
T0005879460,3
T0005879461,2
T0005879463,2
T0005879464,3
T0005879467,2
T0005879469,2
T0005879470,1
T0005879472,2
T0005879479,3
T0005879481,3
T0005879484,1
T0005879486,3
T0005879491,1
T0005879494,2
T0005879495,2
T0005879497,3
T0005879498,3
T0005879500,2
T0005879502,2
T0005879503,1
T0005879505,1
T0005879508,2
T0005879510,3
T0005879511,3
T0005879513,3
T0005879518,3
T0005879519,1
T0005879522,1
T0005879524,2
T0005879525,3
T0005879527,3
T0005879528,2
T0005879529,3
T0005879538,2
T0005879540,2
T0005879543,2
T0005879544,1
T0005879548,1
T0005879550,2
T0005879552,1
T0005879556,2
T0005879559,2
T0005879562,2
T0005879564,3
T0005879567,3
T0005879568,2
T0005879569,1
T0005879570,1
T0005879572,3
T0005879573,3
T0005879576,1
T0005879580,3
T0005879584,2
T0005879587,2
T0005879588,2
T0005879589,2
T0005879592,2
T0005879595,2
T0005879597,3
T0005879600,3
T0005879601,2
T0005879602,3
T0005879603,1
T0005879605,3
T0005879606,3
T0005879607,1
T0005879608,2
T0005879609,1
T0005879610,1
T0005879613,3
T0005879620,2
T0005879624,2
T0005879626,2
T0005879627,2
T0005879628,1
T0005879630,1
T0005879632,2
T0005879633,1
T0005879642,3
T0005879643,2
T0005879644,2
T0005879645,3
T0005879650,2
T0005879654,2
T0005879663,3
T0005879664,2
T0005879665,3
T0005879666,2
T0005879668,2
T0005879670,3
T0005879671,2
T0005879673,2
T0005879674,3
T0005879679,2
T0005879680,2
T0005879684,2
T0005879688,3
T0005879690,2
T0005879691,2
T0005879696,3
T0005879697,2
T0005879699,2
T0005879703,1
T0005879709,2
T0005879713,2
T0005879715,1
T0005879720,1
T0005879724,2
T0005879725,1
T0005879731,2
T0005879732,1
T0005879735,3
T0005879737,3
T0005879738,3
T0005879740,2
T0005879742,2
T0005879743,1
T0005879744,3
T0005879746,2
T0005879748,1
T0005879749,2
T0005879750,2
T0005879751,2
T0005879752,3
T0005879754,1
T0005879757,2
T0005879758,2
T0005879759,2
T0005879760,1
T0005879763,1
T0005879764,1
T0005879766,2
T0005879767,1
T0005879769,2
T0005879771,2
T0005879774,2
T0005879777,2
T0005879785,2
T0005879786,1
T0005879789,2
T0005879791,3
T0005879795,2
T0005879800,2
T0005879801,3
T0005879802,1
T0005879805,2
T0005879807,2
T0005879811,3
T0005879812,3
T0005879814,1
T0005879815,1
T0005879819,1
T0005879820,2
T0005879821,2
T0005879822,2
T0005879824,2
T0005879827,2
T0005879829,2
T0005879832,1
T0005879834,2
T0005879839,2
T0005879841,3
T0005879842,1
T0005879843,2
T0005879845,3
T0005879848,1
T0005879852,1
T0005879855,3
T0005879856,3
T0005879857,2
T0005879858,2
T0005879862,2
T0005879864,2
T0005879867,3
T0005879868,3
T0005879873,3
T0005879877,1
T0005879879,3
T0005879882,3
T0005879887,3
T0005879889,1
T0005879891,2
T0005879892,1
T0005879896,2
T0005879901,1
T0005879902,2
T0005879904,3
T0005879906,3
T0005879907,3
T0005879911,3
T0005879912,3
T0005879913,2
T0005879916,2
T0005879917,2
T0005879920,2
T0005879922,3
T0005879923,2
T0005879925,2
T0005879926,2
T0005879928,1
T0005879929,1
T0005879934,3
T0005879936,1
T0005879937,3
T0005879939,3
T0005879940,3
T0005879942,2
T0005879943,2
T0005879954,2
T0005879958,2
T0005879964,2
T0005879965,2
T0005879967,2
T0005879976,2
T0005879978,2
T0005879980,3
T0005879983,2
T0005879984,2
T0005879986,1
T0005879988,3
T0005879989,1
T0005879991,1
T0005879993,2
T0005879996,2
T0005880000,2
T0005880002,2
T0005880005,3
T0005880006,3
T0005880008,3
T0005880009,1
T0005880012,3
T0005880013,2
T0005880018,1
T0005880019,2
T0005880020,3
T0005880024,3
T0005880025,2
T0005880026,3
T0005880027,3
T0005880028,3
T0005880029,2
T0005880030,1
T0005880032,1
T0005880034,2
T0005880036,3
T0005880039,2
T0005880041,1
T0005880042,3
T0005880043,3
T0005880047,3
T0005880049,2
T0005880050,1
T0005880052,3
T0005880057,1
T0005880066,2
T0005880069,3
T0005880070,3
T0005880073,1
T0005880075,3
T0005880081,3
T0005880082,1
T0005880084,3
T0005880085,2
T0005880086,2
T0005880087,2
T0005880089,2
T0005880094,3
T0005880096,2
T0005880098,2
T0005880101,2
T0005880112,2
T0005880115,2
T0005880119,2
T0005880121,1
T0005880122,2
T0005880125,2
T0005880128,2
T0005880133,1
T0005880137,2
T0005880139,3
T0005880141,2
T0005880143,3
T0005880147,1
T0005880148,3
T0005880149,3
T0005880150,3
T0005880152,2
T0005880153,1
T0005880154,2
T0005880160,1
T0005880161,2
T0005880162,2
T0005880164,1
T0005880170,2
T0005880172,1
T0005880174,2
T0005880176,3
T0005880178,2
T0005880179,2
T0005880184,2
T0005880188,1
T0005880190,3
T0005880196,1
T0005880201,3
T0005880202,2
T0005880203,3
T0005880206,2
T0005880209,2
T0005880211,2
T0005880216,2
T0005880217,2
T0005880225,2
T0005880228,2
T0005880230,2
T0005880234,3
T0005880236,1
T0005880237,3
T0005880238,2
T0005880241,2
T0005880242,2
T0005880244,2
T0005880247,2
T0005880249,2
T0005880254,3
T0005880260,2
T0005880262,2
T0005880263,2
T0005880270,1
T0005880271,2
T0005880272,2
T0005880275,3
T0005880283,2
T0005880286,2
T0005880288,3
T0005880290,1
T0005880298,2
T0005880299,2
T0005880301,2
T0005880302,2
T0005880303,2
T0005880305,2
T0005880306,3
T0005880309,3
T0005880311,2
T0005880315,1
T0005880318,3
T0005880319,3
T0005880322,1
T0005880323,2
T0005880326,1
T0005880332,1
T0005880334,2
T0005880336,2
T0005880338,3
T0005880341,3
T0005880344,1
T0005880345,2
T0005880349,3
T0005880354,3
T0005880357,2
T0005880358,1
T0005880363,2
T0005880364,3
T0005880365,3
T0005880369,3
T0005880373,2
T0005880374,3
T0005880375,2
T0005880376,3
T0005880384,3
T0005880385,1
T0005880389,1
T0005880391,2
T0005880393,2
T0005880398,1
T0005880402,2
T0005880403,3
T0005880404,2
T0005880409,3
T0005880411,3
T0005880418,3
T0005880420,3
T0005880426,2
T0005880429,2
T0005880430,2
T0005880431,2
T0005880433,1
T0005880434,3
T0005880435,2
T0005880437,2
T0005880440,1
T0005880441,2
T0005880444,3
T0005880453,3
T0005880457,3
T0005880458,3
T0005880459,2
T0005880460,2
T0005880466,3
T0005880467,3
T0005880469,2
T0005880470,2
T0005880471,2
T0005880474,2
T0005880480,3
T0005880482,3
T0005880487,2
T0005880488,3
T0005880493,3
T0005880496,2
T0005880497,1
T0005880498,3
T0005880499,2
T0005880500,1
T0005880501,2
T0005880503,3
T0005880504,3
T0005880505,2
T0005880506,2
T0005880507,2
T0005880508,1
T0005880516,3
T0005880517,3
T0005880518,2
T0005880519,3
T0005880528,1
T0005880529,2
T0005880530,3
T0005880532,3
T0005880538,3
T0005880539,2
T0005880541,2
T0005880543,2
T0005880544,3
T0005880545,2
T0005880549,1
T0005880552,3
T0005880553,1
T0005880556,2
T0005880559,2
T0005880560,2
T0005880561,2
T0005880563,1
T0005880570,3
T0005880572,3
T0005880574,2
T0005880577,1
T0005880580,3
T0005880583,2
T0005880585,2
T0005880586,2
T0005880587,1
T0005880588,2
T0005880591,3
T0005880592,3
T0005880593,1
T0005880594,3
T0005880605,1
T0005880607,1
T0005880609,1
T0005880611,3
T0005880612,2
T0005880615,3
T0005880622,1
T0005880623,2
T0005880624,2
T0005880626,2
T0005880627,1
T0005880628,2
T0005880631,1
T0005880640,2
T0005880641,1
T0005880643,2
T0005880646,3
T0005880649,2
T0005880653,2
T0005880655,1
T0005880658,1
T0005880662,1
T0005880663,2
T0005880665,2
T0005880666,2
T0005880667,2
T0005880674,1
T0005880676,2
T0005880680,3
T0005880682,2
T0005880684,2
T0005880693,3
T0005880703,2
T0005880704,1
T0005880706,2
T0005880708,3
T0005880709,3
T0005880716,2
T0005880722,2
T0005880726,2
T0005880727,3
T0005880733,2
T0005880736,1
T0005880737,2
T0005880738,3
T0005880741,1
T0005880742,2
T0005880746,1
T0005880748,3
T0005880750,2
T0005880751,2
T0005880753,3
T0005880754,1
T0005880755,3
T0005880756,2
T0005880759,2
T0005880762,3
T0005880763,2
T0005880764,3
T0005880765,1
T0005880766,2
T0005880768,2
T0005880771,1
T0005880773,2
T0005880774,2
T0005880776,1
T0005880778,2
T0005880779,2
T0005880780,1
T0005880782,3
T0005880792,1
T0005880793,2
T0005880794,3
T0005880796,2
T0005880797,2
T0005880801,2
T0005880802,2
T0005880811,1
T0005880813,1
T0005880821,2
T0005880822,3
T0005880826,2
T0005880830,2
T0005880832,1
T0005880835,2
T0005880842,2
T0005880844,2
T0005880846,2
T0005880847,2
T0005880850,3
T0005880852,2
T0005880854,2
T0005880864,2
T0005880870,2
T0005880871,2
T0005880872,1
T0005880876,1
T0005880877,2
T0005880878,3
T0005880881,3
T0005880884,2
T0005880885,2
T0005880888,1
T0005880891,1
T0005880896,1
T0005880900,1
T0005880901,2
T0005880903,2
T0005880910,2
T0005880912,2
T0005880916,1
T0005880921,2
T0005880926,3
T0005880928,2
T0005880933,2
T0005880935,2
T0005880937,3
T0005880942,2
T0005880943,3
T0005880945,3
T0005880950,1
T0005880953,3
T0005880955,2
T0005880956,3
T0005880959,2
T0005880961,3
T0005880964,2
T0005880965,2
T0005880971,3
T0005880973,3
T0005880976,2
T0005880981,3
T0005880986,2
T0005880987,2
T0005880988,2
T0005880989,3
T0005880990,2
T0005880991,3
T0005880995,3
T0005880997,2
T0005880999,3
T0005881001,2
T0005881005,3
T0005881006,3
T0005881013,2
T0005881015,2
T0005881017,3
T0005881018,2
T0005881021,2
T0005881024,2
T0005881025,2
T0005881030,2
T0005881031,1
T0005881033,1
T0005881034,2
T0005881035,1
T0005881040,3
T0005881041,2
T0005881044,3
T0005881050,1
T0005881051,3
T0005881052,3
T0005881057,3
T0005881059,2
T0005881060,3
T0005881061,3
T0005881062,2
T0005881063,2
T0005881065,2
T0005881077,2
T0005881087,3
T0005881088,2
T0005881089,3
T0005881099,2
T0005881100,3
T0005881103,2
T0005881104,2
T0005881105,2
T0005881107,3
T0005881112,1
T0005881115,1
T0005881118,2
T0005881129,2
T0005881132,2
T0005881133,3
T0005881136,1
T0005881137,2
T0005881140,1
T0005881142,2
T0005881145,2
T0005881148,2
T0005881151,2
T0005881152,3
T0005881155,2
T0005881156,1
T0005881157,1
T0005881158,3
T0005881159,3
T0005881167,2
T0005881168,2
T0005881172,2
T0005881173,2
T0005881174,2
T0005881175,2
T0005881176,2
T0005881177,3
T0005881181,1
T0005881185,2
T0005881191,3
T0005881192,2
T0005881193,3
T0005881195,1
T0005881200,2
T0005881203,2
T0005881204,1
T0005881207,3
T0005881209,3
T0005881211,1
T0005881215,3
T0005881216,3
T0005881217,2
T0005881220,3
T0005881221,2
T0005881223,2
T0005881227,2
T0005881228,2
T0005881230,1
T0005881233,2
T0005881240,2
T0005881241,1
T0005881242,3
T0005881251,2
T0005881252,1
T0005881253,3
T0005881254,3
T0005881257,2
T0005881258,2
T0005881260,1
T0005881261,2
T0005881263,2
T0005881267,1
T0005881268,3
T0005881272,2
T0005881274,1
T0005881278,3
T0005881279,1
T0005881282,2
T0005881283,1
T0005881285,2
T0005881288,2
T0005881294,1
T0005881296,3
T0005881297,1
T0005881300,1
T0005881302,2
T0005881304,2
T0005881306,2
T0005881307,2
T0005881308,2
T0005881310,1
T0005881312,3
T0005881316,2
T0005881318,1
T0005881320,3
T0005881324,1
T0005881328,2
T0005881329,3
T0005881330,2
T0005881333,2
T0005881334,2
T0005881336,1
T0005881338,2
T0005881343,2
T0005881344,3
T0005881347,1
T0005881352,1
T0005881354,2
T0005881356,3
T0005881357,1
T0005881358,2
T0005881363,2
T0005881372,3
T0005881377,3
T0005881379,2
T0005881380,3
T0005881390,2
T0005881391,3
T0005881395,1
T0005881396,2
T0005881401,2
T0005881404,2
T0005881405,2
T0005881408,3
T0005881409,1
T0005881410,3
T0005881414,2
T0005881417,2
T0005881419,2
T0005881421,1
T0005881423,3
T0005881424,3
T0005881427,3
T0005881430,2
T0005881432,2
T0005881436,3
T0005881439,3
T0005881441,3
T0005881443,2
T0005881444,2
T0005881447,2
T0005881448,3
T0005881451,3
T0005881452,2
T0005881454,2
T0005881458,2
T0005881459,2
T0005881461,2
T0005881463,3
T0005881464,2
T0005881468,3
T0005881477,2
T0005881478,3
T0005881485,1
T0005881492,1
T0005881493,2
T0005881494,1
T0005881495,1
T0005881498,2
T0005881499,2
T0005881510,3
T0005881511,2
T0005881515,3
T0005881518,3
T0005881519,2
T0005881520,2
T0005881521,2
T0005881523,3
T0005881526,3
T0005881528,3
T0005881529,3
T0005881530,2
T0005881534,3
T0005881539,2
T0005881543,3
T0005881544,3
T0005881545,2
T0005881550,3
T0005881551,1
T0005881553,1
T0005881558,1
T0005881560,3
T0005881563,3
T0005881564,3
T0005881566,2
T0005881570,3
T0005881571,2
T0005881573,3
T0005881576,1
T0005881578,2
T0005881582,3
T0005881583,2
T0005881586,3
T0005881588,2
T0005881593,3
T0005881595,3
T0005881598,2
T0005881599,3
T0005881604,2
T0005881609,3
T0005881613,2
T0005881615,2
T0005881619,3
T0005881620,1
T0005881622,2
T0005881623,2
T0005881625,1
T0005881629,2
T0005881630,3
T0005881633,2
T0005881634,2
T0005881635,3
T0005881641,3
T0005881644,3
T0005881645,1
T0005881648,3
T0005881650,2
T0005881652,2
T0005881654,2
T0005881656,3
T0005881658,2
T0005881659,3
T0005881660,1
T0005881665,3
T0005881667,2
T0005881669,3
T0005881681,3
T0005881683,3
T0005881684,2
T0005881685,3
T0005881687,2
T0005881689,2
T0005881691,2
T0005881694,3
T0005881695,1
T0005881697,3
T0005881699,2
T0005881704,3
T0005881705,2
T0005881706,3
T0005881710,2
T0005881715,2
T0005881723,3
T0005881724,2
T0005881727,2
T0005881729,1
T0005881733,3
T0005881734,2
T0005881740,2
T0005881741,1
T0005881742,3
T0005881743,2
T0005881748,2
T0005881749,2
T0005881751,3
T0005881753,2
T0005881754,3
T0005881756,2
T0005881762,2
T0005881763,2
T0005881769,2
T0005881770,2
T0005881772,1
T0005881774,2
T0005881775,2
T0005881778,2
T0005881781,2
T0005881783,2
T0005881789,2
T0005881790,2
T0005881791,1
T0005881792,2
T0005881794,2
T0005881797,3
T0005881798,2
T0005881800,1
T0005881801,2
T0005881802,2
T0005881804,2
T0005881807,2
T0005881808,3
T0005881810,2
T0005881812,2
T0005881813,1
T0005881815,2
T0005881816,2
T0005881817,2
T0005881825,2
T0005881826,1
T0005881828,2
T0005881829,2
T0005881833,2
T0005881834,2
T0005881837,2
T0005881838,2
T0005881841,3
T0005881844,3
T0005881845,2
T0005881846,2
T0005881847,3
T0005881848,3
T0005881849,2
T0005881851,3
T0005881855,3
T0005881856,2
T0005881857,2
T0005881858,1
T0005881863,3
T0005881868,1
T0005881875,2
T0005881876,3
T0005881878,1
T0005881879,3
T0005881882,2
T0005881883,2
T0005881886,2
T0005881889,3
T0005881890,3
T0005881895,2
T0005881896,3
T0005881897,1
T0005881898,1
T0005881901,3
T0005881902,3
T0005881903,3
T0005881904,3
T0005881906,2
T0005881910,3
T0005881912,3
T0005881913,1
T0005881916,2
T0005881918,2
T0005881921,1
T0005881922,3
T0005881923,2
T0005881929,2
T0005881930,2
T0005881932,3
T0005881934,2
T0005881938,2
T0005881939,1
T0005881941,3
T0005881942,2
T0005881943,2
T0005881945,2
T0005881947,1
T0005881951,2
T0005881953,2
T0005881954,2
T0005881955,3
T0005881956,2
T0005881958,1
T0005881959,3
T0005881961,3
T0005881966,2
T0005881968,3
T0005881970,2
T0005881971,3
T0005881977,2
T0005881978,2
T0005881979,1
T0005881980,3
T0005881982,2
T0005881985,3
T0005881988,3
T0005881991,3
T0005881996,3
T0005881997,2
T0005882000,3
T0005882003,3
T0005882006,3
T0005882008,3
T0005882009,2
T0005882010,2
T0005882013,2
T0005882014,3
T0005882016,2
T0005882017,1
T0005882020,1
T0005882021,3
T0005882023,3
T0005882027,2
T0005882028,2
T0005882029,3
T0005882033,1
T0005882036,3
T0005882037,1
T0005882038,3
T0005882041,2
T0005882043,2
T0005882046,2
T0005882048,2
T0005882049,3
T0005882054,1
T0005882056,2
T0005882057,3
T0005882060,2
T0005882061,2
T0005882062,2
T0005882063,2
T0005882069,2
T0005882070,2
T0005882074,3
T0005882077,3
T0005882078,2
T0005882079,1
T0005882083,1
T0005882084,1
T0005882086,2
T0005882087,2
T0005882088,2
T0005882089,3
T0005882095,3
T0005882096,2
T0005882097,1
T0005882100,2
T0005882101,2
T0005882106,2
T0005882109,2
T0005882110,2
T0005882111,2
T0005882112,2
T0005882113,2
T0005882117,3
T0005882120,2
T0005882122,1
T0005882123,3
T0005882128,1
T0005882131,2
T0005882132,1
T0005882133,1
T0005882134,2
T0005882136,3
T0005882137,3
T0005882138,2
T0005882139,1
T0005882142,3
T0005882143,3
T0005882151,2
T0005882152,1
T0005882153,1
T0005882154,2
T0005882158,3
T0005882160,3
T0005882161,1
T0005882163,2
T0005882164,1
T0005882165,2
T0005882168,2
T0005882172,2
T0005882177,2
T0005882184,2
T0005882185,2
T0005882186,3
T0005882187,3
T0005882191,2
T0005882200,1
T0005882203,1
T0005882204,2
T0005882206,3
T0005882207,3
T0005882208,3
T0005882209,2
T0005882212,2
T0005882213,2
T0005882217,3
T0005882218,2
T0005882221,1
T0005882222,1
T0005882223,3
T0005882230,1
T0005882232,2
T0005882238,3
T0005882239,2
T0005882245,3
T0005882251,2
T0005882253,2
T0005882254,2
T0005882255,1
T0005882258,2
T0005882259,2
T0005882260,1
T0005882261,2
T0005882262,2
T0005882263,1
T0005882271,3
T0005882272,3
T0005882280,1
T0005882281,3
T0005882283,1
T0005882285,3
T0005882286,1
T0005882288,2
T0005882291,3
T0005882294,3
T0005882300,1
T0005882302,2
T0005882305,2
T0005882314,1
T0005882317,2
T0005882318,2
T0005882319,3
T0005882321,2
T0005882322,2
T0005882323,1
T0005882324,2
T0005882325,1
T0005882326,1
T0005882328,2
T0005882329,1
T0005882330,3
T0005882333,3
T0005882335,2
T0005882337,2
T0005882338,1
T0005882339,1
T0005882340,3
T0005882341,2
T0005882343,3
T0005882347,2
T0005882348,3
T0005882349,1
T0005882351,2
T0005882353,1
T0005882355,3
T0005882361,2
T0005882363,3
T0005882364,3
T0005882365,2
T0005882366,1
T0005882371,3
T0005882373,1
T0005882374,2
T0005882377,2
T0005882380,3
T0005882382,2
T0005882383,2
T0005882395,2
T0005882396,2
T0005882402,3
T0005882409,2
T0005882416,2
T0005882419,2
T0005882421,1
T0005882425,3
T0005882426,3
T0005882427,2
T0005882433,2
T0005882436,2
T0005882449,2
T0005882452,1
T0005882456,2
T0005882457,2
T0005882462,3
T0005882463,3
T0005882465,2
T0005882468,2
T0005882470,3
T0005882473,3
T0005882474,1
T0005882477,2
T0005882478,2
T0005882479,2
T0005882482,3
T0005882483,3
T0005882486,2
T0005882487,2
T0005882492,1
T0005882495,2
T0005882497,2
T0005882502,2
T0005882508,2
T0005882510,1
T0005882513,3
T0005882514,3
T0005882515,1
T0005882517,3
T0005882519,1
T0005882524,2
T0005882525,3
T0005882528,2
T0005882534,2
T0005882535,3
T0005882537,3
T0005882545,1
T0005882547,3
T0005882549,2
T0005882550,2
T0005882551,1
T0005882552,2
T0005882558,1
T0005882560,2
T0005882562,2
T0005882563,2
T0005882570,3
T0005882571,3
T0005882572,3
T0005882574,2
T0005882577,2
T0005882578,3
T0005882579,1
T0005882580,2
T0005882581,2
T0005882585,3
T0005882587,1
T0005882592,3
T0005882593,2
T0005882594,1
T0005882595,2
T0005882596,3
T0005882604,3
T0005882605,1
T0005882607,2
T0005882608,2
T0005882613,3
T0005882614,3
T0005882615,2
T0005882618,2
T0005882619,2
T0005882620,2
T0005882623,1
T0005882624,2
T0005882627,3
T0005882634,3
T0005882635,2
T0005882639,2
T0005882640,2
T0005882646,2
T0005882648,3
T0005882649,2
T0005882652,3
T0005882657,2
T0005882658,2
T0005882660,3
T0005882663,3
T0005882664,2
T0005882666,2
T0005882669,2
T0005882675,1
T0005882684,2
T0005882685,2
T0005882686,2
T0005882688,2
T0005882692,3
T0005882699,1
T0005882703,1
T0005882704,2
T0005882711,2
T0005882713,1
T0005882718,2
T0005882719,2
T0005882720,3
T0005882721,3
T0005882723,3
T0005882728,3
T0005882729,2
T0005882733,3
T0005882734,1
T0005882736,3
T0005882738,2
T0005882741,2
T0005882743,1
T0005882745,1
T0005882747,3
T0005882748,1
T0005882752,3
T0005882754,3
T0005882756,3
T0005882757,2
T0005882760,3
T0005882761,3
T0005882764,1
T0005882772,2
T0005882777,1
T0005882778,3
T0005882780,3
T0005882782,2
T0005882786,3
T0005882787,2
T0005882789,1
T0005882790,3
T0005882791,1
T0005882795,2
T0005882796,2
T0005882798,1
T0005882805,2
T0005882810,2
T0005882817,2
T0005882820,2
T0005882824,2
T0005882825,3
T0005882827,2
T0005882828,3
T0005882829,2
T0005882830,2
T0005882831,1
T0005882834,3
T0005882837,2
T0005882838,2
T0005882839,3
T0005882843,3
T0005882845,2
T0005882847,2
T0005882851,3
T0005882852,2
T0005882855,2
T0005882856,2
T0005882859,3
T0005882860,3
T0005882861,1
T0005882866,3
T0005882868,2
T0005882869,3
T0005882872,1
T0005882873,1
T0005882875,2
T0005882878,2
T0005882882,2
T0005882883,3
T0005882887,2
T0005882888,3
T0005882890,2
T0005882893,2
T0005882897,1
T0005882901,2
T0005882902,3
T0005882905,2
T0005882907,2
T0005882908,2
T0005882909,3
T0005882913,3
T0005882914,2
T0005882917,2
T0005882921,3
T0005882924,1
T0005882929,2
T0005882930,3
T0005882931,2
T0005882932,3
T0005882933,3
T0005882934,2
T0005882936,2
T0005882940,2
T0005882944,2
T0005882948,3
T0005882949,1
T0005882950,3
T0005882952,2
T0005882954,2
T0005882960,1
T0005882962,3
T0005882971,3
T0005882972,1
T0005882974,2
T0005882976,2
T0005882981,3
T0005882982,3
T0005882984,3
T0005882986,2
T0005882987,2
T0005882988,3
T0005882990,1
T0005882993,1
T0005882994,3
T0005882995,1
T0005882998,1
T0005883000,2
T0005883001,2
T0005883007,2
T0005883009,3
T0005883011,2
T0005883017,2
T0005883018,3
T0005883022,2
T0005883023,2
T0005883025,3
T0005883028,3
T0005883031,2
T0005883034,2
T0005883035,2
T0005883038,2
T0005883039,2
T0005883040,1
T0005883042,2
T0005883046,2
T0005883050,3
T0005883052,3
T0005883053,2
T0005883055,3
T0005883057,3
T0005883059,1
T0005883061,2
T0005883065,1
T0005883071,2
T0005883073,2
T0005883075,3
T0005883076,2
T0005883078,1
T0005883083,1
T0005883085,1
T0005883086,1
T0005883090,2
T0005883091,1
T0005883095,2
T0005883100,1
T0005883103,3
T0005883104,3
T0005883112,2
T0005883114,2
T0005883117,2
T0005883119,2
T0005883120,3
T0005883123,2
T0005883131,3
T0005883133,3
T0005883135,2
T0005883138,2
T0005883151,3
T0005883152,3
T0005883153,3
T0005883155,1
T0005883157,2
T0005883158,3
T0005883160,3
T0005883162,1
T0005883163,2
T0005883165,3
T0005883167,2
T0005883168,1
T0005883169,1
T0005883175,2
T0005883176,1
T0005883177,3
T0005883179,3
T0005883180,3
T0005883181,3
T0005883184,2
T0005883185,2
T0005883186,1
T0005883188,3
T0005883189,1
T0005883190,2
T0005883191,1
T0005883193,1
T0005883194,2
T0005883195,2
T0005883197,2
T0005883198,3
T0005883199,3
T0005883201,3
T0005883206,3
T0005883207,1
T0005883208,2
T0005883209,2
T0005883210,3
T0005883212,3
T0005883213,2
T0005883215,2
T0005883220,1
T0005883221,2
T0005883224,2
T0005883225,2
T0005883226,2
T0005883228,2
T0005883231,3
T0005883232,1
T0005883235,1
T0005883238,3
T0005883239,3
T0005883241,2
T0005883248,2
T0005883255,2
T0005883257,3
T0005883260,2
T0005883263,1
T0005883264,1
T0005883266,3
T0005883269,2
T0005883273,3
T0005883275,3
T0005883276,2
T0005883277,3
T0005883278,2
T0005883279,2
T0005883288,2
T0005883289,3
T0005883293,2
T0005883294,1
T0005883297,1
T0005883299,3
T0005883301,2
T0005883304,3
T0005883305,3
T0005883306,2
T0005883307,1
T0005883308,3
T0005883310,2
T0005883311,3
T0005883312,2
T0005883315,3
T0005883318,3
T0005883320,3
T0005883321,2
T0005883325,2
T0005883329,2
T0005883330,3
T0005883339,1
T0005883344,1
T0005883345,3
T0005883349,3
T0005883351,2
T0005883352,2
T0005883356,1
T0005883357,2
T0005883358,1
T0005883360,2
T0005883365,2
T0005883368,2
T0005883369,3
T0005883372,2
T0005883373,1
T0005883378,2
T0005883379,1
T0005883381,3
T0005883383,2
T0005883385,3
T0005883387,1
T0005883388,2
T0005883389,3
T0005883391,2
T0005883392,2
T0005883396,2
T0005883400,3
T0005883406,3
T0005883408,2
T0005883410,1
T0005883414,2
T0005883417,2
T0005883419,3
T0005883423,3
T0005883425,1
T0005883428,3
T0005883431,1
T0005883434,2
T0005883435,2
T0005883436,1
T0005883440,3
T0005883442,2
T0005883444,2
T0005883446,2
T0005883448,2
T0005883450,1
T0005883453,2
T0005883454,2
T0005883455,2
T0005883458,2
T0005883465,1
T0005883469,3
T0005883472,2
T0005883474,3
T0005883480,2
T0005883486,3
T0005883488,2
T0005883490,2
T0005883491,2
T0005883492,2
T0005883494,2
T0005883496,3
T0005883502,2
T0005883507,2
T0005883517,3
T0005883519,3
T0005883520,2
T0005883525,1
T0005883526,2
T0005883527,3
T0005883530,3
T0005883531,2
T0005883538,1
T0005883542,2
T0005883544,3
T0005883545,2
T0005883548,2
T0005883550,2
T0005883552,2
T0005883553,2
T0005883557,2
T0005883559,2
T0005883562,1
T0005883564,2
T0005883568,3
T0005883574,3
T0005883575,1
T0005883578,2
T0005883580,3
T0005883581,1
T0005883582,2
T0005883588,1
T0005883595,3
T0005883597,3
T0005883599,1
T0005883603,1
T0005883605,3
T0005883606,2
T0005883609,2
T0005883612,1
T0005883613,2
T0005883614,3
T0005883621,1
T0005883623,2
T0005883629,2
T0005883630,1
T0005883631,3
T0005883635,2
T0005883638,2
T0005883639,1
T0005883641,2
T0005883647,2
T0005883649,1
T0005883651,3
T0005883653,2
T0005883655,2
T0005883660,2
T0005883661,3
T0005883662,1
T0005883663,1
T0005883666,2
T0005883668,1
T0005883671,2
T0005883672,3
T0005883673,2
T0005883676,1
T0005883677,3
T0005883681,3
T0005883686,2
T0005883689,1
T0005883691,2
T0005883692,2
T0005883694,3
T0005883696,1
T0005883702,2
T0005883703,3
T0005883707,1
T0005883708,2
T0005883712,2
T0005883713,3
T0005883714,3
T0005883716,3
T0005883717,2
T0005883719,2
T0005883724,1
T0005883726,3
T0005883728,3
T0005883732,3
T0005883733,2
T0005883738,1
T0005883739,2
T0005883741,2
T0005883744,2
T0005883745,2
T0005883746,3
T0005883751,1
T0005883754,2
T0005883755,2
T0005883760,2
T0005883763,2
T0005883764,1
T0005883765,1
T0005883767,2
T0005883768,3
T0005883772,2
T0005883773,2
T0005883778,3
T0005883779,2
T0005883780,1
T0005883787,3
T0005883789,2
T0005883792,1
T0005883793,2
T0005883798,1
T0005883805,1
T0005883807,3
T0005883810,2
T0005883811,1
T0005883812,2
T0005883814,2
T0005883816,2
T0005883819,2
T0005883822,2
T0005883823,2
T0005883828,3
T0005883831,2
T0005883834,3
T0005883837,1
T0005883838,3
T0005883841,1
T0005883844,2
T0005883846,2
T0005883849,3
T0005883853,2
T0005883854,3
T0005883856,3
T0005883858,2
T0005883863,3
T0005883864,2
T0005883876,1
T0005883877,1
T0005883878,1
T0005883881,1
T0005883884,1
T0005883885,2
T0005883886,2
T0005883887,2
T0005883889,2
T0005883891,1
T0005883892,3
T0005883893,2
T0005883895,2
T0005883896,2
T0005883898,2
T0005883900,2
T0005883901,3
T0005883902,3
T0005883903,3
T0005883905,3
T0005883906,3
T0005883907,2
T0005883910,2
T0005883912,2
T0005883913,2
T0005883914,3
T0005883917,3
T0005883918,1
T0005883921,1
T0005883923,3
T0005883924,3
T0005883926,2
T0005883927,2
T0005883928,3
T0005883939,2
T0005883940,3
T0005883944,2
T0005883945,2
T0005883947,1
T0005883949,2
T0005883950,1
T0005883954,2
T0005883957,3
T0005883958,3
T0005883959,2
T0005883966,1
T0005883967,2
T0005883970,1
T0005883971,2
T0005883976,3
T0005883980,2
T0005883981,3
T0005883982,2
T0005883984,2
T0005883986,1
T0005883987,2
T0005883988,2
T0005883989,3
T0005883994,2
T0005883995,2
T0005883996,2
T0005883998,2
T0005884000,2
T0005884001,2
T0005884005,2
T0005884008,2
T0005884012,2
T0005884013,2
T0005884014,1
T0005884016,2
T0005884017,2
T0005884020,1
T0005884023,3
T0005884024,3
T0005884025,3
T0005884029,2
T0005884032,2
T0005884033,3
T0005884043,2
T0005884046,1
T0005884049,2
T0005884050,1
T0005884051,3
T0005884052,2
T0005884054,2
T0005884061,3
T0005884062,2
T0005884065,1
T0005884067,1
T0005884069,2
T0005884070,1
T0005884071,2
T0005884075,2
T0005884076,2
T0005884077,3
T0005884079,1
T0005884082,3
T0005884086,2
T0005884087,1
T0005884089,2
T0005884090,1
T0005884091,3
T0005884092,2
T0005884094,2
T0005884099,3
T0005884102,1
T0005884103,2
T0005884105,3
T0005884107,2
T0005884108,2
T0005884111,3
T0005884113,2
T0005884115,2
T0005884118,3
T0005884119,2
T0005884125,3
T0005884130,1
T0005884133,3
T0005884137,1
T0005884138,2
T0005884139,2
T0005884142,2
T0005884143,2
T0005884144,2
T0005884145,3
T0005884148,1
T0005884149,3
T0005884152,3
T0005884153,2
T0005884154,2
T0005884155,1
T0005884161,3
T0005884164,3
T0005884166,1
T0005884168,3
T0005884169,1
T0005884172,3
T0005884173,2
T0005884175,2
T0005884176,2
T0005884180,2
T0005884181,3
T0005884188,2
T0005884189,3
T0005884190,3
T0005884191,2
T0005884192,1
T0005884198,2
T0005884199,3
T0005884200,3
T0005884201,3
T0005884204,2
T0005884205,2
T0005884209,2
T0005884213,2
T0005884214,1
T0005884215,2
T0005884216,1
T0005884217,2
T0005884218,3
T0005884219,2
T0005884221,1
T0005884225,1
T0005884226,2
T0005884232,3
T0005884233,1
T0005884235,3
T0005884236,2
T0005884237,2
T0005884242,3
T0005884245,1
T0005884246,3
T0005884247,3
T0005884248,2
T0005884250,2
T0005884251,3
T0005884253,3
T0005884255,2
T0005884256,3
T0005884263,2
T0005884264,3
T0005884266,2
T0005884267,2
T0005884268,1
T0005884276,3
T0005884279,2
T0005884280,3
T0005884285,2
T0005884288,2
T0005884289,2
T0005884290,1
T0005884294,1
T0005884295,3
T0005884298,3
T0005884304,3
T0005884307,3
T0005884308,2
T0005884310,2
T0005884312,2
T0005884321,2
T0005884323,3
T0005884327,2
T0005884328,3
T0005884329,2
T0005884331,2
T0005884332,1
T0005884335,2
T0005884336,3
T0005884338,2
T0005884341,2
T0005884343,2
T0005884347,2
T0005884349,2
T0005884350,2
T0005884352,2
T0005884355,2
T0005884356,2
T0005884360,3
T0005884362,2
T0005884365,3
T0005884371,1
T0005884373,2
T0005884374,3
T0005884375,3
T0005884380,3
T0005884384,2
T0005884395,1
T0005884403,2
T0005884404,2
T0005884405,3
T0005884409,2
T0005884410,3
T0005884411,2
T0005884416,3
T0005884417,1
T0005884419,3
T0005884420,2
T0005884421,2
T0005884423,2
T0005884424,3
T0005884425,2
T0005884428,2
T0005884429,3
T0005884431,2
T0005884434,3
T0005884437,2
T0005884438,1
T0005884439,1
T0005884443,2
T0005884445,3
T0005884446,3
T0005884451,2
T0005884452,2
T0005884454,1
T0005884457,3
T0005884459,3
T0005884460,2
T0005884461,3
T0005884462,3
T0005884463,2
T0005884464,1
T0005884466,2
T0005884469,2
T0005884470,2
T0005884479,3
T0005884482,2
T0005884483,3
T0005884484,2
T0005884488,3
T0005884493,3
T0005884497,3
T0005884499,1
T0005884502,3
T0005884503,3
T0005884504,2
T0005884506,2
T0005884507,2
T0005884512,1
T0005884514,2
T0005884516,1
T0005884520,2
T0005884525,3
T0005884526,3
T0005884528,2
T0005884535,2
T0005884541,1
T0005884542,3
T0005884543,2
T0005884544,1
T0005884545,2
T0005884547,1
T0005884553,3
T0005884554,1
T0005884555,2
T0005884556,2
T0005884563,2
T0005884565,2
T0005884567,2
T0005884574,1
T0005884576,2
T0005884584,2
T0005884587,2
T0005884592,3
T0005884594,3
T0005884595,3
T0005884597,1
T0005884600,3
T0005884601,3
T0005884603,2
T0005884606,2
T0005884607,3
T0005884608,2
T0005884610,2
T0005884612,2
T0005884613,3
T0005884615,1
T0005884618,3
T0005884620,1
T0005884623,2
T0005884624,1
T0005884625,2
T0005884626,1
T0005884628,3
T0005884629,2
T0005884631,2
T0005884633,2
T0005884636,2
T0005884637,1
T0005884638,2
T0005884642,1
T0005884645,3
T0005884648,1
T0005884653,1
T0005884654,3
T0005884655,2
T0005884662,1
T0005884663,2
T0005884664,3
T0005884665,1
T0005884668,2
T0005884669,3
T0005884673,3
T0005884675,2
T0005884677,1
T0005884680,3
T0005884683,2
T0005884684,1
T0005884686,2
T0005884687,2
T0005884690,3
T0005884691,2
T0005884694,2
T0005884697,3
T0005884699,3
T0005884700,2
T0005884703,3
T0005884708,2
T0005884709,1
T0005884711,2
T0005884715,2
T0005884716,3
T0005884719,3
T0005884725,1
T0005884731,3
T0005884733,2
T0005884734,1
T0005884737,3
T0005884739,3
T0005884744,3
T0005884747,1
T0005884753,2
T0005884755,1
T0005884760,2
T0005884766,3
T0005884769,2
T0005884771,1
T0005884773,2
T0005884774,3
T0005884782,2
T0005884784,2
T0005884788,3
T0005884790,2
T0005884794,2
T0005884797,3
T0005884800,2
T0005884802,3
T0005884803,3
T0005884805,2
T0005884806,2
T0005884808,2
T0005884809,2
T0005884811,2
T0005884812,2
T0005884813,3
T0005884814,3
T0005884817,3
T0005884820,2
T0005884821,2
T0005884822,3
T0005884825,3
T0005884828,2
T0005884829,3
T0005884834,3
T0005884836,1
T0005884845,2
T0005884848,2
T0005884849,1
T0005884851,1
T0005884853,2
T0005884854,2
T0005884855,2
T0005884862,1
T0005884864,3
T0005884865,2
T0005884866,2
T0005884868,3
T0005884873,2
T0005884874,3
T0005884875,2
T0005884882,3
T0005884886,2
T0005884887,2
T0005884889,2
T0005884892,2
T0005884894,2
T0005884895,1
T0005884899,2
T0005884900,2
T0005884902,3
T0005884906,1
T0005884907,1
T0005884908,3
T0005884910,2
T0005884913,2
T0005884914,2
T0005884915,3
T0005884917,2
T0005884921,2
T0005884923,2
T0005884924,2
T0005884925,2
T0005884926,1
T0005884931,2
T0005884934,1
T0005884935,2
T0005884940,3
T0005884945,1
T0005884949,1
T0005884950,2
T0005884951,1
T0005884955,3
T0005884956,2
T0005884959,2
T0005884960,3
T0005884962,1
T0005884963,2
T0005884965,2
T0005884966,1
T0005884967,1
T0005884968,1
T0005884972,3
T0005884973,1
T0005884974,3
T0005884975,1
T0005884980,2
T0005884982,2
T0005884984,3
T0005884985,1
T0005884987,2
T0005884988,1
T0005884990,2
T0005884991,3
T0005884996,1
T0005885001,3
T0005885003,2
T0005885005,1
T0005885006,3
T0005885011,2
T0005885015,2
T0005885017,2
T0005885018,3
T0005885020,2
T0005885026,1
T0005885027,3
T0005885028,1
T0005885038,2
T0005885042,3
T0005885044,2
T0005885048,2
T0005885049,2
T0005885052,3
T0005885053,2
T0005885058,2
T0005885061,2
T0005885064,1
T0005885068,2
T0005885069,3
T0005885070,2
T0005885076,1
T0005885077,3
T0005885087,1
T0005885092,1
T0005885094,2
T0005885095,2
T0005885098,3
T0005885100,1
T0005885103,1
T0005885105,2
T0005885107,1
T0005885108,2
T0005885112,2
T0005885113,2
T0005885114,1
T0005885122,1
T0005885123,2
T0005885126,2
T0005885130,1
T0005885132,2
T0005885143,3
T0005885145,2
T0005885150,2
T0005885151,3
T0005885153,2
T0005885154,2
T0005885157,1
T0005885161,3
T0005885166,3
T0005885168,3
T0005885169,2
T0005885172,3
T0005885174,3
T0005885175,2
T0005885177,2
T0005885179,3
T0005885182,2
T0005885185,1
T0005885186,2
T0005885188,3
T0005885195,2
T0005885196,2
T0005885197,2
T0005885198,1
T0005885199,2
T0005885201,3
T0005885203,2
T0005885211,2
T0005885213,1
T0005885214,3
T0005885215,2
T0005885220,2
T0005885230,2
T0005885232,2
T0005885233,2
T0005885234,3
T0005885240,1
T0005885241,3
T0005885242,2
T0005885244,3
T0005885252,1
T0005885255,3
T0005885256,2
T0005885257,3
T0005885262,3
T0005885263,3
T0005885267,2
T0005885268,2
T0005885270,2
T0005885273,3
T0005885274,2
T0005885275,2
T0005885277,3
T0005885279,1
T0005885283,3
T0005885287,3
T0005885292,3
T0005885293,2
T0005885295,2
T0005885296,1
T0005885298,2
T0005885300,2
T0005885302,2
T0005885303,1
T0005885305,1
T0005885309,2
T0005885310,3
T0005885313,3
T0005885315,3
T0005885317,3
T0005885318,2
T0005885323,3
T0005885325,1
T0005885327,3
T0005885329,2
T0005885331,1
T0005885332,3
T0005885334,2
T0005885337,3
T0005885340,3
T0005885341,2
T0005885345,2
T0005885347,1
T0005885349,3
T0005885351,3
T0005885357,3
T0005885359,3
T0005885360,2
T0005885364,3
T0005885365,1
T0005885369,2
T0005885373,2
T0005885374,3
T0005885375,1
T0005885379,2
T0005885380,1
T0005885382,3
T0005885383,3
T0005885384,2
T0005885385,1
T0005885390,2
T0005885391,2
T0005885393,2
T0005885398,3
T0005885399,2
T0005885402,2
T0005885403,2
T0005885405,3
T0005885406,3
T0005885408,1
T0005885409,3
T0005885411,3
T0005885412,3
T0005885414,3
T0005885415,2
T0005885416,2
T0005885419,1
T0005885421,1
T0005885426,2
T0005885429,3
T0005885434,3
T0005885439,3
T0005885440,1
T0005885441,1
T0005885444,1
T0005885446,3
T0005885447,2
T0005885448,3
T0005885450,2
T0005885451,3
T0005885452,2
T0005885455,2
T0005885457,3
T0005885461,2
T0005885462,2
T0005885465,2
T0005885466,2
T0005885467,2
T0005885470,2
T0005885471,1
T0005885473,2
T0005885478,2
T0005885479,2
T0005885480,3
T0005885483,2
T0005885485,1
T0005885486,1
T0005885487,3
T0005885491,1
T0005885492,2
T0005885498,2
T0005885506,1
T0005885514,3
T0005885517,3
T0005885518,2
T0005885519,2
T0005885523,2
T0005885525,1
T0005885527,1
T0005885534,1
T0005885537,1
T0005885538,3
T0005885539,2
T0005885541,2
T0005885543,1
T0005885544,3
T0005885548,1
T0005885554,1
T0005885555,3
T0005885560,2
T0005885561,1
T0005885563,1
T0005885564,2
T0005885566,1
T0005885568,3
T0005885571,2
T0005885574,2
T0005885577,3
T0005885578,3
T0005885581,2
T0005885583,3
T0005885584,2
T0005885585,2
T0005885587,1
T0005885591,3
T0005885593,3
T0005885601,1
T0005885602,2
T0005885603,2
T0005885604,3
T0005885605,3
T0005885607,2
T0005885608,2
T0005885610,3
T0005885611,2
T0005885619,2
T0005885621,2
T0005885624,1
T0005885625,2
T0005885628,2
T0005885629,1
T0005885636,3
T0005885637,2
T0005885640,1
T0005885641,3
T0005885642,2
T0005885644,3
T0005885647,3
T0005885650,2
T0005885651,1
T0005885654,2
T0005885655,3
T0005885659,1
T0005885662,2
T0005885663,2
T0005885664,1
T0005885665,2
T0005885666,3
T0005885668,2
T0005885669,2
T0005885672,3
T0005885674,1
T0005885676,2
T0005885677,2
T0005885679,2
T0005885680,2
T0005885681,2
T0005885683,1
T0005885688,2
T0005885689,3
T0005885691,2
T0005885694,2
T0005885700,2
T0005885701,2
T0005885703,2
T0005885707,1
T0005885710,2
T0005885712,1
T0005885719,3
T0005885720,2
T0005885722,3
T0005885726,2
T0005885727,2
T0005885730,2
T0005885733,3
T0005885736,2
T0005885737,2
T0005885738,2
T0005885743,1
T0005885746,1
T0005885747,1
T0005885748,3
T0005885749,3
T0005885750,2
T0005885758,2
T0005885765,1
T0005885768,2
T0005885770,2
T0005885772,1
T0005885778,2
T0005885781,2
T0005885786,1
T0005885790,2
T0005885791,3
T0005885796,2
T0005885798,2
T0005885808,3
T0005885810,3
T0005885814,2
T0005885816,2
T0005885818,1
T0005885820,1
T0005885821,2
T0005885822,1
T0005885824,2
T0005885830,3
T0005885840,2
T0005885841,2
T0005885843,2
T0005885846,3
T0005885848,2
T0005885849,3
T0005885854,2
T0005885856,3
T0005885858,1
T0005885862,1
T0005885863,3
T0005885867,1
T0005885872,3
T0005885874,2
T0005885878,2
T0005885879,3
T0005885884,2
T0005885886,3
T0005885887,1
T0005885888,1
T0005885889,3
T0005885891,3
T0005885901,3
T0005885902,3
T0005885903,2
T0005885906,2
T0005885912,2
T0005885913,3
T0005885914,1
T0005885915,2
T0005885916,3
T0005885917,2
T0005885918,2
T0005885921,2
T0005885922,2
T0005885924,3
T0005885925,3
T0005885926,3
T0005885927,2
T0005885928,2
T0005885932,2
T0005885933,3
T0005885935,2
T0005885937,2
T0005885941,1
T0005885945,2
T0005885948,3
T0005885954,2
T0005885957,3
T0005885958,2
T0005885960,1
T0005885961,2
T0005885963,2
T0005885964,2
T0005885970,3
T0005885971,3
T0005885973,3
T0005885974,1
T0005885978,2
T0005885980,3
T0005885987,2
T0005885988,2
T0005885989,3
T0005885990,1
T0005885993,2
T0005885994,2
T0005885995,2
T0005885996,2
T0005885998,2
T0005885999,2
T0005886001,2
T0005886002,2
T0005886013,3
T0005886015,2
T0005886019,3
T0005886021,1
T0005886023,2
T0005886029,2
T0005886031,2
T0005886032,2
T0005886033,1
T0005886034,1
T0005886035,3
T0005886036,3
T0005886038,2
T0005886040,2
T0005886041,1
T0005886044,3
T0005886045,3
T0005886048,2
T0005886050,3
T0005886051,2
T0005886052,1
T0005886056,3
T0005886063,3
T0005886065,2
T0005886073,2
T0005886074,1
T0005886076,2
T0005886078,1
T0005886082,2
T0005886084,1
T0005886087,2
T0005886093,3
T0005886096,2
T0005886097,2
T0005886101,3
T0005886102,2
T0005886103,2
T0005886105,2
T0005886106,3
T0005886110,2
T0005886112,2
T0005886116,1
T0005886118,2
T0005886119,2
T0005886120,2
T0005886121,2
T0005886125,3
T0005886126,2
T0005886132,3
T0005886139,1
T0005886142,2
T0005886144,2
T0005886145,2
T0005886146,1
T0005886147,3
T0005886148,2
T0005886150,3
T0005886151,3
T0005886157,2
T0005886158,2
T0005886159,1
T0005886161,2
T0005886165,2
T0005886166,2
T0005886170,2
T0005886172,1
T0005886177,1
T0005886179,1
T0005886181,1
T0005886184,3
T0005886187,2
T0005886188,2
T0005886193,3
T0005886196,2
T0005886198,2
T0005886204,3
T0005886206,3
T0005886215,2
T0005886216,2
T0005886218,2
T0005886219,2
T0005886221,3
T0005886222,2
T0005886224,2
T0005886229,2
T0005886230,2
T0005886232,1
T0005886237,2
T0005886240,2
T0005886243,2
T0005886248,3
T0005886250,2
T0005886252,3
T0005886253,2
T0005886254,2
T0005886260,3
T0005886261,2
T0005886264,1
T0005886265,3
T0005886268,3
T0005886269,3
T0005886275,2
T0005886276,1
T0005886277,3
T0005886278,1
T0005886281,1
T0005886283,3
T0005886286,2
T0005886287,1
T0005886290,3
T0005886291,3
T0005886293,3
T0005886294,2
T0005886296,3
T0005886297,2
T0005886304,2
T0005886305,3
T0005886309,2
T0005886315,2
T0005886316,2
T0005886318,2
T0005886319,2
T0005886320,2
T0005886321,2
T0005886322,2
T0005886323,2
T0005886332,3
T0005886335,3
T0005886336,1
T0005886340,2
T0005886347,3
T0005886349,3
T0005886351,1
T0005886353,3
T0005886356,2
T0005886357,3
T0005886358,2
T0005886359,3
T0005886362,2
T0005886369,2
T0005886370,2
T0005886372,2
T0005886374,2
T0005886375,2
T0005886376,2
T0005886386,2
T0005886387,2
T0005886388,2
T0005886390,3
T0005886391,2
T0005886392,2
T0005886396,2
T0005886397,2
T0005886402,2
T0005886406,1
T0005886407,2
T0005886409,2
T0005886410,1
T0005886413,2
T0005886418,2
T0005886420,2
T0005886422,2
T0005886424,2
T0005886429,3
T0005886431,3
T0005886433,1
T0005886436,1
T0005886449,2
T0005886451,2
T0005886454,3
T0005886456,2
T0005886457,2
T0005886458,2
T0005886460,2
T0005886462,2
T0005886465,2
T0005886468,1
T0005886469,3
T0005886470,2
T0005886471,3
T0005886472,3
T0005886473,2
T0005886474,2
T0005886475,3
T0005886476,2
T0005886477,2
T0005886480,3
T0005886481,2
T0005886485,3
T0005886487,2
T0005886489,2
T0005886490,2
T0005886491,3
T0005886495,1
T0005886498,3
T0005886501,3
T0005886502,2
T0005886504,3
T0005886505,3
T0005886506,3
T0005886508,2
T0005886509,2
T0005886510,3
T0005886511,1
T0005886513,2
T0005886516,2
T0005886522,3
T0005886524,2
T0005886527,1
T0005886529,2
T0005886534,2
T0005886536,2
T0005886537,2
T0005886541,2
T0005886544,3
T0005886552,2
T0005886556,2
T0005886559,1
T0005886560,3
T0005886562,2
T0005886563,2
T0005886565,3
T0005886566,3
T0005886570,1
T0005886575,2
T0005886583,3
T0005886587,2
T0005886588,2
T0005886590,2
T0005886596,2
T0005886597,2
T0005886599,3
T0005886602,3
T0005886604,2
T0005886606,2
T0005886608,3
T0005886610,1
T0005886621,2
T0005886622,3
T0005886623,2
T0005886625,3
T0005886627,2
T0005886631,3
T0005886634,3
T0005886635,2
T0005886637,1
T0005886638,3
T0005886639,2
T0005886649,2
T0005886653,3
T0005886655,3
T0005886656,1
T0005886657,3
T0005886658,3
T0005886661,3
T0005886664,3
T0005886666,1
T0005886667,3
T0005886673,2
T0005886674,2
T0005886675,3
T0005886676,2
T0005886679,2
T0005886680,3
T0005886682,1
T0005886683,2
T0005886684,2
T0005886686,2
T0005886687,2
T0005886688,3
T0005886689,2
T0005886692,2
T0005886694,2
T0005886695,2
T0005886700,1
T0005886703,2
T0005886706,1
T0005886708,2
T0005886710,1
T0005886712,2
T0005886718,1
T0005886719,3
T0005886720,3
T0005886727,1
T0005886733,2
T0005886737,1
T0005886740,2
T0005886741,2
T0005886742,2
T0005886744,2
T0005886745,3
T0005886751,2
T0005886753,2
T0005886755,3
T0005886757,3
T0005886761,2
T0005886766,3
T0005886767,2
T0005886769,3
T0005886770,3
T0005886772,2
T0005886773,2
T0005886780,2
T0005886781,2
T0005886782,2
T0005886787,2
T0005886796,2
T0005886797,1
T0005886800,1
T0005886801,3
T0005886805,2
T0005886807,2
T0005886808,2
T0005886809,3
T0005886811,3
T0005886813,2
T0005886820,3
T0005886822,1
T0005886829,2
T0005886832,2
T0005886833,2
T0005886834,2
T0005886835,2
T0005886838,3
T0005886840,2
T0005886841,2
T0005886847,2
T0005886850,2
T0005886851,3
T0005886852,2
T0005886854,2
T0005886857,2
T0005886859,1
T0005886861,3
T0005886862,1
T0005886864,3
T0005886866,1
T0005886867,2
T0005886870,2
T0005886872,2
T0005886876,1
T0005886878,2
T0005886879,3
T0005886881,3
T0005886882,1
T0005886885,2
T0005886886,1
T0005886892,3
T0005886894,2
T0005886895,3
T0005886897,3
T0005886901,2
T0005886903,1
T0005886907,3
T0005886913,1
T0005886915,2
T0005886920,2
T0005886921,1
T0005886927,3
T0005886930,2
T0005886932,2
T0005886933,1
T0005886936,2
T0005886938,2
T0005886939,3
T0005886944,1
T0005886947,2
T0005886948,2
T0005886949,2
T0005886951,2
T0005886955,2
T0005886959,2
T0005886960,2
T0005886962,3
T0005886967,2
T0005886973,3
T0005886974,3
T0005886983,1
T0005886987,2
T0005886990,3
T0005886991,2
T0005886994,3
T0005886995,3
T0005886998,3
T0005887000,1
T0005887001,1
T0005887003,3
T0005887005,3
T0005887010,2
T0005887011,3
T0005887013,2
T0005887015,2
T0005887018,3
T0005887019,3
T0005887022,2
T0005887028,3
T0005887029,3
T0005887035,3
T0005887036,1
T0005887038,3
T0005887039,2
T0005887041,3
T0005887042,3
T0005887048,3
T0005887052,1
T0005887060,2
T0005887061,2
T0005887063,3
T0005887064,2
T0005887070,3
T0005887071,2
T0005887074,1
T0005887075,2
T0005887076,3
T0005887078,2
T0005887080,2
T0005887081,1
T0005887084,2
T0005887085,2
T0005887090,2
T0005887092,3
T0005887094,2
T0005887096,2
T0005887098,3
T0005887100,3
T0005887103,2
T0005887105,3
T0005887106,2
T0005887108,2
T0005887111,2
T0005887117,2
T0005887125,3
T0005887129,2
T0005887131,1
T0005887132,3
T0005887133,1
T0005887136,3
T0005887137,1
T0005887140,2
T0005887141,3
T0005887145,1
T0005887147,1
T0005887149,1
T0005887150,1
T0005887153,1
T0005887154,2
T0005887155,3
T0005887156,2
T0005887159,2
T0005887168,1
T0005887170,1
T0005887171,1
T0005887172,2
T0005887178,2
T0005887179,3
T0005887180,2
T0005887182,2
T0005887183,2
T0005887184,1
T0005887192,2
T0005887194,2
T0005887195,2
T0005887198,2
T0005887201,3
T0005887203,2
T0005887205,2
T0005887206,1
T0005887207,2
T0005887209,1
T0005887210,3
T0005887211,2
T0005887212,3
T0005887213,2
T0005887215,3
T0005887216,2
T0005887220,1
T0005887223,2
T0005887226,2
T0005887227,3
T0005887229,2
T0005887230,2
T0005887234,3
T0005887235,2
T0005887240,2
T0005887243,2
T0005887244,1
T0005887247,3
T0005887248,2
T0005887249,2
T0005887254,2
T0005887255,3
T0005887256,1
T0005887257,2
T0005887262,1
T0005887263,1
T0005887265,2
T0005887268,3
T0005887269,2
T0005887270,3
T0005887272,2
T0005887273,2
T0005887275,2
T0005887278,2
T0005887283,2
T0005887284,3
T0005887290,3
T0005887292,3
T0005887293,3
T0005887294,2
T0005887295,3
T0005887297,2
T0005887298,3
T0005887302,2
T0005887303,2
T0005887305,3
T0005887307,3
T0005887312,2
T0005887313,3
T0005887315,2
T0005887317,1
T0005887323,2
T0005887324,2
T0005887325,2
T0005887328,2
T0005887329,2
T0005887333,2
T0005887336,2
T0005887337,2
T0005887339,1
T0005887340,2
T0005887342,1
T0005887346,1
T0005887347,3
T0005887348,2
T0005887349,1
T0005887350,3
T0005887353,2
T0005887355,3
T0005887361,1
T0005887365,2
T0005887368,3
T0005887374,3
T0005887379,3
T0005887380,1
T0005887382,3
T0005887385,1
T0005887390,2
T0005887395,1
T0005887396,3
T0005887397,2
T0005887398,1
T0005887400,2
T0005887405,2
T0005887406,3
T0005887408,2
T0005887417,3
T0005887418,2
T0005887422,2
T0005887429,2
T0005887430,3
T0005887433,2
T0005887435,3
T0005887439,2
T0005887440,2
T0005887441,1
T0005887442,2
T0005887443,2
T0005887445,1
T0005887447,3
T0005887450,2
T0005887454,2
T0005887455,2
T0005887457,1
T0005887458,2
T0005887459,2
T0005887464,3
T0005887465,2
T0005887466,3
T0005887467,3
T0005887468,2
T0005887474,2
T0005887475,3
T0005887476,2
T0005887478,2
T0005887480,3
T0005887482,2
T0005887483,2
T0005887485,1
T0005887486,2
T0005887487,1
T0005887488,2
T0005887489,1
T0005887490,2
T0005887492,2
T0005887493,2
T0005887494,2
T0005887496,3
T0005887499,3
T0005887502,1
T0005887504,3
T0005887505,2
T0005887507,3
T0005887508,2
T0005887509,3
T0005887510,2
T0005887511,1
T0005887513,2
T0005887514,1
T0005887519,3
T0005887526,2
T0005887527,1
T0005887530,2
T0005887536,1
T0005887542,2
T0005887545,1
T0005887547,2
T0005887549,1
T0005887550,2
T0005887551,2
T0005887552,2
T0005887554,1
T0005887557,2
T0005887561,3
T0005887562,3
T0005887564,1
T0005887565,2
T0005887566,1
T0005887568,2
T0005887571,1
T0005887575,2
T0005887579,2
T0005887580,2
T0005887582,2
T0005887583,1
T0005887590,1
T0005887592,3
T0005887597,2
T0005887599,2
T0005887601,1
T0005887603,1
T0005887604,1
T0005887607,1
T0005887609,2
T0005887614,3
T0005887622,2
T0005887626,2
T0005887630,3
T0005887632,2
T0005887635,2
T0005887636,1
T0005887637,1
T0005887641,2
T0005887642,3
T0005887643,3
T0005887644,2
T0005887645,2
T0005887649,3
T0005887650,3
T0005887651,3
T0005887653,1
T0005887659,2
T0005887660,2
T0005887662,2
T0005887663,2
T0005887667,3
T0005887672,2
T0005887674,2
T0005887676,3
T0005887679,2
T0005887682,1
T0005887687,3
T0005887688,2
T0005887690,3
T0005887692,3
T0005887695,2
T0005887698,2
T0005887701,3
T0005887704,1
T0005887706,3
T0005887709,1
T0005887713,2
T0005887714,2
T0005887715,2
T0005887718,2
T0005887720,1
T0005887725,2
T0005887726,3
T0005887727,2
T0005887728,2
T0005887729,2
T0005887731,2
T0005887732,2
T0005887735,2
T0005887742,1
T0005887744,3
T0005887745,2
T0005887749,1
T0005887751,2
T0005887754,2
T0005887755,2
T0005887764,2
T0005887765,2
T0005887767,3
T0005887771,3
T0005887772,1
T0005887773,1
T0005887774,1
T0005887775,2
T0005887776,2
T0005887777,3
T0005887778,1
T0005887779,2
T0005887780,2
T0005887787,3
T0005887792,1
T0005887793,3
T0005887794,3
T0005887797,3
T0005887798,2
T0005887799,1
T0005887804,3
T0005887805,2
T0005887809,3
T0005887812,2
T0005887814,1
T0005887817,1
T0005887823,2
T0005887827,1
T0005887831,2
T0005887833,3
T0005887834,2
T0005887836,2
T0005887838,2
T0005887840,1
T0005887847,2
T0005887852,3
T0005887858,3
T0005887861,2
T0005887862,2
T0005887863,3
T0005887866,1
T0005887869,2
T0005887875,3
T0005887876,2
T0005887878,1
T0005887882,3
T0005887885,2
T0005887888,2
T0005887890,3
T0005887891,1
T0005887892,1
T0005887893,2
T0005887897,3
T0005887902,3
T0005887906,2
T0005887907,1
T0005887909,2
T0005887911,3
T0005887912,3
T0005887913,2
T0005887916,1
T0005887917,3
T0005887919,3
T0005887920,1
T0005887923,3
T0005887927,2
T0005887928,3
T0005887929,2
T0005887933,1
T0005887935,3
T0005887937,2
T0005887938,3
T0005887944,3
T0005887947,2
T0005887951,3
T0005887959,3
T0005887960,3
T0005887961,2
T0005887967,3
T0005887969,1
T0005887973,2
T0005887975,2
T0005887977,2
T0005887978,2
T0005887979,1
T0005887980,3
T0005887981,3
T0005887983,3
T0005887987,2
T0005887989,1
T0005887993,1
T0005887996,1
T0005887998,3
T0005888002,2
T0005888003,2
T0005888004,3
T0005888008,3
T0005888010,1
T0005888012,3
T0005888014,2
T0005888015,2
T0005888018,2
T0005888021,2
T0005888022,3
T0005888023,3
T0005888026,2
T0005888027,2
T0005888028,2
T0005888029,2
T0005888031,2
T0005888032,1
T0005888037,2
T0005888038,2
T0005888042,1
T0005888045,3
T0005888049,2
T0005888050,1
T0005888052,2
T0005888055,2
T0005888056,3
T0005888057,3
T0005888060,3
T0005888061,1
T0005888062,2
T0005888066,3
T0005888067,2
T0005888068,3
T0005888070,2
T0005888072,3
T0005888075,1
T0005888078,2
T0005888080,2
T0005888082,1
T0005888086,3
T0005888088,3
T0005888089,3
T0005888090,3
T0005888091,2
T0005888094,1
T0005888096,2
T0005888102,2
T0005888105,3
T0005888106,1
T0005888107,2
T0005888109,3
T0005888111,2
T0005888112,1
T0005888113,2
T0005888116,2
T0005888118,2
T0005888119,3
T0005888123,2
T0005888129,2
T0005888131,3
T0005888136,3
T0005888137,1
T0005888139,1
T0005888143,3
T0005888144,2
T0005888145,2
T0005888146,1
T0005888147,3
T0005888151,3
T0005888152,2
T0005888156,1
T0005888161,2
T0005888169,1
T0005888170,2
T0005888171,1
T0005888174,1
T0005888177,3
T0005888179,1
T0005888182,3
T0005888187,2
T0005888188,3
T0005888189,1
T0005888192,2
T0005888198,2
T0005888204,2
T0005888205,3
T0005888210,1
T0005888211,3
T0005888212,3
T0005888215,3
T0005888216,2
T0005888219,1
T0005888220,2
T0005888223,2
T0005888224,2
T0005888225,2
T0005888226,3
T0005888229,2
T0005888230,1
T0005888233,3
T0005888236,3
T0005888240,3
T0005888241,3
T0005888242,1
T0005888243,1
T0005888245,2
T0005888246,1
T0005888249,3
T0005888251,3
T0005888253,3
T0005888254,3
T0005888255,3
T0005888260,3
T0005888264,2
T0005888268,2
T0005888272,2
T0005888273,3
T0005888275,3
T0005888277,1
T0005888282,2
T0005888283,2
T0005888285,1
T0005888287,2
T0005888288,2
T0005888289,3
T0005888293,3
T0005888301,2
T0005888302,3
T0005888309,2
T0005888310,3
T0005888311,2
T0005888312,2
T0005888317,3
T0005888319,2
T0005888321,2
T0005888328,1
T0005888329,2
T0005888338,1
T0005888347,2
T0005888348,2
T0005888349,1
T0005888353,3
T0005888357,1
T0005888362,2
T0005888367,2
T0005888369,2
T0005888371,1
T0005888372,3
T0005888373,3
T0005888374,2
T0005888375,2
T0005888376,2
T0005888377,2
T0005888378,2
T0005888388,2
T0005888389,3
T0005888393,2
T0005888394,1
T0005888395,2
T0005888396,2
T0005888399,1
T0005888403,3
T0005888406,2
T0005888408,3
T0005888411,2
T0005888419,1
T0005888421,2
T0005888425,2
T0005888430,2
T0005888434,3
T0005888438,1
T0005888441,3
T0005888446,3
T0005888447,3
T0005888448,3
T0005888457,2
T0005888458,2
T0005888459,3
T0005888461,3
T0005888462,1
T0005888467,1
T0005888473,3
T0005888477,3
T0005888482,1
T0005888484,3
T0005888489,2
T0005888490,3
T0005888492,1
T0005888495,3
T0005888497,2
T0005888501,3
T0005888502,3
T0005888508,3
T0005888510,2
T0005888513,2
T0005888515,2
T0005888517,2
T0005888518,2
T0005888523,2
T0005888527,3
T0005888533,2
T0005888539,2
T0005888541,2
T0005888542,2
T0005888543,3
T0005888544,1
T0005888545,2
T0005888547,2
T0005888549,3
T0005888550,2
T0005888552,1
T0005888556,1
T0005888559,2
T0005888560,2
T0005888561,3
T0005888564,1
T0005888569,2
T0005888577,1
T0005888578,3
T0005888579,2
T0005888582,3
T0005888584,1
T0005888589,1
T0005888590,2
T0005888592,3
T0005888595,2
T0005888596,2
T0005888597,3
T0005888600,1
T0005888602,2
T0005888603,2
T0005888606,2
T0005888613,2
T0005888616,3
T0005888617,1
T0005888620,3
T0005888626,2
T0005888628,2
T0005888629,2
T0005888631,1
T0005888632,2
T0005888633,3
T0005888634,1
T0005888639,3
T0005888640,2
T0005888643,2
T0005888647,1
T0005888649,2
T0005888650,2
T0005888651,2
T0005888652,3
T0005888661,1
T0005888665,2
T0005888668,2
T0005888671,2
T0005888673,2
T0005888676,3
T0005888677,1
T0005888680,2
T0005888682,2
T0005888684,2
T0005888687,3
T0005888689,2
T0005888691,3
T0005888695,2
T0005888698,3
T0005888699,2
T0005888702,3
T0005888703,2
T0005888708,2
T0005888709,2
T0005888712,2
T0005888713,2
T0005888720,2
T0005888721,2
T0005888723,2
T0005888725,2
T0005888735,2
T0005888736,3
T0005888738,1
T0005888745,2
T0005888746,2
T0005888750,2
T0005888751,2
T0005888752,2
T0005888754,2
T0005888755,1
T0005888760,2
T0005888761,1
T0005888767,1
T0005888773,2
T0005888782,1
T0005888783,2
T0005888784,3
T0005888785,1
T0005888791,3
T0005888794,2
T0005888796,3
T0005888797,2
T0005888804,3
T0005888806,2
T0005888807,2
T0005888808,2
T0005888809,3
T0005888810,2
T0005888814,2
T0005888815,2
T0005888818,3
T0005888819,2
T0005888825,2
T0005888827,2
T0005888834,3
T0005888837,3
T0005888838,2
T0005888840,2
T0005888848,2
T0005888850,3
T0005888851,3
T0005888853,3
T0005888854,3
T0005888856,2
T0005888858,3
T0005888861,1
T0005888863,2
T0005888864,1
T0005888873,1
T0005888876,3
T0005888877,1
T0005888880,2
T0005888881,2
T0005888882,2
T0005888885,2
T0005888890,3
T0005888891,2
T0005888894,3
T0005888896,3
T0005888901,2
T0005888903,1
T0005888905,1
T0005888908,2
T0005888909,2
T0005888910,1
T0005888911,3
T0005888912,2
T0005888914,3
T0005888916,2
T0005888918,1
T0005888921,1
T0005888923,3
T0005888924,2
T0005888927,1
T0005888928,2
T0005888931,3
T0005888938,2
T0005888942,2
T0005888943,3
T0005888945,2
T0005888947,2
T0005888949,2
T0005888951,1
T0005888952,1
T0005888954,1
T0005888957,3
T0005888959,1
T0005888964,2
T0005888966,3
T0005888967,1
T0005888971,2
T0005888974,2
T0005888975,1
T0005888976,1
T0005888977,2
T0005888982,2
T0005888983,1
T0005888984,2
T0005888986,3
T0005888987,2
T0005888991,3
T0005888992,2
T0005888994,1
T0005888995,2
T0005888998,2
T0005888999,3
T0005889000,3
T0005889001,2
T0005889003,2
T0005889004,1
T0005889005,1
T0005889008,2
T0005889009,2
T0005889010,1
T0005889012,3
T0005889015,3
T0005889018,3
T0005889019,1
T0005889023,2
T0005889028,2
T0005889030,2
T0005889032,2
T0005889034,1
T0005889035,1
T0005889038,2
T0005889041,3
T0005889051,1
T0005889052,2
T0005889053,3
T0005889055,1
T0005889058,3
T0005889060,3
T0005889062,2
T0005889063,3
T0005889064,2
T0005889065,2
T0005889067,1
T0005889068,1
T0005889070,2
T0005889071,3
T0005889072,2
T0005889074,2
T0005889075,3
T0005889077,3
T0005889083,2
T0005889088,2
T0005889090,1
T0005889092,3
T0005889094,1
T0005889099,3
T0005889100,3
T0005889104,2
T0005889106,2
T0005889112,1
T0005889113,2
T0005889115,1
T0005889116,2
T0005889119,2
T0005889120,1
T0005889122,2
T0005889126,2
T0005889134,3
T0005889138,1
T0005889144,2
T0005889149,1
T0005889150,1
T0005889153,2
T0005889155,3
T0005889156,1
T0005889160,2
T0005889162,3
T0005889169,3
T0005889170,2
T0005889175,1
T0005889183,1
T0005889186,1
T0005889187,2
T0005889193,1
T0005889200,1
T0005889203,3
T0005889205,1
T0005889207,2
T0005889209,2
T0005889212,3
T0005889215,1
T0005889216,3
T0005889223,2
T0005889224,1
T0005889231,3
T0005889234,2
T0005889238,2
T0005889240,2
T0005889241,3
T0005889243,2
T0005889244,2
T0005889246,2
T0005889247,3
T0005889249,2
T0005889250,2
T0005889255,1
T0005889258,3
T0005889259,2
T0005889260,1
T0005889261,1
T0005889262,3
T0005889263,2
T0005889264,1
T0005889266,1
T0005889272,2
T0005889273,2
T0005889274,1
T0005889278,1
T0005889283,1
T0005889284,3
T0005889289,2
T0005889291,2
T0005889300,2
T0005889302,3
T0005889307,2
T0005889310,2
T0005889312,3
T0005889315,3
T0005889323,3
T0005889324,2
T0005889328,3
T0005889330,2
T0005889335,3
T0005889337,3
T0005889339,1
T0005889341,1
T0005889344,2
T0005889346,2
T0005889350,2
T0005889351,2
T0005889352,2
T0005889358,3
T0005889362,3
T0005889368,2
T0005889370,3
T0005889373,2
T0005889374,1
T0005889375,3
T0005889378,2
T0005889380,3
T0005889381,3
T0005889385,1
T0005889388,2
T0005889390,2
T0005889392,3
T0005889395,2
T0005889398,3
T0005889399,3
T0005889400,1
T0005889401,2
T0005889403,3
T0005889405,3
T0005889406,3
T0005889408,3
T0005889413,2
T0005889416,1
T0005889418,2
T0005889421,1
T0005889422,3
T0005889424,1
T0005889431,2
T0005889432,2
T0005889437,2
T0005889438,2
T0005889440,3
T0005889444,2
T0005889449,1
T0005889450,2
T0005889452,1
T0005889455,2
T0005889456,2
T0005889459,2
T0005889460,2
T0005889471,2
T0005889472,1
T0005889473,2
T0005889475,1
T0005889477,2
T0005889480,2
T0005889481,3
T0005889485,3
T0005889486,1
T0005889488,3
T0005889491,3
T0005889493,1
T0005889494,2
T0005889496,3
T0005889497,3
T0005889498,2
T0005889501,2
T0005889507,2
T0005889511,3
T0005889512,2
T0005889516,2
T0005889519,3
T0005889520,3
T0005889526,1
T0005889528,2
T0005889530,1
T0005889534,3
T0005889536,2
T0005889541,3
T0005889542,3
T0005889551,3
T0005889555,3
T0005889557,3
T0005889561,2
T0005889563,2
T0005889565,1
T0005889566,2
T0005889569,2
T0005889572,2
T0005889573,2
T0005889574,3
T0005889576,3
T0005889577,3
T0005889578,3
T0005889579,3
T0005889580,1
T0005889584,3
T0005889590,3
T0005889591,1
T0005889594,1
T0005889596,1
T0005889598,3
T0005889600,2
T0005889601,2
T0005889604,1
T0005889608,1
T0005889609,2
T0005889613,2
T0005889615,2
T0005889618,1
T0005889620,2
T0005889622,1
T0005889624,2
T0005889626,2
T0005889628,2
T0005889629,1
T0005889630,2
T0005889632,3
T0005889633,2
T0005889634,2
T0005889636,3
T0005889643,2
T0005889645,2
T0005889648,2
T0005889650,2
T0005889656,2
T0005889658,2
T0005889659,1
T0005889661,3
T0005889663,3
T0005889666,2
T0005889667,1
T0005889669,2
T0005889671,1
T0005889672,1
T0005889673,1
T0005889674,1
T0005889675,1
T0005889678,2
T0005889679,2
T0005889681,2
T0005889682,2
T0005889687,3
T0005889689,2
T0005889690,2
T0005889692,1
T0005889693,2
T0005889700,2
T0005889701,1
T0005889704,3
T0005889706,2
T0005889712,2
T0005889713,3
T0005889714,3
T0005889716,2
T0005889724,3
T0005889725,2
T0005889727,3
T0005889730,2
T0005889733,2
T0005889734,3
T0005889735,2
T0005889736,2
T0005889738,1
T0005889743,2
T0005889744,2
T0005889745,3
T0005889746,3
T0005889747,3
T0005889748,2
T0005889750,3
T0005889752,2
T0005889754,3
T0005889755,2
T0005889756,1
T0005889762,1
T0005889763,2
T0005889764,3
T0005889769,1
T0005889771,3
T0005889773,1
T0005889774,3
T0005889775,2
T0005889776,2
T0005889779,3
T0005889782,1
T0005889783,3
T0005889784,2
T0005889790,2
T0005889793,2
T0005889794,2
T0005889797,1
T0005889800,3
T0005889802,2
T0005889808,2
T0005889809,2
T0005889814,1
T0005889818,2
T0005889819,3
T0005889823,1
T0005889827,2
T0005889831,3
T0005889834,3
T0005889835,3
T0005889839,2
T0005889842,2
T0005889843,2
T0005889844,1
T0005889846,1
T0005889848,2
T0005889850,2
T0005889852,2
T0005889856,2
T0005889857,1
T0005889859,3
T0005889865,3
T0005889867,1
T0005889870,1
T0005889871,3
T0005889872,2
T0005889877,3
T0005889884,2
T0005889887,2
T0005889888,1
T0005889891,1
T0005889893,3
T0005889895,1
T0005889897,2
T0005889898,1
T0005889899,3
T0005889901,3
T0005889902,2
T0005889912,3
T0005889916,3
T0005889917,3
T0005889921,3
T0005889922,2
T0005889925,2
T0005889927,2
T0005889928,2
T0005889929,2
T0005889933,2
T0005889934,1
T0005889939,2
T0005889940,3
T0005889941,1
T0005889944,1
T0005889946,2
T0005889947,2
T0005889948,2
T0005889950,2
T0005889954,3
T0005889956,3
T0005889959,3
T0005889960,3
T0005889961,2
T0005889963,2
T0005889964,3
T0005889966,2
T0005889968,2
T0005889969,3
T0005889971,2
T0005889975,3
T0005889976,2
T0005889979,2
T0005889980,3
T0005889981,1
T0005889982,1
T0005889984,2
T0005889988,2
T0005889992,3
T0005889998,2
T0005890002,2
T0005890005,1
T0005890007,2
T0005890009,3
T0005890010,2
T0005890012,1
T0005890018,3
T0005890021,1
T0005890024,2
T0005890027,2
T0005890030,2
T0005890032,2
T0005890033,1
T0005890034,2
T0005890039,1
T0005890041,3
T0005890042,2
T0005890044,1
T0005890047,1
T0005890050,3
T0005890052,2
T0005890053,2
T0005890054,2
T0005890058,3
T0005890062,2
T0005890068,3
T0005890071,1
T0005890079,2
T0005890081,3
T0005890082,3
T0005890083,2
T0005890085,2
T0005890095,1
T0005890102,1
T0005890103,2
T0005890105,2
T0005890107,3
T0005890108,3
T0005890109,2
T0005890110,2
T0005890112,2
T0005890115,2
T0005890117,2
T0005890118,2
T0005890119,2
T0005890120,2
T0005890122,2
T0005890123,1
T0005890124,2
T0005890125,1
T0005890127,3
T0005890129,3
T0005890130,1
T0005890132,2
T0005890133,2
T0005890135,2
T0005890137,3
T0005890138,2
T0005890139,2
T0005890144,2
T0005890145,3
T0005890148,3
T0005890149,3
T0005890150,2
T0005890153,2
T0005890156,3
T0005890157,1
T0005890161,2
T0005890162,3
T0005890163,2
T0005890164,2
T0005890165,2
T0005890166,2
T0005890168,2
T0005890169,2
T0005890172,2
T0005890173,1
T0005890174,1
T0005890177,2
T0005890182,1
T0005890183,1
T0005890187,1
T0005890189,2
T0005890190,2
T0005890193,3
T0005890195,3
T0005890198,2
T0005890199,2
T0005890204,3
T0005890205,2
T0005890208,2
T0005890209,2
T0005890211,3
T0005890212,3
T0005890214,2
T0005890215,3
T0005890218,2
T0005890220,2
T0005890221,2
T0005890224,2
T0005890228,3
T0005890235,2
T0005890236,2
T0005890237,2
T0005890238,2
T0005890239,1
T0005890242,3
T0005890243,3
T0005890245,2
T0005890246,2
T0005890251,1
T0005890252,1
T0005890254,2
T0005890255,2
T0005890256,1
T0005890258,2
T0005890261,2
T0005890265,2
T0005890266,1
T0005890268,3
T0005890275,3
T0005890276,3
T0005890282,2
T0005890283,2
T0005890289,1
T0005890290,2
T0005890292,1
T0005890293,1
T0005890295,2
T0005890296,2
T0005890301,3
T0005890302,2
T0005890304,2
T0005890312,3
T0005890313,2
T0005890315,2
T0005890316,2
T0005890324,1
T0005890327,2
T0005890328,3
T0005890331,1
T0005890338,2
T0005890340,1
T0005890341,2
T0005890344,2
T0005890348,2
T0005890356,2
T0005890358,2
T0005890361,1
T0005890362,3
T0005890364,2
T0005890369,2
T0005890370,2
T0005890371,3
T0005890373,2
T0005890375,2
T0005890376,2
T0005890378,2
T0005890379,1
T0005890381,2
T0005890382,1
T0005890383,2
T0005890387,2
T0005890388,2
T0005890389,2
T0005890391,2
T0005890392,2
T0005890393,1
T0005890394,2
T0005890397,3
T0005890399,1
T0005890406,2
T0005890409,3
T0005890410,2
T0005890411,2
T0005890415,1
T0005890421,2
T0005890424,2
T0005890427,3
T0005890432,3
T0005890434,2
T0005890437,3
T0005890439,2
T0005890443,2
T0005890445,2
T0005890446,2
T0005890451,1
T0005890455,1
T0005890456,3
T0005890458,2
T0005890459,2
T0005890460,2
T0005890461,1
T0005890463,3
T0005890477,2
T0005890478,2
T0005890481,3
T0005890484,2
T0005890485,2
T0005890489,2
T0005890495,1
T0005890501,2
T0005890505,3
T0005890507,3
T0005890509,3
T0005890517,1
T0005890518,2
T0005890521,3
T0005890522,3
T0005890527,2
T0005890528,2
T0005890529,2
T0005890531,3
T0005890536,1
T0005890544,2
T0005890546,2
T0005890547,3
T0005890551,3
T0005890552,3
T0005890554,3
T0005890556,1
T0005890557,2
T0005890561,2
T0005890562,2
T0005890563,3
T0005890564,2
T0005890567,2
T0005890568,3
T0005890571,3
T0005890573,3
T0005890574,2
T0005890578,3
T0005890580,3
T0005890584,1
T0005890585,2
T0005890590,3
T0005890592,3
T0005890593,2
T0005890601,1
T0005890602,2
T0005890605,3
T0005890606,2
T0005890610,2
T0005890615,2
T0005890616,3
T0005890617,3
T0005890619,2
T0005890621,3
T0005890622,2
T0005890623,3
T0005890628,3
T0005890629,2
T0005890639,1
T0005890640,1
T0005890641,3
T0005890643,1
T0005890644,1
T0005890645,2
T0005890649,3
T0005890650,1
T0005890651,1
T0005890653,3
T0005890654,3
T0005890656,2
T0005890657,2
T0005890658,2
T0005890659,2
T0005890668,2
T0005890675,2
T0005890679,1
T0005890681,3
T0005890686,2
T0005890689,1
T0005890691,2
T0005890692,2
T0005890694,2
T0005890696,3
T0005890697,1
T0005890698,1
T0005890703,2
T0005890705,2
T0005890710,1
T0005890712,1
T0005890713,2
T0005890717,2
T0005890718,2
T0005890719,3
T0005890720,2
T0005890721,3
T0005890723,2
T0005890724,1
T0005890732,3
T0005890736,2
T0005890744,2
T0005890746,2
T0005890747,1
T0005890749,2
T0005890750,2
T0005890756,2
T0005890757,3
T0005890758,2
T0005890759,2
T0005890760,3
T0005890764,3
T0005890765,1
T0005890774,1
T0005890775,1
T0005890782,1
T0005890784,3
T0005890789,2
T0005890793,2
T0005890802,3
T0005890805,2
T0005890806,3
T0005890809,2
T0005890815,1
T0005890816,3
T0005890821,1
T0005890825,2
T0005890831,2
T0005890844,3
T0005890846,3
T0005890848,1
T0005890850,2
T0005890851,3
T0005890854,2
T0005890856,2
T0005890859,2
T0005890862,2
T0005890864,2
T0005890866,3
T0005890871,2
T0005890882,1
T0005890886,3
T0005890889,1
T0005890890,2
T0005890894,3
T0005890895,3
T0005890905,2
T0005890906,2
T0005890914,2
T0005890916,1
T0005890918,2
T0005890919,2
T0005890920,1
T0005890921,2
T0005890922,2
T0005890923,3
T0005890925,3
T0005890926,3
T0005890928,2
T0005890929,2
T0005890930,2
T0005890931,1
T0005890932,1
T0005890933,2
T0005890937,1
T0005890938,2
T0005890939,3
T0005890945,2
T0005890947,3
T0005890950,2
T0005890951,2
T0005890952,2
T0005890953,1
T0005890961,2
T0005890963,2
T0005890968,2
T0005890970,3
T0005890972,3
T0005890973,3
T0005890974,2
T0005890975,2
T0005890978,3
T0005890979,1
T0005890981,2
T0005890982,2
T0005890983,3
T0005890989,2
T0005890990,3
T0005890991,2
T0005890998,3
T0005890999,1
T0005891007,3
T0005891008,3
T0005891012,2
T0005891017,1
T0005891021,3
T0005891022,3
T0005891024,2
T0005891028,1
T0005891030,2
T0005891034,2
T0005891036,3
T0005891039,2
T0005891042,3
T0005891048,3
T0005891050,3
T0005891052,3
T0005891053,2
T0005891054,2
T0005891055,1
T0005891063,3
T0005891066,2
T0005891069,1
T0005891071,2
T0005891072,3
T0005891077,2
T0005891078,3
T0005891082,3
T0005891087,3
T0005891089,3
T0005891094,2
T0005891099,3
T0005891101,3
T0005891102,1
T0005891103,3
T0005891104,2
T0005891105,2
T0005891108,1
T0005891112,2
T0005891114,2
T0005891116,1
T0005891118,2
T0005891119,2
T0005891122,1
T0005891123,3
T0005891124,3
T0005891125,3
T0005891126,2
T0005891129,3
T0005891130,3
T0005891131,3
T0005891134,3
T0005891146,1
T0005891148,1
T0005891149,2
T0005891150,2
T0005891152,1
T0005891154,3
T0005891155,2
T0005891157,3
T0005891158,2
T0005891159,2
T0005891160,2
T0005891163,3
T0005891167,2
T0005891169,3
T0005891171,2
T0005891176,3
T0005891177,3
T0005891179,3
T0005891181,2
T0005891182,2
T0005891189,3
T0005891190,2
T0005891191,3
T0005891193,2
T0005891194,2
T0005891199,2
T0005891200,2
T0005891203,3
T0005891207,3
T0005891209,2
T0005891213,1
T0005891214,2
T0005891216,2
T0005891218,2
T0005891220,1
T0005891227,1
T0005891228,3
T0005891232,3
T0005891233,1
T0005891235,1
T0005891236,2
T0005891238,2
T0005891240,2
T0005891243,1
T0005891244,1
T0005891245,3
T0005891247,2
T0005891249,2
T0005891250,3
T0005891251,1
T0005891252,3
T0005891254,3
T0005891256,2
T0005891257,3
T0005891260,2
T0005891262,3
T0005891263,2
T0005891267,3
T0005891268,2
T0005891270,3
T0005891274,3
T0005891275,3
T0005891278,1
T0005891282,1
T0005891283,2
T0005891285,2
T0005891286,3
T0005891289,2
T0005891299,2
T0005891300,3
T0005891303,1
T0005891304,2
T0005891306,1
T0005891308,2
T0005891310,3
T0005891311,2
T0005891312,3
T0005891313,3
T0005891321,3
T0005891323,3
T0005891324,2
T0005891328,2
T0005891329,2
T0005891336,2
T0005891337,2
T0005891338,3
T0005891339,2
T0005891340,2
T0005891343,2
T0005891344,2
T0005891348,2
T0005891350,2
T0005891351,3
T0005891352,1
T0005891356,2
T0005891358,2
T0005891359,2
T0005891360,2
T0005891364,3
T0005891370,2
T0005891371,1
T0005891373,2
T0005891374,1
T0005891375,3
T0005891376,3
T0005891380,1
T0005891382,2
T0005891388,2
T0005891389,3
T0005891395,2
T0005891398,2
T0005891409,3
T0005891411,3
T0005891412,2
T0005891413,2
T0005891415,2
T0005891417,1
T0005891419,2
T0005891422,3
T0005891423,1
T0005891424,3
T0005891425,3
T0005891426,3
T0005891429,2
T0005891430,3
T0005891436,2
T0005891438,3
T0005891441,3
T0005891448,2
T0005891453,1
T0005891457,3
T0005891459,2
T0005891461,2
T0005891462,1
T0005891463,2
T0005891466,3
T0005891468,3
T0005891470,2
T0005891473,3
T0005891477,2
T0005891479,3
T0005891481,2
T0005891487,2
T0005891490,2
T0005891493,2
T0005891495,2
T0005891497,1
T0005891499,1
T0005891501,3
T0005891502,3
T0005891503,2
T0005891504,3
T0005891505,2
T0005891507,3
T0005891508,3
T0005891512,2
T0005891515,1
T0005891516,1
T0005891517,2
T0005891518,3
T0005891519,2
T0005891520,3
T0005891521,1
T0005891524,2
T0005891526,2
T0005891527,1
T0005891528,1
T0005891534,2
T0005891539,2
T0005891540,3
T0005891541,2
T0005891543,2
T0005891546,3
T0005891547,2
T0005891552,2
T0005891554,1
T0005891558,2
T0005891560,2
T0005891561,1
T0005891566,1
T0005891567,3
T0005891569,2
T0005891570,2
T0005891572,2
T0005891573,2
T0005891575,2
T0005891576,2
T0005891577,3
T0005891578,3
T0005891582,2
T0005891585,2
T0005891588,1
T0005891590,1
T0005891593,1
T0005891596,2
T0005891601,2
T0005891602,3
T0005891603,2
T0005891605,2
T0005891606,1
T0005891607,3
T0005891608,3
T0005891613,1
T0005891617,2
T0005891618,3
T0005891619,2
T0005891624,3
T0005891625,2
T0005891626,2
T0005891631,2
T0005891635,3
T0005891636,2
T0005891640,2
T0005891641,1
T0005891644,3
T0005891645,2
T0005891647,2
T0005891648,2
T0005891649,1
T0005891656,3
T0005891657,3
T0005891663,3
T0005891665,2
T0005891666,2
T0005891669,2
T0005891673,1
T0005891676,2
T0005891679,3
T0005891681,3
T0005891683,1
T0005891693,2
T0005891696,2
T0005891697,3
T0005891700,2
T0005891703,2
T0005891705,2
T0005891708,1
T0005891713,1
T0005891714,1
T0005891715,1
T0005891718,1
T0005891719,2
T0005891725,2
T0005891732,2
T0005891735,3
T0005891738,2
T0005891740,2
T0005891742,1
T0005891758,3
T0005891759,2
T0005891760,1
T0005891762,2
T0005891764,3
T0005891765,2
T0005891767,2
T0005891770,3
T0005891771,1
T0005891773,3
T0005891778,3
T0005891779,2
T0005891780,3
T0005891784,2
T0005891785,2
T0005891786,2
T0005891787,1
T0005891789,3
T0005891790,2
T0005891792,3
T0005891793,2
T0005891798,3
T0005891801,3
T0005891802,2
T0005891803,2
T0005891807,3
T0005891808,2
T0005891809,2
T0005891810,1
T0005891813,1
T0005891814,1
T0005891815,1
T0005891820,2
T0005891822,3
T0005891825,2
T0005891829,3
T0005891832,2
T0005891835,3
T0005891836,1
T0005891838,3
T0005891844,2
T0005891845,2
T0005891848,3
T0005891852,2
T0005891855,2
T0005891857,2
T0005891860,3
T0005891861,1
T0005891868,2
T0005891869,2
T0005891871,3
T0005891874,2
T0005891880,2
T0005891881,3
T0005891882,2
T0005891883,2
T0005891886,2
T0005891888,2
T0005891890,2
T0005891893,1
T0005891894,3
T0005891895,2
T0005891896,3
T0005891898,1
T0005891901,2
T0005891902,2
T0005891906,2
T0005891913,3
T0005891914,2
T0005891917,2
T0005891920,1
T0005891921,2
T0005891927,3
T0005891928,2
T0005891929,2
T0005891932,3
T0005891933,3
T0005891935,3
T0005891936,1
T0005891940,2
T0005891941,3
T0005891944,2
T0005891945,3
T0005891947,2
T0005891953,3
T0005891954,3
T0005891955,2
T0005891957,2
T0005891959,3
T0005891960,1
T0005891961,3
T0005891965,1
T0005891969,3
T0005891970,3
T0005891973,1
T0005891977,2
T0005891978,1
T0005891979,1
T0005891981,2
T0005891984,2
T0005891988,2
T0005891996,1
T0005891998,2
T0005891999,1
T0005892002,1
T0005892005,2
T0005892006,2
T0005892008,1
T0005892009,2
T0005892013,3
T0005892016,3
T0005892017,3
T0005892018,2
T0005892019,1
T0005892021,3
T0005892023,3
T0005892024,1
T0005892025,2
T0005892029,2
T0005892033,1
T0005892034,2
T0005892035,2
T0005892036,2
T0005892037,3
T0005892038,3
T0005892039,3
T0005892041,3
T0005892042,1
T0005892047,3
T0005892049,3
T0005892050,2
T0005892051,3
T0005892054,2
T0005892056,2
T0005892060,1
T0005892062,2
T0005892065,3
T0005892071,2
T0005892081,3
T0005892082,2
T0005892084,3
T0005892086,3
T0005892091,2
T0005892092,2
T0005892093,2
T0005892094,2
T0005892096,2
T0005892097,2
T0005892099,1
T0005892102,3
T0005892104,2
T0005892105,1
T0005892106,2
T0005892108,3
T0005892109,1
T0005892110,2
T0005892112,2
T0005892113,3
T0005892117,2
T0005892119,3
T0005892125,1
T0005892128,1
T0005892129,2
T0005892131,2
T0005892132,2
T0005892134,1
T0005892137,3
T0005892148,3
T0005892152,2
T0005892160,2
T0005892165,2
T0005892166,2
T0005892167,2
T0005892170,2
T0005892181,2
T0005892182,2
T0005892184,2
T0005892186,1
T0005892189,3
T0005892192,2
T0005892195,2
T0005892198,2
T0005892208,1
T0005892210,2
T0005892213,3
T0005892214,2
T0005892215,2
T0005892216,2
T0005892218,3
T0005892221,2
T0005892223,1
T0005892226,2
T0005892227,2
T0005892228,3
T0005892231,2
T0005892233,2
T0005892235,2
T0005892237,2
T0005892239,3
T0005892241,1
T0005892242,2
T0005892245,2
T0005892246,1
T0005892247,2
T0005892248,2
T0005892250,3
T0005892251,3
T0005892255,1
T0005892256,1
T0005892267,2
T0005892268,2
T0005892269,2
T0005892270,2
T0005892273,3
T0005892277,1
T0005892287,2
T0005892288,2
T0005892289,1
T0005892291,2
T0005892295,3
T0005892303,2
T0005892305,3
T0005892306,3
T0005892313,1
T0005892314,2
T0005892317,3
T0005892320,1
T0005892321,2
T0005892326,3
T0005892328,1
T0005892329,2
T0005892333,1
T0005892334,2
T0005892335,3
T0005892338,3
T0005892339,2
T0005892340,3
T0005892342,1
T0005892345,1
T0005892346,2
T0005892347,2
T0005892348,3
T0005892350,2
T0005892351,1
T0005892354,1
T0005892355,3
T0005892357,3
T0005892358,3
T0005892360,3
T0005892361,1
T0005892362,2
T0005892363,1
T0005892365,2
T0005892369,1
T0005892372,1
T0005892374,2
T0005892376,3
T0005892378,3
T0005892379,1
T0005892380,3
T0005892381,2
T0005892382,2
T0005892383,3
T0005892384,1
T0005892391,3
T0005892392,2
T0005892394,2
T0005892395,2
T0005892396,2
T0005892398,2
T0005892401,2
T0005892402,2
T0005892405,2
T0005892406,2
T0005892407,2
T0005892408,2
T0005892409,3
T0005892410,1
T0005892412,2
T0005892413,2
T0005892415,3
T0005892416,3
T0005892418,2
T0005892419,1
T0005892420,3
T0005892422,2
T0005892424,3
T0005892425,3
T0005892426,2
T0005892429,2
T0005892430,2
T0005892431,3
T0005892434,1
T0005892441,3
T0005892446,1
T0005892447,2
T0005892453,2
T0005892456,3
T0005892462,2
T0005892463,3
T0005892464,2
T0005892469,3
T0005892470,2
T0005892473,2
T0005892475,2
T0005892476,3
T0005892478,2
T0005892479,3
T0005892480,2
T0005892482,2
T0005892485,1
T0005892489,3
T0005892490,3
T0005892491,1
T0005892496,1
T0005892497,3
T0005892500,2
T0005892502,3
T0005892508,2
T0005892509,3
T0005892512,2
T0005892514,3
T0005892517,1
T0005892518,1
T0005892519,2
T0005892523,2
T0005892524,2
T0005892525,3
T0005892526,2
T0005892531,2
T0005892535,2
T0005892539,3
T0005892543,2
T0005892546,2
T0005892548,1
T0005892549,3
T0005892551,2
T0005892552,2
T0005892557,3
T0005892558,2
T0005892562,2
T0005892564,2
T0005892565,3
T0005892566,2
T0005892570,2
T0005892575,2
T0005892580,2
T0005892581,3
T0005892584,1
T0005892586,3
T0005892587,2
T0005892588,2
T0005892589,2
T0005892590,2
T0005892592,2
T0005892593,1
T0005892594,2
T0005892595,2
T0005892597,3
T0005892598,2
T0005892600,3
T0005892601,1
T0005892610,2
T0005892611,1
T0005892612,2
T0005892613,1
T0005892614,1
T0005892615,3
T0005892617,2
T0005892618,1
T0005892622,2
T0005892623,3
T0005892624,2
T0005892627,1
T0005892629,1
T0005892630,1
T0005892635,3
T0005892640,3
T0005892647,3
T0005892648,1
T0005892653,3
T0005892654,2
T0005892655,2
T0005892659,2
T0005892664,2
T0005892667,3
T0005892668,3
T0005892669,2
T0005892674,3
T0005892675,3
T0005892677,2
T0005892683,3
T0005892685,2
T0005892688,2
T0005892692,2
T0005892693,2
T0005892694,2
T0005892696,3
T0005892699,2
T0005892701,3
T0005892702,3
T0005892704,3
T0005892708,3
T0005892709,2
T0005892710,2
T0005892711,3
T0005892712,3
T0005892713,3
T0005892715,2
T0005892717,3
T0005892720,3
T0005892721,2
T0005892722,2
T0005892723,2
T0005892725,2
T0005892726,3
T0005892729,1
T0005892730,1
T0005892732,3
T0005892734,3
T0005892735,3
T0005892736,2
T0005892738,2
T0005892742,3
T0005892745,2
T0005892749,2
T0005892750,1
T0005892752,2
T0005892757,2
T0005892759,3
T0005892760,2
T0005892762,3
T0005892764,2
T0005892776,1
T0005892777,3
T0005892782,2
T0005892787,2
T0005892788,3
T0005892791,2
T0005892792,2
T0005892794,2
T0005892798,2
T0005892800,1
T0005892801,3
T0005892802,1
T0005892804,3
T0005892805,3
T0005892807,2
T0005892808,1
T0005892809,2
T0005892810,3
T0005892812,2
T0005892820,2
T0005892822,1
T0005892824,1
T0005892825,3
T0005892826,2
T0005892833,2
T0005892836,2
T0005892837,3
T0005892843,2
T0005892848,2
T0005892851,1
T0005892852,2
T0005892854,3
T0005892855,3
T0005892858,2
T0005892859,3
T0005892861,3
T0005892863,1
T0005892869,2
T0005892870,1
T0005892871,2
T0005892872,2
T0005892873,1
T0005892878,1
T0005892879,3
T0005892880,1
T0005892882,1
T0005892888,2
T0005892889,2
T0005892890,2
T0005892892,3
T0005892894,3
T0005892899,3
T0005892902,1
T0005892907,2
T0005892910,3
T0005892915,3
T0005892917,3
T0005892920,2
T0005892923,1
T0005892924,1
T0005892926,2
T0005892930,3
T0005892931,2
T0005892937,2
T0005892941,2
T0005892942,2
T0005892945,2
T0005892947,1
T0005892948,3
T0005892950,3
T0005892952,2
T0005892954,3
T0005892955,2
T0005892959,3
T0005892960,1
T0005892962,1
T0005892965,2
T0005892966,3
T0005892968,2
T0005892972,2
T0005892975,2
T0005892977,2
T0005892979,1
T0005892980,3
T0005892982,2
T0005892983,2
T0005892987,3
T0005892993,1
T0005892994,2
T0005893000,2
T0005893002,3
T0005893004,2
T0005893009,1
T0005893010,2
T0005893011,2
T0005893013,2
T0005893017,2
T0005893023,1
T0005893024,1
T0005893033,2
T0005893034,1
T0005893036,1
T0005893037,2
T0005893038,2
T0005893041,1
T0005893047,2
T0005893048,2
T0005893049,3
T0005893050,3
T0005893051,3
T0005893054,3
T0005893055,2
T0005893061,2
T0005893062,2
T0005893067,1
T0005893068,2
T0005893076,1
T0005893080,1
T0005893081,2
T0005893083,2
T0005893087,1
T0005893090,1
T0005893096,1
T0005893100,1
T0005893103,2
T0005893104,3
T0005893105,2
T0005893106,1
T0005893107,2
T0005893108,3
T0005893110,3
T0005893111,2
T0005893114,2
T0005893124,2
T0005893128,3
T0005893130,2
T0005893132,2
T0005893134,3
T0005893135,2
T0005893136,2
T0005893138,2
T0005893141,2
T0005893142,2
T0005893148,2
T0005893151,3
T0005893155,2
T0005893161,2
T0005893162,1
T0005893164,3
T0005893171,2
T0005893172,2
T0005893176,3
T0005893177,2
T0005893178,2
T0005893180,2
T0005893181,1
T0005893182,2
T0005893188,3
T0005893191,3
T0005893192,3
T0005893197,1
T0005893202,3
T0005893203,2
T0005893206,2
T0005893207,2
T0005893208,2
T0005893210,2
T0005893215,2
T0005893220,3
T0005893221,2
T0005893222,3
T0005893228,3
T0005893229,2
T0005893231,3
T0005893232,3
T0005893234,1
T0005893240,2
T0005893243,2
T0005893247,3
T0005893256,2
T0005893257,1
T0005893258,3
T0005893259,3
T0005893260,2
T0005893262,1
T0005893265,2
T0005893267,3
T0005893271,2
T0005893274,2
T0005893276,2
T0005893277,2
T0005893281,3
T0005893283,1
T0005893286,2
T0005893287,3
T0005893289,1
T0005893291,3
T0005893292,2
T0005893294,1
T0005893295,3
T0005893297,2
T0005893298,3
T0005893300,2
T0005893303,3
T0005893304,2
T0005893306,2
T0005893307,2
T0005893309,2
T0005893310,2
T0005893311,3
T0005893313,3
T0005893315,2
T0005893316,3
T0005893328,2
T0005893332,2
T0005893334,2
T0005893335,1
T0005893336,3
T0005893337,2
T0005893339,3
T0005893341,3
T0005893347,2
T0005893353,3
T0005893355,3
T0005893360,2
T0005893364,1
T0005893365,3
T0005893368,2
T0005893369,3
T0005893371,3
T0005893374,3
T0005893375,2
T0005893377,3
T0005893391,2
T0005893392,2
T0005893396,3
T0005893397,2
T0005893398,2
T0005893402,1
T0005893403,2
T0005893408,3
T0005893409,2
T0005893412,2
T0005893415,3
T0005893418,2
T0005893421,2
T0005893423,3
T0005893424,3
T0005893427,2
T0005893431,2
T0005893433,2
T0005893434,2
T0005893438,2
T0005893439,2
T0005893442,2
T0005893444,2
T0005893445,3
T0005893453,1
T0005893454,3
T0005893457,2
T0005893459,2
T0005893460,2
T0005893461,2
T0005893465,3
T0005893466,3
T0005893467,2
T0005893468,2
T0005893469,2
T0005893471,3
T0005893477,2
T0005893479,3
T0005893482,1
T0005893484,2
T0005893485,2
T0005893487,3
T0005893489,2
T0005893490,2
T0005893494,2
T0005893495,1
T0005893500,2
T0005893503,2
T0005893508,2
T0005893509,1
T0005893518,2
T0005893519,3
T0005893522,2
T0005893528,2
T0005893530,1
T0005893531,2
T0005893532,3
T0005893540,2
T0005893544,3
T0005893546,3
T0005893550,3
T0005893551,3
T0005893553,2
T0005893555,3
T0005893557,3
T0005893559,2
T0005893567,2
T0005893568,1
T0005893569,2
T0005893570,3
T0005893572,2
T0005893577,3
T0005893578,2
T0005893579,2
T0005893583,2
T0005893585,3
T0005893588,1
T0005893590,1
T0005893591,2
T0005893592,2
T0005893594,2
T0005893595,2
T0005893596,3
T0005893597,3
T0005893598,1
T0005893599,2
T0005893600,3
T0005893601,2
T0005893602,2
T0005893606,2
T0005893612,3
T0005893613,1
T0005893614,3
T0005893615,2
T0005893617,3
T0005893621,2
T0005893622,3
T0005893624,1
T0005893625,2
T0005893627,2
T0005893628,3
T0005893629,2
T0005893630,3
T0005893635,1
T0005893636,1
T0005893639,3
T0005893640,2
T0005893642,3
T0005893643,2
T0005893644,1
T0005893646,3
T0005893648,3
T0005893649,3
T0005893650,2
T0005893652,2
T0005893657,1
T0005893662,1
T0005893666,2
T0005893669,2
T0005893671,2
T0005893673,2
T0005893674,2
T0005893681,3
T0005893682,2
T0005893683,3
T0005893684,2
T0005893685,3
T0005893690,2
T0005893693,3
T0005893695,2
T0005893702,1
T0005893704,3
T0005893706,3
T0005893707,2
T0005893715,2
T0005893716,3
T0005893722,2
T0005893725,3
T0005893726,3
T0005893727,2
T0005893731,2
T0005893732,2
T0005893734,1
T0005893735,3
T0005893736,1
T0005893740,2
T0005893741,3
T0005893742,2
T0005893744,2
T0005893745,2
T0005893746,3
T0005893749,3
T0005893751,2
T0005893754,2
T0005893756,2
T0005893757,2
T0005893758,2
T0005893764,2
T0005893765,3
T0005893768,3
T0005893771,2
T0005893773,3
T0005893780,2
T0005893783,2
T0005893786,2
T0005893787,1
T0005893790,1
T0005893794,2
T0005893795,3
T0005893801,3
T0005893802,3
T0005893804,3
T0005893811,2
T0005893812,3
T0005893818,1
T0005893819,1
T0005893820,2
T0005893823,1
T0005893830,2
T0005893831,2
T0005893832,2
T0005893839,3
T0005893841,2
T0005893843,1
T0005893846,3
T0005893849,1
T0005893850,2
T0005893852,2
T0005893853,3
T0005893855,2
T0005893856,2
T0005893857,2
T0005893859,2
T0005893864,1
T0005893866,2
T0005893867,3
T0005893871,3
T0005893872,1
T0005893873,2
T0005893884,1
T0005893886,2
T0005893889,1
T0005893890,1
T0005893892,2
T0005893896,1
T0005893902,2
T0005893903,3
T0005893904,2
T0005893906,3
T0005893911,3
T0005893912,3
T0005893913,2
T0005893926,2
T0005893932,2
T0005893933,2
T0005893939,2
T0005893941,2
T0005893943,2
T0005893945,2
T0005893947,3
T0005893950,2
T0005893957,3
T0005893962,2
T0005893963,2
T0005893966,1
T0005893969,2
T0005893972,2
T0005893973,1
T0005893977,2
T0005893978,2
T0005893983,3
T0005893986,1
T0005893987,2
T0005893990,3
T0005893992,3
T0005893995,1
T0005893997,3
T0005893998,3
T0005894000,2
T0005894001,3
T0005894002,2
T0005894007,3
T0005894008,3
T0005894009,3
T0005894010,3
T0005894011,2
T0005894014,3
T0005894016,2
T0005894019,2
T0005894021,2
T0005894027,3
T0005894029,2
T0005894031,3
T0005894032,2
T0005894034,3
T0005894035,3
T0005894036,3
T0005894037,1
T0005894038,3
T0005894042,2
T0005894043,3
T0005894044,2
T0005894049,2
T0005894050,1
T0005894053,1
T0005894055,1
T0005894056,2
T0005894057,3
T0005894058,2
T0005894062,3
T0005894063,1
T0005894065,1
T0005894067,3
T0005894068,3
T0005894069,2
T0005894070,1
T0005894071,3
T0005894079,3
T0005894081,3
T0005894086,1
T0005894087,2
T0005894088,3
T0005894090,2
T0005894093,1
T0005894095,3
T0005894096,2
T0005894098,2
T0005894099,2
T0005894101,2
T0005894102,2
T0005894103,1
T0005894105,3
T0005894113,3
T0005894114,2
T0005894117,2
T0005894118,2
T0005894121,2
T0005894122,2
T0005894123,1
T0005894125,2
T0005894128,1
T0005894129,2
T0005894131,1
T0005894134,1
T0005894136,2
T0005894137,3
T0005894140,3
T0005894143,2
T0005894147,1
T0005894148,2
T0005894155,3
T0005894161,2
T0005894163,2
T0005894165,3
T0005894166,2
T0005894170,2
T0005894171,2
T0005894172,3
T0005894175,2
T0005894176,1
T0005894180,3
T0005894181,3
T0005894184,3
T0005894186,1
T0005894188,2
T0005894189,2
T0005894192,2
T0005894193,2
T0005894194,1
T0005894198,2
T0005894200,2
T0005894201,1
T0005894205,2
T0005894208,1
T0005894209,3
T0005894213,1
T0005894214,1
T0005894215,1
T0005894217,2
T0005894218,2
T0005894219,2
T0005894222,2
T0005894223,3
T0005894226,2
T0005894227,2
T0005894233,3
T0005894235,2
T0005894237,1
T0005894238,2
T0005894243,3
T0005894245,1
T0005894247,3
T0005894249,2
T0005894250,3
T0005894254,3
T0005894257,3
T0005894259,3
T0005894267,3
T0005894268,2
T0005894270,2
T0005894272,2
T0005894273,3
T0005894274,3
T0005894279,2
T0005894280,2
T0005894286,1
T0005894288,2
T0005894294,1
T0005894296,2
T0005894297,3
T0005894299,3
T0005894300,3
T0005894303,1
T0005894309,1
T0005894310,3
T0005894311,1
T0005894312,1
T0005894317,2
T0005894318,3
T0005894321,1
T0005894324,3
T0005894325,2
T0005894328,1
T0005894335,3
T0005894337,2
T0005894338,2
T0005894341,2
T0005894343,2
T0005894345,2
T0005894350,3
T0005894356,2
T0005894357,3
T0005894358,3
T0005894365,2
T0005894366,3
T0005894369,2
T0005894374,2
T0005894376,1
T0005894377,2
T0005894380,1
T0005894383,2
T0005894385,2
T0005894386,2
T0005894387,3
T0005894388,2
T0005894390,3
T0005894391,3
T0005894394,2
T0005894396,2
T0005894397,3
T0005894399,2
T0005894403,2
T0005894404,1
T0005894406,3
T0005894408,3
T0005894410,2
T0005894415,2
T0005894416,3
T0005894420,1
T0005894422,1
T0005894423,3
T0005894424,3
T0005894428,1
T0005894429,1
T0005894430,1
T0005894432,2
T0005894441,3
T0005894442,2
T0005894450,3
T0005894451,2
T0005894455,2
T0005894456,3
T0005894457,2
T0005894458,2
T0005894459,1
T0005894461,2
T0005894463,2
T0005894464,1
T0005894470,2
T0005894471,2
T0005894474,1
T0005894476,3
T0005894478,2
T0005894482,1
T0005894483,2
T0005894485,1
T0005894490,2
T0005894493,2
T0005894494,3
T0005894495,1
T0005894496,3
T0005894497,1
T0005894500,2
T0005894502,2
T0005894507,3
T0005894508,2
T0005894512,2
T0005894513,3
T0005894514,1
T0005894521,2
T0005894522,3
T0005894526,3
T0005894527,3
T0005894529,3
T0005894531,3
T0005894533,1
T0005894538,1
T0005894539,3
T0005894540,2
T0005894543,2
T0005894544,2
T0005894545,3
T0005894551,3
T0005894553,1
T0005894554,2
T0005894555,2
T0005894558,3
T0005894562,2
T0005894563,2
T0005894565,2
T0005894570,3
T0005894575,2
T0005894576,1
T0005894577,2
T0005894578,2
T0005894581,2
T0005894589,1
T0005894590,3
T0005894592,2
T0005894594,2
T0005894595,1
T0005894596,2
T0005894597,2
T0005894607,2
T0005894608,2
T0005894610,2
T0005894614,2
T0005894615,3
T0005894623,2
T0005894624,3
T0005894630,2
T0005894631,3
T0005894636,2
T0005894639,2
T0005894641,2
T0005894645,2
T0005894646,3
T0005894648,3
T0005894653,1
T0005894654,1
T0005894658,2
T0005894662,2
T0005894664,2
T0005894666,3
T0005894670,3
T0005894673,2
T0005894674,2
T0005894675,2
T0005894678,2
T0005894679,1
T0005894681,2
T0005894685,1
T0005894687,3
T0005894694,3
T0005894695,2
T0005894697,2
T0005894698,3
T0005894699,3
T0005894700,2
T0005894701,3
T0005894702,2
T0005894703,2
T0005894704,3
T0005894705,1
T0005894706,1
T0005894712,2
T0005894714,3
T0005894715,2
T0005894718,3
T0005894720,2
T0005894727,3
T0005894731,1
T0005894733,2
T0005894735,1
T0005894736,2
T0005894741,2
T0005894743,1
T0005894746,2
T0005894749,1
T0005894752,3
T0005894754,1
T0005894757,3
T0005894758,1
T0005894760,2
T0005894762,2
T0005894763,2
T0005894765,2
T0005894769,2
T0005894771,3
T0005894780,3
T0005894781,3
T0005894782,1
T0005894788,1
T0005894789,2
T0005894790,1
T0005894792,3
T0005894794,2
T0005894796,3
T0005894797,1
T0005894799,3
T0005894800,1
T0005894803,1
T0005894807,1
T0005894809,2
T0005894814,1
T0005894818,1
T0005894820,2
T0005894821,3
T0005894823,3
T0005894824,2
T0005894826,3
T0005894827,3
T0005894828,2
T0005894831,2
T0005894832,2
T0005894836,3
T0005894840,2
T0005894843,3
T0005894844,2
T0005894845,2
T0005894846,2
T0005894848,2
T0005894850,3
T0005894852,2
T0005894853,1
T0005894856,2
T0005894857,2
T0005894858,3
T0005894860,3
T0005894863,1
T0005894870,2
T0005894871,3
T0005894877,3
T0005894878,2
T0005894880,2
T0005894883,3
T0005894887,3
T0005894893,3
T0005894894,2
T0005894896,3
T0005894897,2
T0005894898,3
T0005894901,2
T0005894904,2
T0005894905,2
T0005894909,2
T0005894910,2
T0005894911,1
T0005894912,2
T0005894914,3
T0005894919,1
T0005894921,3
T0005894925,1
T0005894927,3
T0005894929,2
T0005894932,1
T0005894934,2
T0005894936,1
T0005894939,1
T0005894942,1
T0005894948,3
T0005894956,2
T0005894960,1
T0005894963,1
T0005894967,2
T0005894969,1
T0005894971,2
T0005894975,3
T0005894976,1
T0005894984,2
T0005894989,2
T0005894990,2
T0005894992,2
T0005894993,1
T0005895004,1
T0005895005,1
T0005895010,1
T0005895011,1
T0005895014,3
T0005895015,3
T0005895016,3
T0005895017,2
T0005895018,3
T0005895020,2
T0005895023,2
T0005895028,2
T0005895030,3
T0005895031,1
T0005895033,2
T0005895034,2
T0005895037,2
T0005895043,2
T0005895045,3
T0005895048,2
T0005895049,3
T0005895053,2
T0005895055,2
T0005895056,3
T0005895061,2
T0005895065,1
T0005895070,3
T0005895072,3
T0005895073,3
T0005895076,3
T0005895082,2
T0005895085,2
T0005895088,3
T0005895093,2
T0005895098,3
T0005895100,3
T0005895106,2
T0005895111,2
T0005895113,1
T0005895115,2
T0005895116,2
T0005895123,1
T0005895130,2
T0005895134,1
T0005895135,3
T0005895136,2
T0005895138,3
T0005895146,2
T0005895148,2
T0005895151,3
T0005895154,2
T0005895155,3
T0005895158,2
T0005895161,1
T0005895163,3
T0005895164,2
T0005895165,2
T0005895167,3
T0005895170,2
T0005895171,2
T0005895174,3
T0005895178,1
T0005895181,3
T0005895183,3
T0005895184,2
T0005895187,2
T0005895188,2
T0005895189,3
T0005895190,2
T0005895191,2
T0005895192,2
T0005895194,2
T0005895196,2
T0005895201,2
T0005895202,2
T0005895204,2
T0005895207,1
T0005895208,2
T0005895210,2
T0005895211,3
T0005895213,2
T0005895216,2
T0005895219,1
T0005895222,2
T0005895223,1
T0005895227,2
T0005895229,3
T0005895230,3
T0005895231,2
T0005895232,1
T0005895236,3
T0005895240,3
T0005895241,2
T0005895242,1
T0005895245,3
T0005895246,3
T0005895247,2
T0005895250,2
T0005895255,3
T0005895258,2
T0005895269,1
T0005895273,2
T0005895274,3
T0005895278,3
T0005895280,2
T0005895281,3
T0005895283,2
T0005895285,2
T0005895290,3
T0005895292,3
T0005895293,1
T0005895296,2
T0005895299,2
T0005895300,2
T0005895308,2
T0005895309,3
T0005895310,3
T0005895312,2
T0005895316,3
T0005895317,2
T0005895319,2
T0005895320,1
T0005895325,2
T0005895329,2
T0005895330,1
T0005895335,2
T0005895336,2
T0005895342,2
T0005895349,3
T0005895353,1
T0005895357,2
T0005895359,1
T0005895363,2
T0005895366,2
T0005895367,3
T0005895370,2
T0005895373,3
T0005895375,1
T0005895378,1
T0005895380,2
T0005895383,2
T0005895384,1
T0005895385,2
T0005895386,2
T0005895388,3
T0005895391,2
T0005895395,2
T0005895396,3
T0005895397,2
T0005895398,1
T0005895400,1
T0005895402,1
T0005895406,1
T0005895407,2
T0005895409,1
T0005895410,2
T0005895411,3
T0005895415,2
T0005895416,3
T0005895418,2
T0005895420,1
T0005895422,2
T0005895423,3
T0005895424,2
T0005895425,3
T0005895429,1
T0005895430,2
T0005895432,3
T0005895433,2
T0005895435,3
T0005895436,1
T0005895437,2
T0005895438,2
T0005895439,2
T0005895443,2
T0005895445,1
T0005895446,3
T0005895448,2
T0005895452,2
T0005895455,2
T0005895456,2
T0005895457,3
T0005895460,2
T0005895461,2
T0005895470,2
T0005895471,3
T0005895472,1
T0005895478,1
T0005895482,3
T0005895483,3
T0005895484,3
T0005895486,3
T0005895490,2
T0005895495,3
T0005895496,2
T0005895501,2
T0005895502,2
T0005895503,3
T0005895506,2
T0005895507,3
T0005895513,2
T0005895518,3
T0005895523,2
T0005895526,3
T0005895529,3
T0005895530,1
T0005895531,2
T0005895535,2
T0005895536,2
T0005895537,1
T0005895539,2
T0005895543,2
T0005895545,1
T0005895546,3
T0005895547,3
T0005895551,1
T0005895556,2
T0005895557,2
T0005895564,3
T0005895568,1
T0005895575,2
T0005895576,2
T0005895577,3
T0005895580,2
T0005895581,2
T0005895593,2
T0005895600,2
T0005895604,3
T0005895605,2
T0005895607,2
T0005895611,2
T0005895614,2
T0005895620,3
T0005895623,2
T0005895625,2
T0005895628,3
T0005895630,1
T0005895632,1
T0005895633,3
T0005895634,3
T0005895635,3
T0005895636,3
T0005895638,2
T0005895639,3
T0005895650,2
T0005895651,3
T0005895653,2
T0005895654,3
T0005895657,2
T0005895660,1
T0005895663,2
T0005895664,3
T0005895665,1
T0005895666,2
T0005895675,2
T0005895678,3
T0005895680,3
T0005895681,2
T0005895682,2
T0005895684,3
T0005895685,1
T0005895686,2
T0005895689,3
T0005895692,2
T0005895694,3
T0005895697,3
T0005895698,1
T0005895702,2
T0005895703,3
T0005895705,2
T0005895706,2
T0005895707,1
T0005895712,1
T0005895713,2
T0005895723,2
T0005895726,2
T0005895728,1
T0005895729,2
T0005895733,2
T0005895734,2
T0005895735,2
T0005895736,1
T0005895737,2
T0005895740,3
T0005895743,2
T0005895744,3
T0005895747,3
T0005895749,2
T0005895751,3
T0005895756,2
T0005895762,1
T0005895763,3
T0005895764,2
T0005895767,3
T0005895771,2
T0005895772,3
T0005895773,2
T0005895774,1
T0005895780,2
T0005895783,2
T0005895784,1
T0005895786,3
T0005895789,2
T0005895794,2
T0005895797,2
T0005895798,2
T0005895801,3
T0005895803,3
T0005895804,3
T0005895806,1
T0005895807,3
T0005895810,2
T0005895812,1
T0005895813,3
T0005895818,1
T0005895819,3
T0005895820,3
T0005895821,2
T0005895822,1
T0005895825,1
T0005895834,1
T0005895836,3
T0005895838,3
T0005895841,3
T0005895844,2
T0005895847,2
T0005895848,1
T0005895849,3
T0005895851,2
T0005895853,3
T0005895854,2
T0005895857,2
T0005895858,3
T0005895860,1
T0005895861,3
T0005895862,3
T0005895866,1
T0005895870,2
T0005895875,2
T0005895876,2
T0005895877,1
T0005895881,3
T0005895884,3
T0005895886,2
T0005895892,2
T0005895893,2
T0005895894,2
T0005895895,1
T0005895898,2
T0005895900,2
T0005895901,3
T0005895902,2
T0005895905,3
T0005895908,1
T0005895912,2
T0005895913,2
T0005895915,2
T0005895918,2
T0005895922,1
T0005895924,1
T0005895925,2
T0005895926,2
T0005895928,3
T0005895929,1
T0005895932,3
T0005895934,2
T0005895935,3
T0005895939,2
T0005895941,3
T0005895942,3
T0005895945,2
T0005895946,3
T0005895947,2
T0005895953,2
T0005895956,2
T0005895959,2
T0005895962,2
T0005895965,3
T0005895966,3
T0005895970,3
T0005895973,3
T0005895974,2
T0005895978,2
T0005895982,1
T0005895985,2
T0005895988,1
T0005895989,2
T0005895993,3
T0005895995,2
T0005895998,3
T0005895999,2
T0005896001,2
T0005896002,3
T0005896004,2
T0005896009,1
T0005896010,3
T0005896011,1
T0005896013,3
T0005896014,3
T0005896016,2
T0005896018,2
T0005896021,2
T0005896022,2
T0005896027,2
T0005896030,2
T0005896032,3
T0005896035,1
T0005896036,1
T0005896037,3
T0005896038,3
T0005896043,1
T0005896044,2
T0005896047,3
T0005896051,3
T0005896052,3
T0005896058,2
T0005896059,3
T0005896062,3
T0005896067,2
T0005896074,3
T0005896078,3
T0005896079,3
T0005896080,1
T0005896084,3
T0005896085,1
T0005896087,2
T0005896089,1
T0005896092,1
T0005896093,2
T0005896095,2
T0005896096,2
T0005896100,3
T0005896101,2
T0005896105,3
T0005896106,1
T0005896110,2
T0005896111,1
T0005896112,1
T0005896114,1
T0005896117,2
T0005896119,3
T0005896120,3
T0005896122,2
T0005896124,3
T0005896125,2
T0005896129,2
T0005896133,2
T0005896137,3
T0005896144,1
T0005896149,3
T0005896155,2
T0005896158,1
T0005896160,1
T0005896162,2
T0005896163,3
T0005896166,1
T0005896167,1
T0005896172,1
T0005896173,2
T0005896183,3
T0005896186,2
T0005896187,1
T0005896194,2
T0005896198,2
T0005896199,1
T0005896207,3
T0005896208,3
T0005896216,2
T0005896217,2
T0005896218,2
T0005896221,2
T0005896223,1
T0005896226,3
T0005896228,3
T0005896231,1
T0005896234,1
T0005896235,2
T0005896236,3
T0005896237,3
T0005896238,1
T0005896241,2
T0005896245,1
T0005896246,2
T0005896247,1
T0005896249,2
T0005896252,1
T0005896255,3
T0005896256,1
T0005896257,3
T0005896259,2
T0005896262,2
T0005896263,1
T0005896269,3
T0005896270,3
T0005896273,2
T0005896274,3
T0005896278,3
T0005896280,2
T0005896283,2
T0005896284,1
T0005896285,1
T0005896286,1
T0005896287,3
T0005896290,2
T0005896294,2
T0005896295,1
T0005896296,1
T0005896297,3
T0005896298,2
T0005896305,2
T0005896306,2
T0005896308,3
T0005896311,1
T0005896312,2
T0005896313,2
T0005896316,3
T0005896318,2
T0005896322,2
T0005896328,3
T0005896331,1
T0005896336,3
T0005896337,2
T0005896339,1
T0005896345,2
T0005896350,2
T0005896353,1
T0005896355,2
T0005896358,1
T0005896359,2
T0005896360,2
T0005896361,2
T0005896362,2
T0005896364,2
T0005896366,2
T0005896368,3
T0005896370,3
T0005896371,2
T0005896374,2
T0005896375,3
T0005896376,2
T0005896378,2
T0005896379,3
T0005896382,3
T0005896386,2
T0005896387,2
T0005896388,1
T0005896390,2
T0005896392,3
T0005896397,3
T0005896398,3
T0005896399,2
T0005896404,2
T0005896405,2
T0005896409,2
T0005896411,1
T0005896413,2
T0005896420,2
T0005896421,2
T0005896422,2
T0005896424,3
T0005896430,3
T0005896434,2
T0005896436,2
T0005896439,2
T0005896440,3
T0005896441,3
T0005896447,3
T0005896448,2
T0005896449,3
T0005896451,1
T0005896454,2
T0005896455,2
T0005896458,1
T0005896459,3
T0005896461,2
T0005896462,1
T0005896463,2
T0005896464,2
T0005896465,3
T0005896469,1
T0005896470,1
T0005896471,2
T0005896474,2
T0005896477,3
T0005896482,3
T0005896485,2
T0005896486,3
T0005896489,3
T0005896493,3
T0005896495,1
T0005896497,3
T0005896499,3
T0005896501,2
T0005896502,2
T0005896503,2
T0005896505,1
T0005896506,1
T0005896507,2
T0005896512,2
T0005896513,1
T0005896517,2
T0005896520,1
T0005896522,2
T0005896523,2
T0005896524,2
T0005896525,3
T0005896528,1
T0005896529,2
T0005896530,2
T0005896531,3
T0005896534,2
T0005896536,2
T0005896539,1
T0005896544,2
T0005896553,3
T0005896555,2
T0005896557,2
T0005896559,3
T0005896560,2
T0005896563,3
T0005896571,2
T0005896582,2
T0005896595,3
T0005896597,2
T0005896598,2
T0005896602,2
T0005896603,1
T0005896604,2
T0005896606,3
T0005896609,1
T0005896610,3
T0005896614,3
T0005896615,3
T0005896616,2
T0005896618,3
T0005896620,2
T0005896622,2
T0005896623,2
T0005896627,1
T0005896632,3
T0005896633,2
T0005896637,3
T0005896638,1
T0005896639,3
T0005896640,1
T0005896641,1
T0005896646,2
T0005896652,2
T0005896653,2
T0005896654,1
T0005896655,1
T0005896657,3
T0005896658,1
T0005896659,2
T0005896661,3
T0005896662,1
T0005896667,2
T0005896670,2
T0005896672,2
T0005896674,1
T0005896678,3
T0005896683,3
T0005896688,3
T0005896689,1
T0005896690,2
T0005896691,3
T0005896692,2
T0005896693,2
T0005896696,2
T0005896699,3
T0005896700,3
T0005896706,3
T0005896708,2
T0005896709,1
T0005896713,3
T0005896714,3
T0005896721,2
T0005896722,1
T0005896724,2
T0005896725,2
T0005896729,1
T0005896730,3
T0005896738,1
T0005896742,1
T0005896746,2
T0005896747,2
T0005896749,1
T0005896751,3
T0005896752,3
T0005896756,2
T0005896757,2
T0005896759,2
T0005896760,2
T0005896761,3
T0005896767,3
T0005896770,3
T0005896778,1
T0005896789,3
T0005896794,2
T0005896799,2
T0005896800,3
T0005896801,3
T0005896805,2
T0005896811,2
T0005896812,1
T0005896813,3
T0005896814,2
T0005896816,2
T0005896817,1
T0005896819,3
T0005896821,3
T0005896822,2
T0005896824,3
T0005896827,3
T0005896830,2
T0005896832,3
T0005896834,3
T0005896838,1
T0005896839,2
T0005896840,2
T0005896842,3
T0005896846,2
T0005896847,3
T0005896848,3
T0005896849,2
T0005896850,2
T0005896851,2
T0005896852,2
T0005896853,2
T0005896857,3
T0005896858,2
T0005896859,2
T0005896863,2
T0005896866,2
T0005896871,2
T0005896876,1
T0005896879,2
T0005896881,2
T0005896887,2
T0005896890,2
T0005896891,2
T0005896893,2
T0005896903,3
T0005896904,2
T0005896906,2
T0005896907,1
T0005896912,1
T0005896916,1
T0005896919,3
T0005896920,2
T0005896925,1
T0005896926,1
T0005896929,1
T0005896933,1
T0005896934,3
T0005896936,3
T0005896938,1
T0005896941,2
T0005896943,3
T0005896944,2
T0005896945,2
T0005896949,3
T0005896950,2
T0005896951,3
T0005896960,3
T0005896961,2
T0005896962,2
T0005896972,3
T0005896973,3
T0005896976,3
T0005896981,2
T0005896982,1
T0005896988,1
T0005896996,3
T0005896998,2
T0005896999,1
T0005897000,2
T0005897003,2
T0005897005,3
T0005897006,1
T0005897015,3
T0005897017,3
T0005897020,2
T0005897021,3
T0005897022,2
T0005897030,3
T0005897032,2
T0005897033,1
T0005897034,2
T0005897035,2
T0005897037,2
T0005897042,2
T0005897044,2
T0005897045,3
T0005897046,3
T0005897049,2
T0005897050,2
T0005897052,2
T0005897053,1
T0005897055,1
T0005897056,2
T0005897059,2
T0005897060,3
T0005897063,1
T0005897064,3
T0005897068,3
T0005897070,2
T0005897072,3
T0005897073,2
T0005897075,1
T0005897077,2
T0005897078,2
T0005897080,2
T0005897084,3
T0005897085,2
T0005897087,2
T0005897093,3
T0005897094,3
T0005897095,2
T0005897097,3
T0005897101,2
T0005897104,1
T0005897105,2
T0005897109,2
T0005897113,2
T0005897115,1
T0005897119,1
T0005897120,3
T0005897124,3
T0005897125,1
T0005897130,2
T0005897133,2
T0005897134,2
T0005897140,1
T0005897141,1
T0005897144,1
T0005897145,2
T0005897150,2
T0005897151,3
T0005897156,2
T0005897159,2
T0005897160,2
T0005897162,3
T0005897169,3
T0005897171,1
T0005897175,2
T0005897177,3
T0005897180,2
T0005897182,3
T0005897183,2
T0005897184,2
T0005897185,3
T0005897188,2
T0005897189,1
T0005897193,2
T0005897195,3
T0005897203,2
T0005897204,2
T0005897206,3
T0005897208,3
T0005897209,2
T0005897217,2
T0005897219,3
T0005897221,2
T0005897223,1
T0005897224,1
T0005897228,3
T0005897229,2
T0005897230,3
T0005897231,2
T0005897232,2
T0005897233,2
T0005897236,2
T0005897240,2
T0005897241,2
T0005897242,2
T0005897243,1
T0005897244,3
T0005897246,2
T0005897248,2
T0005897250,3
T0005897251,2
T0005897253,3
T0005897255,2
T0005897258,2
T0005897264,1
T0005897272,1
T0005897273,3
T0005897274,2
T0005897277,3
T0005897278,2
T0005897284,1
T0005897290,2
T0005897292,2
T0005897293,3
T0005897298,2
T0005897304,2
T0005897310,2
T0005897312,2
T0005897316,3
T0005897317,3
T0005897319,2
T0005897327,2
T0005897328,2
T0005897329,2
T0005897330,1
T0005897332,1
T0005897334,2
T0005897336,3
T0005897341,1
T0005897343,2
T0005897346,3
T0005897347,2
T0005897348,3
T0005897349,1
T0005897350,2
T0005897351,2
T0005897352,2
T0005897355,3
T0005897356,3
T0005897357,2
T0005897359,2
T0005897360,2
T0005897365,3
T0005897367,2
T0005897368,1
T0005897371,2
T0005897372,1
T0005897374,3
T0005897377,3
T0005897381,2
T0005897384,1
T0005897396,2
T0005897397,2
T0005897398,1
T0005897400,3
T0005897401,2
T0005897405,2
T0005897408,1
T0005897411,1
T0005897412,2
T0005897417,2
T0005897419,1
T0005897420,2
T0005897421,2
T0005897422,2
T0005897430,1
T0005897431,3
T0005897434,2
T0005897436,2
T0005897437,3
T0005897441,3
T0005897442,2
T0005897445,2
T0005897447,2
T0005897449,3
T0005897451,3
T0005897455,3
T0005897457,2
T0005897459,1
T0005897461,1
T0005897467,2
T0005897469,2
T0005897471,2
T0005897472,2
T0005897473,3
T0005897475,3
T0005897476,2
T0005897484,2
T0005897488,3
T0005897490,3
T0005897491,2
T0005897493,2
T0005897494,2
T0005897498,3
T0005897499,2
T0005897500,2
T0005897502,2
T0005897504,3
T0005897507,3
T0005897510,3
T0005897517,1
T0005897518,1
T0005897520,2
T0005897521,2
T0005897523,3
T0005897524,2
T0005897527,2
T0005897531,3
T0005897532,2
T0005897534,2
T0005897537,3
T0005897538,3
T0005897539,2
T0005897541,1
T0005897542,2
T0005897543,2
T0005897546,2
T0005897548,3
T0005897552,3
T0005897555,1
T0005897556,3
T0005897558,2
T0005897561,2
T0005897562,2
T0005897565,3
T0005897569,2
T0005897570,2
T0005897574,2
T0005897578,3
T0005897579,2
T0005897580,3
T0005897583,2
T0005897584,2
T0005897592,3
T0005897593,1
T0005897594,3
T0005897595,2
T0005897596,1
T0005897597,3
T0005897598,2
T0005897599,2
T0005897600,2
T0005897603,2
T0005897607,2
T0005897611,2
T0005897612,3
T0005897616,3
T0005897617,2
T0005897623,2
T0005897624,1
T0005897625,2
T0005897627,2
T0005897630,2
T0005897632,2
T0005897638,1
T0005897644,2
T0005897645,2
T0005897646,1
T0005897647,3
T0005897648,2
T0005897649,2
T0005897652,2
T0005897654,1
T0005897655,3
T0005897656,2
T0005897658,2
T0005897660,3
T0005897666,2
T0005897667,2
T0005897670,2
T0005897676,2
T0005897677,3
T0005897678,2
T0005897681,2
T0005897682,2
T0005897684,3
T0005897685,3
T0005897687,2
T0005897688,2
T0005897690,3
T0005897695,2
T0005897704,1
T0005897705,3
T0005897708,3
T0005897712,2
T0005897713,3
T0005897714,2
T0005897715,1
T0005897716,3
T0005897718,1
T0005897720,2
T0005897721,2
T0005897722,1
T0005897723,1
T0005897728,3
T0005897730,2
T0005897732,2
T0005897733,2
T0005897736,2
T0005897737,3
T0005897739,2
T0005897745,2
T0005897749,3
T0005897752,2
T0005897753,3
T0005897758,1
T0005897759,3
T0005897760,3
T0005897762,1
T0005897764,2
T0005897765,3
T0005897770,1
T0005897771,1
T0005897772,2
T0005897777,2
T0005897778,3
T0005897781,2
T0005897785,2
T0005897788,1
T0005897792,3
T0005897793,1
T0005897795,3
T0005897798,2
T0005897801,1
T0005897803,1
T0005897805,2
T0005897811,3
T0005897813,2
T0005897815,3
T0005897819,3
T0005897825,3
T0005897830,2
T0005897833,3
T0005897837,2
T0005897842,3
T0005897847,3
T0005897848,2
T0005897850,2
T0005897851,2
T0005897854,2
T0005897856,2
T0005897858,1
T0005897859,2
T0005897862,2
T0005897867,2
T0005897870,2
T0005897873,3
T0005897874,1
T0005897876,1
T0005897877,1
T0005897884,1
T0005897885,3
T0005897887,2
T0005897889,3
T0005897890,3
T0005897896,2
T0005897897,2
T0005897901,3
T0005897902,3
T0005897903,1
T0005897907,3
T0005897910,2
T0005897911,3
T0005897912,2
T0005897915,2
T0005897917,2
T0005897918,2
T0005897921,3
T0005897922,2
T0005897923,3
T0005897924,2
T0005897925,1
T0005897926,3
T0005897936,2
T0005897938,3
T0005897940,2
T0005897942,2
T0005897945,3
T0005897946,1
T0005897949,3
T0005897951,2
T0005897952,3
T0005897954,2
T0005897959,3
T0005897963,2
T0005897967,3
T0005897968,2
T0005897969,3
T0005897970,2
T0005897972,2
T0005897973,3
T0005897974,3
T0005897975,1
T0005897976,3
T0005897978,3
T0005897981,2
T0005897982,3
T0005897984,2
T0005897986,2
T0005897988,3
T0005897995,1
T0005897998,3
T0005898000,2
T0005898001,2
T0005898005,2
T0005898006,2
T0005898009,2
T0005898020,2
T0005898022,2
T0005898028,3
T0005898031,2
T0005898033,3
T0005898034,3
T0005898041,1
T0005898043,1
T0005898044,3
T0005898045,2
T0005898047,2
T0005898048,3
T0005898050,3
T0005898051,2
T0005898052,1
T0005898053,2
T0005898056,2
T0005898062,2
T0005898064,3
T0005898065,1
T0005898067,3
T0005898072,2
T0005898073,3
T0005898074,3
T0005898080,1
T0005898081,2
T0005898082,1
T0005898083,2
T0005898085,2
T0005898088,2
T0005898089,3
T0005898091,2
T0005898092,2
T0005898098,2
T0005898100,1
T0005898102,2
T0005898103,3
T0005898107,1
T0005898108,3
T0005898109,2
T0005898112,1
T0005898115,1
T0005898116,2
T0005898118,3
T0005898120,2
T0005898121,2
T0005898124,2
T0005898126,2
T0005898128,3
T0005898132,3
T0005898133,3
T0005898137,2
T0005898138,2
T0005898139,2
T0005898141,2
T0005898144,2
T0005898147,2
T0005898153,3
T0005898156,2
T0005898160,2
T0005898161,1
T0005898163,2
T0005898164,3
T0005898166,1
T0005898168,2
T0005898171,3
T0005898173,3
T0005898177,3
T0005898179,3
T0005898180,2
T0005898182,3
T0005898188,3
T0005898189,3
T0005898190,1
T0005898194,2
T0005898195,3
T0005898196,2
T0005898200,1
T0005898202,2
T0005898203,2
T0005898207,2
T0005898212,3
T0005898217,3
T0005898224,3
T0005898225,3
T0005898226,2
T0005898227,2
T0005898228,3
T0005898229,2
T0005898230,3
T0005898233,2
T0005898235,3
T0005898238,2
T0005898243,3
T0005898244,1
T0005898245,2
T0005898246,2
T0005898252,2
T0005898254,2
T0005898255,3
T0005898259,2
T0005898261,3
T0005898263,2
T0005898265,2
T0005898271,1
T0005898273,1
T0005898275,2
T0005898277,2
T0005898278,1
T0005898279,2
T0005898281,2
T0005898285,3
T0005898288,2
T0005898290,3
T0005898291,3
T0005898292,3
T0005898296,2
T0005898298,3
T0005898300,2
T0005898303,3
T0005898306,3
T0005898307,2
T0005898311,2
T0005898314,3
T0005898320,1
T0005898321,3
T0005898323,2
T0005898326,2
T0005898329,2
T0005898331,3
T0005898332,3
T0005898339,2
T0005898340,2
T0005898341,2
T0005898344,1
T0005898345,1
T0005898346,1
T0005898348,2
T0005898350,1
T0005898356,1
T0005898358,1
T0005898359,1
T0005898364,2
T0005898365,3
T0005898366,3
T0005898368,3
T0005898369,3
T0005898370,3
T0005898375,1
T0005898378,3
T0005898379,1
T0005898381,2
T0005898382,2
T0005898385,3
T0005898386,2
T0005898390,2
T0005898391,2
T0005898394,1
T0005898396,2
T0005898398,2
T0005898410,2
T0005898411,2
T0005898413,3
T0005898415,3
T0005898416,2
T0005898418,2
T0005898421,3
T0005898423,2
T0005898424,3
T0005898426,3
T0005898427,3
T0005898430,1
T0005898431,3
T0005898432,3
T0005898437,2
T0005898438,3
T0005898440,1
T0005898442,1
T0005898445,2
T0005898446,3
T0005898447,2
T0005898448,1
T0005898452,3
T0005898455,3
T0005898457,2
T0005898459,1
T0005898460,3
T0005898462,1
T0005898467,3
T0005898472,2
T0005898478,2
T0005898479,3
T0005898481,2
T0005898484,3
T0005898485,2
T0005898488,2
T0005898490,3
T0005898494,3
T0005898496,2
T0005898498,1
T0005898501,3
T0005898502,1
T0005898509,2
T0005898512,3
T0005898516,3
T0005898518,2
T0005898519,2
T0005898521,3
T0005898523,2
T0005898526,2
T0005898529,1
T0005898530,3
T0005898534,1
T0005898535,3
T0005898538,2
T0005898539,3
T0005898542,2
T0005898546,2
T0005898547,3
T0005898548,1
T0005898549,1
T0005898550,3
T0005898551,1
T0005898552,3
T0005898553,3
T0005898554,1
T0005898557,1
T0005898559,1
T0005898560,1
T0005898561,2
T0005898566,2
T0005898568,2
T0005898570,2
T0005898573,2
T0005898576,3
T0005898579,1
T0005898580,3
T0005898581,2
T0005898583,1
T0005898586,1
T0005898587,2
T0005898588,1
T0005898590,3
T0005898596,3
T0005898597,2
T0005898600,3
T0005898603,2
T0005898605,2
T0005898608,3
T0005898611,1
T0005898613,3
T0005898615,2
T0005898616,2
T0005898618,2
T0005898619,1
T0005898620,2
T0005898625,2
T0005898626,1
T0005898627,2
T0005898628,3
T0005898629,3
T0005898631,2
T0005898632,1
T0005898633,1
T0005898634,2
T0005898635,1
T0005898637,2
T0005898638,1
T0005898647,2
T0005898648,2
T0005898652,2
T0005898653,1
T0005898657,2
T0005898664,2
T0005898667,3
T0005898668,1
T0005898669,2
T0005898670,3
T0005898673,2
T0005898676,2
T0005898677,3
T0005898679,2
T0005898681,2
T0005898684,3
T0005898686,1
T0005898689,2
T0005898691,2
T0005898694,3
T0005898698,1
T0005898701,3
T0005898703,2
T0005898707,2
T0005898709,3
T0005898710,3
T0005898712,2
T0005898714,2
T0005898716,1
T0005898719,2
T0005898722,1
T0005898724,3
T0005898725,2
T0005898727,3
T0005898729,2
T0005898732,3
T0005898736,3
T0005898738,2
T0005898739,3
T0005898740,1
T0005898745,3
T0005898746,2
T0005898747,2
T0005898748,1
T0005898749,1
T0005898751,2
T0005898757,2
T0005898758,3
T0005898759,3
T0005898760,1
T0005898761,1
T0005898762,2
T0005898765,1
T0005898766,1
T0005898767,2
T0005898769,2
T0005898772,3
T0005898773,2
T0005898774,2
T0005898778,3
T0005898781,3
T0005898783,2
T0005898788,2
T0005898791,3
T0005898792,2
T0005898795,1
T0005898796,2
T0005898798,3
T0005898801,2
T0005898808,3
T0005898810,2
T0005898811,2
T0005898812,3
T0005898813,2
T0005898814,2
T0005898819,2
T0005898820,2
T0005898821,3
T0005898823,2
T0005898824,3
T0005898826,3
T0005898827,3
T0005898828,2
T0005898833,2
T0005898836,1
T0005898837,1
T0005898839,2
T0005898843,2
T0005898846,3
T0005898849,1
T0005898850,2
T0005898855,2
T0005898861,1
T0005898869,3
T0005898875,2
T0005898878,2
T0005898879,2
T0005898880,2
T0005898882,2
T0005898884,2
T0005898886,2
T0005898887,2
T0005898889,2
T0005898891,3
T0005898894,3
T0005898895,3
T0005898896,2
T0005898901,1
T0005898902,3
T0005898904,3
T0005898910,2
T0005898913,2
T0005898914,3
T0005898915,2
T0005898916,2
T0005898918,3
T0005898923,2
T0005898924,3
T0005898929,2
T0005898931,2
T0005898932,1
T0005898935,2
T0005898938,2
T0005898940,2
T0005898941,2
T0005898943,1
T0005898947,2
T0005898949,3
T0005898950,3
T0005898951,2
T0005898952,2
T0005898954,3
T0005898955,2
T0005898960,3
T0005898962,3
T0005898963,3
T0005898964,1
T0005898971,1
T0005898975,2
T0005898977,2
T0005898979,3
T0005898980,1
T0005898982,2
T0005898985,2
T0005898989,2
T0005898990,2
T0005898993,2
T0005898995,2
T0005898997,3
T0005898999,2
T0005899000,3
T0005899004,1
T0005899005,3
T0005899007,2
T0005899009,2
T0005899010,3
T0005899011,1
T0005899016,1
T0005899021,2
T0005899023,3
T0005899024,2
T0005899028,3
T0005899031,2
T0005899032,3
T0005899035,2
T0005899042,3
T0005899045,2
T0005899047,2
T0005899049,2
T0005899054,2
T0005899059,2
T0005899061,1
T0005899062,2
T0005899065,3
T0005899066,3
T0005899069,2
T0005899070,2
T0005899074,3
T0005899077,1
T0005899081,3
T0005899085,2
T0005899092,1
T0005899094,2
T0005899095,2
T0005899098,2
T0005899099,3
T0005899100,3
T0005899101,1
T0005899103,3
T0005899104,3
T0005899105,1
T0005899110,3
T0005899112,1
T0005899117,1
T0005899118,2
T0005899119,2
T0005899120,2
T0005899122,1
T0005899123,1
T0005899126,1
T0005899127,2
T0005899129,2
T0005899136,3
T0005899140,1
T0005899147,2
T0005899151,2
T0005899156,1
T0005899157,2
T0005899158,3
T0005899159,3
T0005899161,2
T0005899162,3
T0005899164,3
T0005899166,2
T0005899169,3
T0005899172,3
T0005899173,3
T0005899174,3
T0005899175,3
T0005899176,3
T0005899177,2
T0005899178,3
T0005899181,1
T0005899189,2
T0005899193,1
T0005899194,1
T0005899198,1
T0005899199,3
T0005899200,3
T0005899202,2
T0005899204,1
T0005899206,3
T0005899209,2
T0005899213,2
T0005899215,2
T0005899216,1
T0005899217,2
T0005899219,3
T0005899220,2
T0005899222,2
T0005899227,2
T0005899230,2
T0005899231,2
T0005899234,3
T0005899235,2
T0005899237,3
T0005899238,3
T0005899239,3
T0005899240,1
T0005899250,3
T0005899252,3
T0005899253,1
T0005899255,1
T0005899256,2
T0005899259,1
T0005899265,2
T0005899267,1
T0005899270,1
T0005899272,2
T0005899273,2
T0005899275,3
T0005899276,2
T0005899278,3
T0005899279,2
T0005899280,3
T0005899282,2
T0005899287,2
T0005899289,2
T0005899291,2
T0005899294,1
T0005899297,1
T0005899299,2
T0005899302,2
T0005899305,3
T0005899309,2
T0005899310,1
T0005899312,2
T0005899316,3
T0005899317,3
T0005899318,1
T0005899319,2
T0005899321,2
T0005899322,2
T0005899324,3
T0005899325,2
T0005899326,2
T0005899329,3
T0005899331,3
T0005899332,2
T0005899333,1
T0005899338,2
T0005899340,1
T0005899341,2
T0005899346,2
T0005899349,2
T0005899352,3
T0005899356,2
T0005899364,2
T0005899365,2
T0005899366,2
T0005899371,2
T0005899372,2
T0005899378,2
T0005899381,3
T0005899382,3
T0005899384,2
T0005899385,1
T0005899387,2
T0005899390,2
T0005899392,2
T0005899393,2
T0005899397,2
T0005899399,3
T0005899404,1
T0005899408,2
T0005899412,2
T0005899413,2
T0005899414,3
T0005899415,2
T0005899417,3
T0005899418,3
T0005899436,3
T0005899437,1
T0005899438,2
T0005899439,2
T0005899440,3
T0005899448,2
T0005899450,2
T0005899453,2
T0005899454,2
T0005899455,1
T0005899458,2
T0005899462,3
T0005899464,3
T0005899468,2
T0005899469,3
T0005899471,3
T0005899472,3
T0005899474,3
T0005899475,2
T0005899476,2
T0005899477,1
T0005899485,3
T0005899487,1
T0005899489,2
T0005899490,1
T0005899491,2
T0005899494,2
T0005899495,3
T0005899496,2
T0005899498,1
T0005899499,2
T0005899502,2
T0005899511,3
T0005899513,2
T0005899514,3
T0005899526,3
T0005899528,1
T0005899530,2
T0005899534,2
T0005899540,2
T0005899541,1
T0005899544,1
T0005899545,1
T0005899546,3
T0005899548,2
T0005899551,3
T0005899552,2
T0005899553,1
T0005899555,3
T0005899556,2
T0005899560,2
T0005899561,3
T0005899562,2
T0005899564,2
T0005899565,2
T0005899566,2
T0005899568,2
T0005899570,3
T0005899571,2
T0005899573,2
T0005899575,1
T0005899578,1
T0005899580,3
T0005899581,3
T0005899584,2
T0005899585,3
T0005899587,3
T0005899588,3
T0005899592,2
T0005899594,1
T0005899595,2
T0005899596,2
T0005899603,1
T0005899604,1
T0005899607,2
T0005899608,1
T0005899612,3
T0005899614,3
T0005899616,3
T0005899617,2
T0005899619,3
T0005899628,2
T0005899634,2
T0005899635,1
T0005899639,1
T0005899641,3
T0005899642,1
T0005899644,3
T0005899645,2
T0005899646,1
T0005899649,2
T0005899650,2
T0005899652,1
T0005899656,3
T0005899659,2
T0005899664,3
T0005899666,2
T0005899669,3
T0005899671,3
T0005899672,2
T0005899677,1
T0005899679,2
T0005899683,1
T0005899687,2
T0005899689,1
T0005899691,3
T0005899694,2
T0005899696,3
T0005899698,2
T0005899699,1
T0005899701,2
T0005899703,2
T0005899705,3
T0005899707,3
T0005899712,3
T0005899713,3
T0005899716,2
T0005899717,2
T0005899718,2
T0005899719,3
T0005899737,2
T0005899739,3
T0005899740,3
T0005899744,2
T0005899745,1
T0005899746,2
T0005899747,3
T0005899749,2
T0005899754,2
T0005899756,2
T0005899758,1
T0005899762,3
T0005899763,1
T0005899766,2
T0005899769,2
T0005899771,3
T0005899778,3
T0005899779,3
T0005899780,1
T0005899784,2
T0005899785,1
T0005899788,3
T0005899790,2
T0005899796,2
T0005899801,3
T0005899803,1
T0005899804,2
T0005899807,2
T0005899810,1
T0005899811,2
T0005899816,3
T0005899824,2
T0005899827,1
T0005899828,2
T0005899829,2
T0005899830,2
T0005899836,1
T0005899839,2
T0005899840,1
T0005899842,3
T0005899844,2
T0005899845,2
T0005899846,3
T0005899848,2
T0005899849,3
T0005899853,2
T0005899854,3
T0005899862,3
T0005899871,1
T0005899872,3
T0005899873,2
T0005899879,3
T0005899880,1
T0005899883,2
T0005899884,2
T0005899886,3
T0005899887,2
T0005899888,2
T0005899889,3
T0005899891,2
T0005899892,2
T0005899895,3
T0005899898,1
T0005899901,2
T0005899902,3
T0005899905,2
T0005899910,2
T0005899922,2
T0005899923,2
T0005899929,2
T0005899932,2
T0005899934,3
T0005899935,2
T0005899936,3
T0005899942,1
T0005899943,3
T0005899945,3
T0005899946,2
T0005899950,3
T0005899951,1
T0005899955,3
T0005899957,2
T0005899960,2
T0005899961,1
T0005899963,1
T0005899964,2
T0005899965,2
T0005899969,2
T0005899972,1
T0005899977,3
T0005899979,3
T0005899980,3
T0005899983,1
T0005899987,2
T0005899990,1
T0005899994,2
T0005899998,2
T0005900004,2
T0005900007,2
T0005900011,3
T0005900019,3
T0005900021,2
T0005900024,1
T0005900027,2
T0005900030,3
T0005900034,3
T0005900035,2
T0005900040,1
T0005900044,2
T0005900047,2
T0005900053,2
T0005900057,1
T0005900067,3
T0005900068,3
T0005900069,1
T0005900070,3
T0005900073,2
T0005900078,3
T0005900082,1
T0005900084,2
T0005900088,3
T0005900090,3
T0005900091,3
T0005900095,2
T0005900100,1
T0005900108,3
T0005900109,2
T0005900115,1
T0005900116,3
T0005900120,3
T0005900124,2
T0005900127,3
T0005900128,2
T0005900129,1
T0005900131,2
T0005900133,2
T0005900135,2
T0005900136,3
T0005900147,3
T0005900149,3
T0005900151,2
T0005900155,1
T0005900156,1
T0005900165,2
T0005900168,3
T0005900170,2
T0005900171,2
T0005900178,2
T0005900181,1
T0005900182,1
T0005900186,2
T0005900191,1
T0005900192,3
T0005900197,1
T0005900200,2
T0005900203,3
T0005900207,2
T0005900208,3
T0005900209,3
T0005900212,2
T0005900213,3
T0005900216,1
T0005900218,2
T0005900222,2
T0005900223,3
T0005900225,1
T0005900227,3
T0005900229,3
T0005900232,2
T0005900238,1
T0005900239,3
T0005900240,3
T0005900242,2
T0005900243,3
T0005900244,3
T0005900245,1
T0005900250,3
T0005900254,2
T0005900258,3
T0005900261,2
T0005900262,1
T0005900265,2
T0005900270,2
T0005900272,2
T0005900274,2
T0005900278,2
T0005900279,1
T0005900280,3
T0005900282,2
T0005900283,1
T0005900287,3
T0005900291,2
T0005900293,3
T0005900297,2
T0005900298,3
T0005900299,2
T0005900300,2
T0005900303,3
T0005900304,3
T0005900309,2
T0005900315,2
T0005900316,3
T0005900317,2
T0005900319,2
T0005900321,2
T0005900322,2
T0005900326,2
T0005900327,3
T0005900332,3
T0005900333,2
T0005900334,2
T0005900337,2
T0005900339,2
T0005900343,2
T0005900345,2
T0005900346,3
T0005900348,3
T0005900350,2
T0005900353,2
T0005900355,1
T0005900357,3
T0005900358,2
T0005900361,2
T0005900362,2
T0005900364,1
T0005900369,1
T0005900377,1
T0005900379,2
T0005900380,2
T0005900385,2
T0005900391,2
T0005900392,1
T0005900395,3
T0005900398,2
T0005900400,2
T0005900401,2
T0005900403,3
T0005900405,3
T0005900407,2
T0005900413,2
T0005900414,2
T0005900415,3
T0005900416,1
T0005900421,1
T0005900423,2
T0005900425,2
T0005900427,3
T0005900433,2
T0005900434,3
T0005900437,1
T0005900438,2
T0005900439,2
T0005900443,2
T0005900446,2
T0005900449,2
T0005900453,3
T0005900456,3
T0005900457,3
T0005900467,1
T0005900472,1
T0005900476,2
T0005900483,2
T0005900486,3
T0005900489,3
T0005900490,3
T0005900492,3
T0005900494,3
T0005900497,3
T0005900498,1
T0005900502,2
T0005900504,2
T0005900509,3
T0005900510,3
T0005900511,3
T0005900512,2
T0005900513,2
T0005900514,2
T0005900515,3
T0005900517,2
T0005900520,2
T0005900525,2
T0005900529,3
T0005900531,3
T0005900535,1
T0005900538,3
T0005900539,3
T0005900543,2
T0005900551,3
T0005900553,3
T0005900563,2
T0005900565,1
T0005900569,2
T0005900570,3
T0005900577,1
T0005900578,3
T0005900579,2
T0005900580,2
T0005900581,1
T0005900582,2
T0005900586,3
T0005900588,2
T0005900589,2
T0005900593,3
T0005900594,2
T0005900595,2
T0005900596,1
T0005900598,1
T0005900603,3
T0005900607,2
T0005900608,2
T0005900610,3
T0005900613,2
T0005900617,3
T0005900619,2
T0005900620,2
T0005900621,2
T0005900622,2
T0005900623,2
T0005900624,2
T0005900626,2
T0005900628,1
T0005900633,2
T0005900634,2
T0005900635,3
T0005900638,1
T0005900640,2
T0005900641,2
T0005900642,1
T0005900651,1
T0005900654,1
T0005900656,2
T0005900657,3
T0005900663,2
T0005900666,1
T0005900668,3
T0005900669,3
T0005900671,2
T0005900674,2
T0005900677,2
T0005900681,3
T0005900682,2
T0005900683,2
T0005900684,2
T0005900685,2
T0005900686,2
T0005900687,2
T0005900688,2
T0005900690,2
T0005900691,2
T0005900692,3
T0005900696,3
T0005900697,2
T0005900700,1
T0005900701,2
T0005900702,2
T0005900704,2
T0005900707,3
T0005900708,2
T0005900711,2
T0005900715,2
T0005900718,2
T0005900724,1
T0005900728,2
T0005900730,1
T0005900732,1
T0005900734,3
T0005900737,2
T0005900739,1
T0005900744,1
T0005900750,2
T0005900752,1
T0005900753,2
T0005900754,1
T0005900755,3
T0005900759,3
T0005900761,1
T0005900762,2
T0005900763,1
T0005900764,1
T0005900765,2
T0005900767,3
T0005900771,1
T0005900772,3
T0005900777,3
T0005900782,2
T0005900783,2
T0005900788,2
T0005900790,2
T0005900792,1
T0005900794,2
T0005900798,2
T0005900799,1
T0005900800,3
T0005900802,3
T0005900803,2
T0005900804,3
T0005900805,3
T0005900806,3
T0005900807,2
T0005900811,2
T0005900812,2
T0005900813,1
T0005900814,1
T0005900817,3
T0005900820,3
T0005900821,3
T0005900822,1
T0005900823,3
T0005900826,2
T0005900827,3
T0005900831,2
T0005900833,2
T0005900835,2
T0005900836,2
T0005900837,2
T0005900839,2
T0005900840,1
T0005900842,2
T0005900844,2
T0005900846,1
T0005900847,3
T0005900849,2
T0005900850,2
T0005900851,2
T0005900857,3
T0005900858,2
T0005900861,1
T0005900863,3
T0005900865,3
T0005900869,3
T0005900873,2
T0005900874,3
T0005900875,2
T0005900880,2
T0005900881,2
T0005900883,1
T0005900884,2
T0005900886,2
T0005900888,1
T0005900890,2
T0005900893,2
T0005900897,2
T0005900901,2
T0005900902,2
T0005900903,2
T0005900911,3
T0005900914,2
T0005900915,3
T0005900922,1
T0005900924,2
T0005900925,1
T0005900926,2
T0005900939,2
T0005900942,3
T0005900948,2
T0005900952,1
T0005900959,2
T0005900961,3
T0005900963,3
T0005900967,2
T0005900972,2
T0005900977,2
T0005900982,2
T0005900986,2
T0005900989,2
T0005900993,3
T0005900995,2
T0005901000,3
T0005901002,3
T0005901005,3
T0005901006,3
T0005901007,2
T0005901008,2
T0005901010,2
T0005901016,2
T0005901018,2
T0005901021,2
T0005901025,1
T0005901032,2
T0005901033,1
T0005901039,2
T0005901048,2
T0005901052,2
T0005901053,2
T0005901054,2
T0005901055,1
T0005901057,2
T0005901061,3
T0005901062,2
T0005901064,2
T0005901065,3
T0005901078,3
T0005901079,1
T0005901086,2
T0005901088,1
T0005901091,1
T0005901092,1
T0005901094,2
T0005901095,1
T0005901096,2
T0005901101,1
T0005901104,2
T0005901106,3
T0005901108,3
T0005901109,2
T0005901110,2
T0005901112,3
T0005901113,2
T0005901115,2
T0005901117,2
T0005901119,3
T0005901121,3
T0005901123,2
T0005901124,2
T0005901127,3
T0005901128,3
T0005901129,3
T0005901134,2
T0005901135,1
T0005901136,3
T0005901137,3
T0005901140,3
T0005901142,2
T0005901144,2
T0005901145,1
T0005901146,2
T0005901148,2
T0005901151,2
T0005901152,3
T0005901153,3
T0005901155,1
T0005901156,2
T0005901158,1
T0005901159,1
T0005901163,2
T0005901164,2
T0005901169,2
T0005901171,3
T0005901175,2
T0005901176,2
T0005901177,3
T0005901178,1
T0005901180,2
T0005901183,2
T0005901185,2
T0005901186,3
T0005901188,1
T0005901191,3
T0005901194,3
T0005901196,3
T0005901198,1
T0005901199,3
T0005901202,2
T0005901203,2
T0005901208,1
T0005901210,2
T0005901211,2
T0005901212,2
T0005901213,3
T0005901214,1
T0005901216,2
T0005901218,1
T0005901223,2
T0005901225,2
T0005901227,1
T0005901228,1
T0005901230,3
T0005901231,2
T0005901234,2
T0005901236,2
T0005901239,2
T0005901243,3
T0005901246,3
T0005901252,3
T0005901253,3
T0005901254,1
T0005901256,1
T0005901259,2
T0005901261,2
T0005901266,2
T0005901267,1
T0005901271,1
T0005901272,2
T0005901273,2
T0005901277,2
T0005901286,2
T0005901288,2
T0005901289,2
T0005901293,2
T0005901295,2
T0005901297,3
T0005901298,3
T0005901299,3
T0005901303,3
T0005901304,2
T0005901305,2
T0005901311,3
T0005901312,3
T0005901316,2
T0005901319,1
T0005901320,3
T0005901324,2
T0005901325,2
T0005901328,2
T0005901330,3
T0005901334,2
T0005901337,2
T0005901338,2
T0005901344,2
T0005901346,2
T0005901350,2
T0005901352,1
T0005901354,2
T0005901355,1
T0005901362,1
T0005901364,2
T0005901365,1
T0005901367,1
T0005901377,1
T0005901378,2
T0005901379,3
T0005901388,3
T0005901392,2
T0005901393,2
T0005901396,2
T0005901398,2
T0005901402,2
T0005901404,1
T0005901405,2
T0005901406,1
T0005901407,1
T0005901410,2
T0005901411,2
T0005901412,2
T0005901413,2
T0005901414,3
T0005901415,2
T0005901419,3
T0005901426,2
T0005901428,3
T0005901430,3
T0005901432,2
T0005901433,2
T0005901434,3
T0005901436,3
T0005901437,3
T0005901441,3
T0005901444,3
T0005901445,2
T0005901447,3
T0005901452,3
T0005901453,2
T0005901454,2
T0005901455,2
T0005901456,2
T0005901457,2
T0005901460,3
T0005901462,3
T0005901463,3
T0005901466,3
T0005901467,2
T0005901469,3
T0005901470,2
T0005901474,1
T0005901480,2
T0005901481,2
T0005901482,3
T0005901483,2
T0005901486,3
T0005901487,3
T0005901494,3
T0005901497,2
T0005901499,2
T0005901500,1
T0005901504,1
T0005901505,2
T0005901506,2
T0005901509,2
T0005901512,2
T0005901514,2
T0005901515,3
T0005901522,2
T0005901527,3
T0005901529,2
T0005901530,1
T0005901538,3
T0005901541,2
T0005901545,2
T0005901546,2
T0005901548,3
T0005901549,2
T0005901550,3
T0005901551,2
T0005901552,2
T0005901554,3
T0005901555,1
T0005901556,3
T0005901558,3
T0005901560,2
T0005901570,2
T0005901572,3
T0005901573,2
T0005901575,2
T0005901577,3
T0005901579,2
T0005901580,2
T0005901585,3
T0005901591,3
T0005901593,2
T0005901595,1
T0005901596,1
T0005901598,2
T0005901599,3
T0005901602,3
T0005901606,2
T0005901607,2
T0005901609,3
T0005901614,3
T0005901617,2
T0005901619,3
T0005901621,2
T0005901628,3
T0005901631,3
T0005901632,2
T0005901633,3
T0005901644,2
T0005901646,2
T0005901647,3
T0005901649,1
T0005901650,2
T0005901655,2
T0005901656,2
T0005901658,2
T0005901660,3
T0005901662,3
T0005901664,3
T0005901665,1
T0005901669,2
T0005901671,3
T0005901672,2
T0005901673,1
T0005901677,3
T0005901680,1
T0005901681,2
T0005901685,2
T0005901686,1
T0005901698,1
T0005901701,3
T0005901702,3
T0005901707,3
T0005901708,1
T0005901710,3
T0005901711,3
T0005901714,1
T0005901715,2
T0005901720,3
T0005901724,3
T0005901727,2
T0005901728,2
T0005901730,1
T0005901731,2
T0005901734,2
T0005901735,2
T0005901743,2
T0005901745,1
T0005901746,2
T0005901747,3
T0005901753,2
T0005901757,1
T0005901758,1
T0005901764,1
T0005901766,2
T0005901768,3
T0005901769,3
T0005901770,1
T0005901773,2
T0005901775,3
T0005901780,2
T0005901784,2
T0005901785,2
T0005901787,2
T0005901788,3
T0005901790,1
T0005901793,2
T0005901798,3
T0005901810,1
T0005901811,1
T0005901816,2
T0005901818,2
T0005901819,2
T0005901827,1
T0005901831,3
T0005901834,1
T0005901838,2
T0005901840,1
T0005901841,1
T0005901842,2
T0005901843,1
T0005901845,1
T0005901847,3
T0005901850,3
T0005901851,2
T0005901852,1
T0005901854,3
T0005901855,3
T0005901856,3
T0005901857,2
T0005901860,2
T0005901862,2
T0005901864,2
T0005901866,2
T0005901867,1
T0005901868,2
T0005901875,1
T0005901876,1
T0005901879,2
T0005901881,3
T0005901882,1
T0005901890,3
T0005901898,3
T0005901901,3
T0005901903,3
T0005901906,3
T0005901907,1
T0005901914,2
T0005901923,2
T0005901924,2
T0005901927,2
T0005901928,2
T0005901931,1
T0005901932,3
T0005901933,1
T0005901937,2
T0005901938,2
T0005901941,1
T0005901943,3
T0005901945,2
T0005901947,2
T0005901948,2
T0005901949,2
T0005901954,3
T0005901955,3
T0005901956,1
T0005901958,3
T0005901961,2
T0005901963,1
T0005901969,2
T0005901971,2
T0005901974,3
T0005901977,1
T0005901978,2
T0005901980,3
T0005901989,3
T0005901991,2
T0005901992,2
T0005901994,1
T0005902003,1
T0005902004,2
T0005902007,1
T0005902008,2
T0005902010,2
T0005902012,3
T0005902015,2
T0005902019,2
T0005902020,2
T0005902021,2
T0005902022,3
T0005902023,3
T0005902024,2
T0005902028,2
T0005902030,1
T0005902031,2
T0005902037,3
T0005902042,3
T0005902043,2
T0005902045,2
T0005902049,3
T0005902050,3
T0005902052,2
T0005902053,2
T0005902060,1
T0005902066,2
T0005902068,2
T0005902070,2
T0005902072,2
T0005902076,1
T0005902078,3
T0005902081,2
T0005902083,3
T0005902085,3
T0005902089,3
T0005902090,2
T0005902094,1
T0005902095,2
T0005902096,3
T0005902098,1
T0005902102,2
T0005902105,2
T0005902107,1
T0005902109,2
T0005902111,3
T0005902113,3
T0005902115,3
T0005902116,3
T0005902117,2
T0005902120,1
T0005902121,2
T0005902126,1
T0005902127,2
T0005902128,2
T0005902131,1
T0005902132,2
T0005902135,2
T0005902140,1
T0005902141,1
T0005902142,2
T0005902147,3
T0005902151,2
T0005902152,1
T0005902157,2
T0005902162,3
T0005902163,2
T0005902166,3
T0005902170,1
T0005902173,2
T0005902174,1
T0005902175,3
T0005902177,2
T0005902178,2
T0005902180,1
T0005902181,3
T0005902182,3
T0005902188,1
T0005902189,2
T0005902190,2
T0005902192,2
T0005902193,2
T0005902199,2
T0005902201,2
T0005902204,3
T0005902206,3
T0005902207,2
T0005902209,2
T0005902210,2
T0005902213,2
T0005902216,3
T0005902217,2
T0005902218,2
T0005902225,2
T0005902231,3
T0005902232,2
T0005902233,3
T0005902235,3
T0005902243,2
T0005902245,2
T0005902246,1
T0005902248,2
T0005902249,2
T0005902250,1
T0005902255,1
T0005902256,1
T0005902262,2
T0005902263,2
T0005902264,2
T0005902265,2
T0005902269,3
T0005902270,2
T0005902272,3
T0005902277,3
T0005902278,2
T0005902279,2
T0005902280,2
T0005902284,3
T0005902286,2
T0005902288,3
T0005902292,2
T0005902293,2
T0005902298,2
T0005902299,1
T0005902300,1
T0005902302,3
T0005902303,2
T0005902306,2
T0005902311,2
T0005902312,3
T0005902316,2
T0005902317,2
T0005902319,2
T0005902320,3
T0005902321,2
T0005902326,2
T0005902327,2
T0005902328,2
T0005902331,3
T0005902332,3
T0005902334,2
T0005902335,1
T0005902336,2
T0005902337,2
T0005902340,1
T0005902341,1
T0005902342,2
T0005902347,3
T0005902350,2
T0005902352,2
T0005902354,2
T0005902356,3
T0005902359,3
T0005902364,3
T0005902368,2
T0005902372,3
T0005902374,2
T0005902376,2
T0005902379,2
T0005902382,2
T0005902384,2
T0005902388,2
T0005902389,3
T0005902391,1
T0005902392,2
T0005902394,1
T0005902395,2
T0005902397,2
T0005902404,1
T0005902405,2
T0005902411,2
T0005902417,3
T0005902418,2
T0005902422,2
T0005902424,3
T0005902428,1
T0005902431,1
T0005902433,3
T0005902434,3
T0005902439,1
T0005902443,1
T0005902444,2
T0005902445,3
T0005902446,1
T0005902449,2
T0005902451,3
T0005902459,3
T0005902460,2
T0005902461,2
T0005902462,2
T0005902469,3
T0005902471,3
T0005902472,3
T0005902477,3
T0005902479,2
T0005902484,3
T0005902486,3
T0005902487,2
T0005902489,3
T0005902491,3
T0005902493,2
T0005902497,2
T0005902502,3
T0005902505,2
T0005902507,3
T0005902509,3
T0005902510,3
T0005902513,1
T0005902515,3
T0005902518,2
T0005902519,3
T0005902520,3
T0005902523,2
T0005902525,2
T0005902528,3
T0005902530,3
T0005902535,2
T0005902538,2
T0005902541,2
T0005902543,3
T0005902546,1
T0005902551,3
T0005902552,3
T0005902555,3
T0005902556,2
T0005902560,1
T0005902565,1
T0005902566,2
T0005902568,3
T0005902571,2
T0005902573,1
T0005902576,1
T0005902579,3
T0005902585,2
T0005902592,2
T0005902595,3
T0005902597,2
T0005902599,3
T0005902601,3
T0005902602,1
T0005902606,3
T0005902608,2
T0005902610,2
T0005902612,2
T0005902614,1
T0005902615,2
T0005902617,2
T0005902621,3
T0005902622,2
T0005902624,3
T0005902628,2
T0005902629,2
T0005902630,2
T0005902634,1
T0005902635,2
T0005902637,3
T0005902640,3
T0005902645,3
T0005902646,3
T0005902652,2
T0005902654,2
T0005902655,2
T0005902656,2
T0005902657,2
T0005902659,2
T0005902660,1
T0005902664,3
T0005902667,3
T0005902669,3
T0005902672,1
T0005902677,2
T0005902678,3
T0005902679,2
T0005902680,3
T0005902683,2
T0005902687,3
T0005902691,1
T0005902697,3
T0005902701,3
T0005902702,2
T0005902703,3
T0005902704,2
T0005902706,3
T0005902707,3
T0005902709,2
T0005902713,2
T0005902717,3
T0005902726,2
T0005902728,3
T0005902730,1
T0005902731,3
T0005902734,3
T0005902736,1
T0005902737,3
T0005902738,2
T0005902741,1
T0005902750,2
T0005902751,2
T0005902753,3
T0005902754,2
T0005902755,2
T0005902756,3
T0005902757,3
T0005902758,3
T0005902760,3
T0005902764,2
T0005902765,3
T0005902767,3
T0005902768,3
T0005902770,3
T0005902772,3
T0005902774,2
T0005902776,2
T0005902780,2
T0005902781,2
T0005902783,3
T0005902786,2
T0005902787,2
T0005902790,2
T0005902792,3
T0005902796,1
T0005902797,3
T0005902801,2
T0005902804,3
T0005902805,2
T0005902808,3
T0005902816,1
T0005902817,2
T0005902818,2
T0005902819,3
T0005902821,3
T0005902827,2
T0005902829,2
T0005902831,2
T0005902833,1
T0005902835,3
T0005902836,1
T0005902841,1
T0005902842,2
T0005902843,3
T0005902847,2
T0005902849,3
T0005902851,1
T0005902859,2
T0005902860,1
T0005902862,2
T0005902864,2
T0005902866,3
T0005902867,2
T0005902870,1
T0005902873,2
T0005902875,2
T0005902876,3
T0005902877,2
T0005902879,1
T0005902881,1
T0005902886,1
T0005902895,1
T0005902896,2
T0005902897,2
T0005902901,2
T0005902903,2
T0005902904,1
T0005902908,3
T0005902912,3
T0005902914,1
T0005902917,3
T0005902918,2
T0005902921,2
T0005902926,2
T0005902935,3
T0005902937,3
T0005902942,2
T0005902943,3
T0005902952,2
T0005902953,3
T0005902954,1
T0005902957,2
T0005902962,3
T0005902965,2
T0005902966,3
T0005902975,1
T0005902977,2
T0005902978,3
T0005902979,2
T0005902983,1
T0005902984,2
T0005902985,2
T0005902986,2
T0005902990,1
T0005902991,3
T0005902993,1
T0005902996,1
T0005902998,1
T0005903000,2
T0005903002,1
T0005903003,3
T0005903007,1
T0005903009,2
T0005903011,2
T0005903013,2
T0005903015,2
T0005903017,1
T0005903019,2
T0005903021,3
T0005903022,2
T0005903024,3
T0005903025,2
T0005903026,2
T0005903027,2
T0005903028,3
T0005903029,3
T0005903033,2
T0005903034,3
T0005903035,3
T0005903036,1
T0005903040,2
T0005903042,3
T0005903044,3
T0005903050,1
T0005903051,2
T0005903052,1
T0005903053,3
T0005903056,2
T0005903057,2
T0005903060,2
T0005903062,2
T0005903063,2
T0005903068,2
T0005903069,3
T0005903071,2
T0005903074,2
T0005903080,1
T0005903086,2
T0005903088,2
T0005903089,3
T0005903090,2
T0005903093,2
T0005903096,3
T0005903098,2
T0005903102,2
T0005903103,2
T0005903106,2
T0005903111,2
T0005903114,3
T0005903115,2
T0005903123,2
T0005903124,2
T0005903128,2
T0005903133,3
T0005903138,2
T0005903141,1
T0005903142,1
T0005903143,1
T0005903147,2
T0005903148,2
T0005903150,1
T0005903151,3
T0005903153,2
T0005903154,3
T0005903160,2
T0005903161,2
T0005903162,2
T0005903164,3
T0005903165,1
T0005903166,2
T0005903168,2
T0005903169,1
T0005903172,3
T0005903177,2
T0005903180,1
T0005903187,3
T0005903188,3
T0005903190,3
T0005903192,3
T0005903194,2
T0005903202,3
T0005903205,3
T0005903206,1
T0005903208,2
T0005903209,2
T0005903210,1
T0005903213,1
T0005903216,2
T0005903219,1
T0005903220,3
T0005903221,3
T0005903224,2
T0005903225,3
T0005903228,2
T0005903234,2
T0005903242,1
T0005903245,1
T0005903247,1
T0005903249,2
T0005903251,3
T0005903253,2
T0005903255,3
T0005903256,3
T0005903258,1
T0005903259,2
T0005903261,2
T0005903265,2
T0005903276,3
T0005903277,1
T0005903278,2
T0005903280,2
T0005903281,1
T0005903282,3
T0005903283,2
T0005903285,1
T0005903286,2
T0005903287,2
T0005903289,2
T0005903290,1
T0005903291,3
T0005903292,2
T0005903296,2
T0005903299,3
T0005903300,1
T0005903301,2
T0005903303,2
T0005903304,2
T0005903305,3
T0005903306,1
T0005903307,1
T0005903308,3
T0005903312,3
T0005903313,2
T0005903314,2
T0005903315,2
T0005903317,2
T0005903323,2
T0005903324,2
T0005903326,2
T0005903329,3
T0005903331,2
T0005903334,3
T0005903335,1
T0005903336,2
T0005903338,3
T0005903339,2
T0005903347,2
T0005903350,3
T0005903351,2
T0005903352,2
T0005903353,1
T0005903354,1
T0005903359,3
T0005903370,2
T0005903377,3
T0005903380,2
T0005903383,1
T0005903385,3
T0005903389,2
T0005903391,1
T0005903394,2
T0005903395,2
T0005903396,2
T0005903398,2
T0005903399,3
T0005903403,2
T0005903407,2
T0005903411,3
T0005903412,2
T0005903413,2
T0005903414,2
T0005903423,3
T0005903424,2
T0005903427,1
T0005903429,1
T0005903430,1
T0005903434,2
T0005903436,2
T0005903439,1
T0005903441,3
T0005903444,3
T0005903445,2
T0005903454,3
T0005903455,2
T0005903456,2
T0005903457,1
T0005903459,3
T0005903462,2
T0005903470,2
T0005903471,3
T0005903473,2
T0005903474,3
T0005903477,1
T0005903481,2
T0005903482,2
T0005903484,1
T0005903487,2
T0005903491,3
T0005903494,2
T0005903502,2
T0005903504,2
T0005903506,3
T0005903508,3
T0005903509,1
T0005903510,1
T0005903515,2
T0005903516,1
T0005903518,3
T0005903519,2
T0005903520,3
T0005903524,2
T0005903533,1
T0005903534,3
T0005903539,2
T0005903540,2
T0005903541,3
T0005903542,2
T0005903544,2
T0005903546,2
T0005903548,3
T0005903550,3
T0005903552,2
T0005903553,2
T0005903554,1
T0005903556,3
T0005903560,2
T0005903561,2
T0005903562,1
T0005903563,2
T0005903564,2
T0005903567,2
T0005903568,3
T0005903570,3
T0005903573,1
T0005903576,2
T0005903577,1
T0005903578,2
T0005903581,3
T0005903583,3
T0005903585,2
T0005903587,1
T0005903589,3
T0005903590,1
T0005903591,1
T0005903592,2
T0005903593,2
T0005903594,1
T0005903595,2
T0005903597,2
T0005903600,2
T0005903601,1
T0005903602,3
T0005903604,1
T0005903605,3
T0005903606,1
T0005903608,2
T0005903610,3
T0005903611,1
T0005903612,2
T0005903614,2
T0005903617,2
T0005903618,2
T0005903624,2
T0005903625,1
T0005903631,1
T0005903632,2
T0005903634,2
T0005903638,3
T0005903639,2
T0005903642,1
T0005903645,3
T0005903646,2
T0005903647,2
T0005903649,3
T0005903650,2
T0005903655,2
T0005903656,2
T0005903658,2
T0005903659,2
T0005903661,1
T0005903663,2
T0005903665,1
T0005903667,1
T0005903669,2
T0005903670,2
T0005903671,2
T0005903672,2
T0005903674,1
T0005903681,2
T0005903683,1
T0005903687,2
T0005903690,3
T0005903693,2
T0005903694,2
T0005903695,2
T0005903699,1
T0005903701,2
T0005903702,2
T0005903705,3
T0005903708,2
T0005903709,3
T0005903715,3
T0005903716,3
T0005903717,2
T0005903718,3
T0005903721,1
T0005903724,2
T0005903725,2
T0005903727,3
T0005903730,2
T0005903733,3
T0005903735,1
T0005903738,3
T0005903739,2
T0005903741,3
T0005903745,3
T0005903747,3
T0005903752,3
T0005903753,2
T0005903754,1
T0005903757,3
T0005903762,2
T0005903766,2
T0005903767,2
T0005903769,2
T0005903771,2
T0005903772,1
T0005903777,2
T0005903778,2
T0005903779,2
T0005903782,3
T0005903783,3
T0005903784,2
T0005903785,2
T0005903786,2
T0005903794,3
T0005903797,2
T0005903798,2
T0005903799,2
T0005903801,2
T0005903802,3
T0005903809,2
T0005903812,2
T0005903816,3
T0005903817,2
T0005903821,3
T0005903824,1
T0005903826,2
T0005903827,1
T0005903828,2
T0005903830,3
T0005903831,2
T0005903833,2
T0005903835,3
T0005903837,2
T0005903841,3
T0005903842,3
T0005903843,1
T0005903846,3
T0005903851,1
T0005903853,2
T0005903854,3
T0005903863,2
T0005903865,3
T0005903866,1
T0005903868,2
T0005903873,3
T0005903877,2
T0005903878,2
T0005903880,2
T0005903882,3
T0005903884,3
T0005903886,3
T0005903888,2
T0005903889,3
T0005903890,2
T0005903893,2
T0005903894,3
T0005903898,3
T0005903900,3
T0005903904,3
T0005903905,2
T0005903909,2
T0005903910,2
T0005903915,2
T0005903917,1
T0005903919,3
T0005903920,2
T0005903922,2
T0005903931,2
T0005903935,1
T0005903938,3
T0005903948,2
T0005903961,1
T0005903962,1
T0005903964,2
T0005903969,2
T0005903970,3
T0005903972,1
T0005903973,3
T0005903975,2
T0005903977,3
T0005903982,2
T0005903985,2
T0005903986,1
T0005903987,1
T0005903988,2
T0005903989,2
T0005903996,1
T0005904005,2
T0005904007,2
T0005904009,2
T0005904010,3
T0005904013,3
T0005904018,2
T0005904019,3
T0005904021,2
T0005904022,1
T0005904025,3
T0005904031,1
T0005904034,3
T0005904037,2
T0005904038,1
T0005904039,1
T0005904044,2
T0005904045,2
T0005904050,3
T0005904053,3
T0005904055,2
T0005904056,2
T0005904060,1
T0005904061,2
T0005904063,2
T0005904069,1
T0005904072,1
T0005904075,1
T0005904079,2
T0005904082,2
T0005904083,2
T0005904085,1
T0005904087,1
T0005904094,2
T0005904098,2
T0005904101,3
T0005904104,3
T0005904106,3
T0005904107,1
T0005904109,2
T0005904112,2
T0005904115,2
T0005904116,1
T0005904119,2
T0005904120,1
T0005904123,2
T0005904124,3
T0005904129,2
T0005904130,2
T0005904131,2
T0005904132,1
T0005904134,1
T0005904135,1
T0005904140,2
T0005904149,1
T0005904152,3
T0005904156,3
T0005904160,2
T0005904165,3
T0005904170,2
T0005904171,2
T0005904173,3
T0005904174,3
T0005904176,1
T0005904186,2
T0005904190,3
T0005904195,2
T0005904197,3
T0005904198,3
T0005904201,3
T0005904213,2
T0005904215,2
T0005904223,2
T0005904225,3
T0005904229,2
T0005904232,2
T0005904236,2
T0005904237,1
T0005904238,2
T0005904240,2
T0005904243,2
T0005904244,2
T0005904245,2
T0005904246,2
T0005904247,2
T0005904248,3
T0005904249,1
T0005904250,2
T0005904251,1
T0005904252,3
T0005904253,3
T0005904260,3
T0005904261,2
T0005904262,1
T0005904263,3
T0005904265,1
T0005904266,3
T0005904268,1
T0005904269,1
T0005904272,2
T0005904273,2
T0005904276,1
T0005904278,2
T0005904282,2
T0005904283,3
T0005904285,2
T0005904286,3
T0005904290,2
T0005904293,3
T0005904300,1
T0005904303,2
T0005904304,3
T0005904310,3
T0005904311,3
T0005904312,3
T0005904314,3
T0005904315,2
T0005904316,2
T0005904317,2
T0005904319,2
T0005904321,2
T0005904322,2
T0005904324,3
T0005904327,1
T0005904328,2
T0005904335,1
T0005904337,2
T0005904342,2
T0005904344,2
T0005904348,2
T0005904349,1
T0005904350,3
T0005904353,2
T0005904356,3
T0005904357,2
T0005904358,1
T0005904359,1
T0005904360,3
T0005904365,2
T0005904366,3
T0005904370,1
T0005904371,1
T0005904374,2
T0005904378,1
T0005904379,2
T0005904382,1
T0005904383,2
T0005904385,2
T0005904387,2
T0005904388,2
T0005904389,2
T0005904392,1
T0005904393,2
T0005904394,2
T0005904395,2
T0005904397,3
T0005904398,3
T0005904406,1
T0005904407,2
T0005904408,3
T0005904409,3
T0005904410,3
T0005904413,2
T0005904417,2
T0005904421,2
T0005904424,3
T0005904425,2
T0005904433,3
T0005904435,1
T0005904438,3
T0005904442,1
T0005904443,1
T0005904445,3
T0005904447,2
T0005904448,2
T0005904451,2
T0005904453,2
T0005904456,2
T0005904457,2
T0005904459,2
T0005904460,2
T0005904461,2
T0005904465,3
T0005904466,2
T0005904467,2
T0005904470,3
T0005904473,3
T0005904474,3
T0005904475,2
T0005904478,3
T0005904480,2
T0005904483,2
T0005904484,3
T0005904489,3
T0005904490,2
T0005904497,3
T0005904499,3
T0005904502,3
T0005904503,3
T0005904505,3
T0005904509,2
T0005904511,1
T0005904515,2
T0005904518,2
T0005904522,3
T0005904523,2
T0005904524,2
T0005904525,2
T0005904537,2
T0005904538,2
T0005904540,3
T0005904541,1
T0005904542,3
T0005904543,3
T0005904544,2
T0005904546,2
T0005904553,2
T0005904555,2
T0005904556,2
T0005904558,1
T0005904561,2
T0005904562,3
T0005904566,3
T0005904567,2
T0005904570,3
T0005904571,2
T0005904573,3
T0005904578,2
T0005904580,2
T0005904587,1
T0005904588,3
T0005904590,2
T0005904592,1
T0005904595,2
T0005904597,1
T0005904598,3
T0005904603,1
T0005904604,1
T0005904605,2
T0005904606,2
T0005904608,1
T0005904609,3
T0005904610,1
T0005904611,2
T0005904617,1
T0005904620,2
T0005904621,3
T0005904623,2
T0005904625,3
T0005904626,2
T0005904629,3
T0005904632,3
T0005904633,2
T0005904640,2
T0005904641,1
T0005904644,2
T0005904645,2
T0005904647,2
T0005904652,1
T0005904653,1
T0005904654,3
T0005904663,3
T0005904667,2
T0005904670,3
T0005904675,2
T0005904678,2
T0005904681,1
T0005904686,2
T0005904692,3
T0005904693,3
T0005904696,3
T0005904697,1
T0005904698,2
T0005904700,3
T0005904702,2
T0005904703,1
T0005904707,2
T0005904710,2
T0005904711,3
T0005904712,1
T0005904713,1
T0005904714,3
T0005904715,2
T0005904718,2
T0005904725,1
T0005904726,1
T0005904729,2
T0005904730,2
T0005904731,3
T0005904732,2
T0005904734,2
T0005904739,3
T0005904752,3
T0005904753,2
T0005904754,3
T0005904756,3
T0005904758,3
T0005904759,3
T0005904760,2
T0005904761,2
T0005904762,1
T0005904763,2
T0005904766,2
T0005904769,1
T0005904770,2
T0005904780,2
T0005904785,3
T0005904786,3
T0005904791,3
T0005904794,2
T0005904795,2
T0005904797,3
T0005904800,2
T0005904805,2
T0005904807,3
T0005904809,1
T0005904813,2
T0005904815,3
T0005904822,2
T0005904823,2
T0005904827,2
T0005904828,3
T0005904830,2
T0005904831,3
T0005904833,2
T0005904834,3
T0005904837,2
T0005904839,3
T0005904840,2
T0005904842,3
T0005904843,1
T0005904851,2
T0005904857,2
T0005904861,2
T0005904862,3
T0005904863,2
T0005904866,2
T0005904873,2
T0005904875,3
T0005904877,1
T0005904879,3
T0005904880,3
T0005904883,3
T0005904886,3
T0005904892,2
T0005904897,3
T0005904899,3
T0005904904,3
T0005904905,2
T0005904908,2
T0005904910,2
T0005904912,2
T0005904923,2
T0005904924,3
T0005904925,2
T0005904926,1
T0005904934,2
T0005904936,2
T0005904939,2
T0005904944,3
T0005904945,2
T0005904946,3
T0005904947,1
T0005904950,3
T0005904952,1
T0005904953,1
T0005904954,2
T0005904955,3
T0005904956,2
T0005904964,2
T0005904965,3
T0005904966,2
T0005904969,3
T0005904970,2
T0005904971,2
T0005904975,3
T0005904976,3
T0005904977,2
T0005904978,3
T0005904981,1
T0005904988,3
T0005904989,1
T0005904991,2
T0005904995,1
T0005904997,3
T0005904998,2
T0005905000,1
T0005905001,3
T0005905002,2
T0005905003,2
T0005905004,3
T0005905007,2
T0005905012,3
T0005905014,3
T0005905015,2
T0005905018,1
T0005905019,1
T0005905022,1
T0005905023,3
T0005905034,2
T0005905035,2
T0005905036,2
T0005905038,3
T0005905051,2
T0005905053,2
T0005905056,2
T0005905058,3
T0005905059,1
T0005905060,2
T0005905063,2
T0005905064,2
T0005905066,2
T0005905068,2
T0005905071,2
T0005905073,2
T0005905076,2
T0005905077,3
T0005905079,2
T0005905080,1
T0005905081,2
T0005905083,2
T0005905084,2
T0005905087,2
T0005905094,3
T0005905099,2
T0005905102,3
T0005905103,3
T0005905107,1
T0005905111,2
T0005905112,2
T0005905115,1
T0005905116,2
T0005905117,3
T0005905118,1
T0005905119,2
T0005905124,1
T0005905126,2
T0005905129,2
T0005905130,3
T0005905132,2
T0005905133,2
T0005905134,2
T0005905136,2
T0005905137,2
T0005905140,1
T0005905143,1
T0005905146,2
T0005905148,2
T0005905150,3
T0005905153,2
T0005905157,1
T0005905158,2
T0005905160,2
T0005905164,2
T0005905165,2
T0005905169,2
T0005905171,2
T0005905174,2
T0005905175,2
T0005905176,3
T0005905177,2
T0005905181,1
T0005905183,2
T0005905184,3
T0005905189,2
T0005905191,1
T0005905194,2
T0005905195,2
T0005905196,1
T0005905197,3
T0005905199,2
T0005905200,2
T0005905205,2
T0005905206,3
T0005905208,2
T0005905210,3
T0005905215,2
T0005905217,2
T0005905219,1
T0005905220,2
T0005905222,3
T0005905223,3
T0005905225,2
T0005905226,1
T0005905229,3
T0005905230,1
T0005905233,3
T0005905235,2
T0005905240,3
T0005905241,2
T0005905243,3
T0005905245,2
T0005905246,3
T0005905248,2
T0005905251,1
T0005905253,3
T0005905256,2
T0005905258,3
T0005905264,2
T0005905266,2
T0005905268,1
T0005905271,2
T0005905275,3
T0005905276,2
T0005905277,2
T0005905279,3
T0005905282,2
T0005905284,1
T0005905286,3
T0005905288,3
T0005905289,2
T0005905290,3
T0005905294,2
T0005905297,3
T0005905299,3
T0005905303,1
T0005905305,2
T0005905313,2
T0005905316,2
T0005905321,2
T0005905322,1
T0005905323,1
T0005905324,1
T0005905329,3
T0005905330,3
T0005905331,3
T0005905332,3
T0005905334,1
T0005905335,1
T0005905336,3
T0005905337,1
T0005905339,2
T0005905343,2
T0005905349,1
T0005905350,2
T0005905352,3
T0005905354,3
T0005905359,1
T0005905362,2
T0005905363,1
T0005905368,2
T0005905370,3
T0005905372,2
T0005905373,3
T0005905377,2
T0005905381,1
T0005905387,3
T0005905388,1
T0005905389,3
T0005905390,2
T0005905391,3
T0005905392,1
T0005905393,2
T0005905396,2
T0005905401,3
T0005905402,1
T0005905403,1
T0005905404,2
T0005905405,3
T0005905406,2
T0005905409,3
T0005905410,2
T0005905414,1
T0005905423,1
T0005905425,2
T0005905426,1
T0005905427,3
T0005905428,3
T0005905431,2
T0005905444,1
T0005905445,1
T0005905448,3
T0005905450,2
T0005905451,2
T0005905452,3
T0005905454,2
T0005905458,1
T0005905465,2
T0005905470,2
T0005905473,2
T0005905478,1
T0005905479,3
T0005905480,1
T0005905482,2
T0005905483,2
T0005905486,2
T0005905487,3
T0005905488,2
T0005905490,1
T0005905492,2
T0005905494,2
T0005905496,3
T0005905505,2
T0005905506,2
T0005905507,2
T0005905509,3
T0005905510,3
T0005905511,3
T0005905513,2
T0005905525,2
T0005905526,2
T0005905536,2
T0005905537,3
T0005905540,3
T0005905546,2
T0005905547,2
T0005905548,2
T0005905553,2
T0005905557,2
T0005905558,2
T0005905563,2
T0005905564,2
T0005905565,3
T0005905566,1
T0005905571,2
T0005905572,2
T0005905575,2
T0005905577,2
T0005905578,2
T0005905580,3
T0005905582,3
T0005905585,3
T0005905588,2
T0005905589,3
T0005905592,3
T0005905594,1
T0005905595,2
T0005905596,2
T0005905597,2
T0005905598,2
T0005905605,2
T0005905609,1
T0005905613,2
T0005905614,2
T0005905615,3
T0005905617,2
T0005905618,3
T0005905619,1
T0005905620,2
T0005905621,2
T0005905627,2
T0005905631,2
T0005905636,2
T0005905641,1
T0005905653,2
T0005905660,3
T0005905662,2
T0005905668,2
T0005905670,2
T0005905671,3
T0005905675,3
T0005905676,2
T0005905677,2
T0005905678,3
T0005905679,2
T0005905681,3
T0005905684,2
T0005905688,2
T0005905696,3
T0005905697,3
T0005905699,2
T0005905700,2
T0005905702,2
T0005905703,3
T0005905704,1
T0005905705,2
T0005905710,3
T0005905712,3
T0005905713,1
T0005905717,3
T0005905719,3
T0005905725,2
T0005905729,2
T0005905730,3
T0005905734,3
T0005905735,2
T0005905738,3
T0005905741,2
T0005905743,2
T0005905747,1
T0005905751,3
T0005905752,2
T0005905754,1
T0005905755,2
T0005905760,3
T0005905761,2
T0005905765,1
T0005905769,2
T0005905776,2
T0005905777,1
T0005905778,1
T0005905780,2
T0005905781,3
T0005905784,1
T0005905788,2
T0005905790,1
T0005905791,3
T0005905794,3
T0005905796,3
T0005905798,3
T0005905801,3
T0005905804,1
T0005905807,1
T0005905810,1
T0005905812,3
T0005905813,2
T0005905815,2
T0005905817,2
T0005905818,1
T0005905819,3
T0005905821,3
T0005905822,1
T0005905825,1
T0005905827,1
T0005905828,2
T0005905829,2
T0005905830,3
T0005905833,3
T0005905834,2
T0005905837,1
T0005905842,2
T0005905843,1
T0005905845,1
T0005905847,3
T0005905849,2
T0005905856,3
T0005905858,1
T0005905859,2
T0005905861,3
T0005905863,2
T0005905866,2
T0005905867,1
T0005905871,2
T0005905874,3
T0005905876,2
T0005905877,2
T0005905878,3
T0005905880,3
T0005905885,2
T0005905886,1
T0005905888,2
T0005905890,2
T0005905891,2
T0005905893,2
T0005905894,2
T0005905895,2
T0005905898,2
T0005905899,2
T0005905900,3
T0005905905,3
T0005905906,3
T0005905908,2
T0005905909,3
T0005905912,2
T0005905917,2
T0005905919,1
T0005905920,2
T0005905921,2
T0005905923,2
T0005905924,1
T0005905926,2
T0005905927,3
T0005905929,3
T0005905932,3
T0005905934,2
T0005905935,2
T0005905936,2
T0005905938,3
T0005905941,2
T0005905942,2
T0005905944,3
T0005905945,3
T0005905946,3
T0005905950,2
T0005905953,2
T0005905956,2
T0005905957,2
T0005905960,2
T0005905961,2
T0005905968,2
T0005905969,2
T0005905970,2
T0005905975,2
T0005905977,3
T0005905980,1
T0005905983,1
T0005905986,1
T0005905991,3
T0005905996,2
T0005905998,3
T0005906000,1
T0005906002,3
T0005906003,2
T0005906008,2
T0005906011,3
T0005906013,3
T0005906015,3
T0005906016,1
T0005906019,3
T0005906020,2
T0005906022,2
T0005906025,3
T0005906036,1
T0005906040,2
T0005906041,1
T0005906043,2
T0005906044,1
T0005906045,1
T0005906049,2
T0005906052,2
T0005906056,2
T0005906058,2
T0005906060,3
T0005906063,2
T0005906068,3
T0005906069,2
T0005906070,2
T0005906076,2
T0005906078,2
T0005906080,2
T0005906082,1
T0005906084,3
T0005906086,3
T0005906087,2
T0005906090,3
T0005906091,1
T0005906093,3
T0005906101,3
T0005906104,1
T0005906108,2
T0005906109,2
T0005906111,3
T0005906112,3
T0005906114,2
T0005906115,3
T0005906116,2
T0005906117,2
T0005906120,2
T0005906125,2
T0005906126,2
T0005906127,2
T0005906130,1
T0005906133,3
T0005906136,2
T0005906137,2
T0005906138,2
T0005906141,2
T0005906142,1
T0005906143,1
T0005906145,2
T0005906147,3
T0005906148,3
T0005906151,2
T0005906152,2
T0005906153,1
T0005906155,3
T0005906157,3
T0005906158,3
T0005906160,3
T0005906162,3
T0005906166,3
T0005906171,3
T0005906172,3
T0005906173,2
T0005906174,3
T0005906176,3
T0005906177,3
T0005906178,3
T0005906180,2
T0005906181,2
T0005906183,2
T0005906185,2
T0005906186,2
T0005906188,3
T0005906190,2
T0005906191,3
T0005906192,2
T0005906193,3
T0005906196,3
T0005906198,3
T0005906200,3
T0005906202,1
T0005906207,3
T0005906215,1
T0005906216,2
T0005906217,2
T0005906223,1
T0005906224,3
T0005906228,3
T0005906233,1
T0005906238,2
T0005906242,2
T0005906243,1
T0005906246,2
T0005906247,3
T0005906248,3
T0005906252,2
T0005906253,2
T0005906255,2
T0005906256,2
T0005906257,1
T0005906259,1
T0005906261,2
T0005906263,2
T0005906267,3
T0005906269,3
T0005906270,2
T0005906274,2
T0005906275,1
T0005906276,3
T0005906277,2
T0005906279,3
T0005906282,3
T0005906284,3
T0005906287,2
T0005906288,2
T0005906291,2
T0005906294,2
T0005906295,3
T0005906296,3
T0005906298,3
T0005906299,2
T0005906300,2
T0005906302,3
T0005906304,3
T0005906306,3
T0005906307,2
T0005906310,3
T0005906311,3
T0005906313,3
T0005906314,1
T0005906316,2
T0005906317,1
T0005906318,2
T0005906319,3
T0005906320,2
T0005906324,1
T0005906325,2
T0005906327,2
T0005906333,1
T0005906334,3
T0005906335,3
T0005906338,3
T0005906341,2
T0005906342,2
T0005906344,2
T0005906346,3
T0005906347,2
T0005906348,3
T0005906349,3
T0005906353,1
T0005906354,3
T0005906360,2
T0005906363,3
T0005906364,3
T0005906366,3
T0005906368,2
T0005906369,2
T0005906371,2
T0005906378,2
T0005906382,1
T0005906384,2
T0005906388,3
T0005906391,1
T0005906398,2
T0005906409,2
T0005906412,2
T0005906414,2
T0005906415,3
T0005906417,1
T0005906418,3
T0005906423,2
T0005906424,1
T0005906427,2
T0005906431,2
T0005906447,3
T0005906451,2
T0005906453,3
T0005906455,2
T0005906457,2
T0005906458,2
T0005906465,3
T0005906466,2
T0005906468,1
T0005906469,3
T0005906471,1
T0005906472,2
T0005906474,3
T0005906477,2
T0005906482,1
T0005906483,3
T0005906484,3
T0005906485,1
T0005906486,2
T0005906487,2
T0005906488,2
T0005906489,1
T0005906490,2
T0005906491,1
T0005906495,2
T0005906496,1
T0005906498,3
T0005906499,2
T0005906500,1
T0005906501,3
T0005906504,3
T0005906507,2
T0005906508,3
T0005906509,3
T0005906511,1
T0005906515,1
T0005906516,2
T0005906519,3
T0005906524,1
T0005906529,2
T0005906531,2
T0005906532,3
T0005906534,3
T0005906536,2
T0005906537,1
T0005906540,3
T0005906543,3
T0005906544,2
T0005906552,3
T0005906553,1
T0005906555,3
T0005906556,1
T0005906557,1
T0005906561,1
T0005906562,3
T0005906565,2
T0005906570,2
T0005906571,3
T0005906577,3
T0005906580,1
T0005906582,2
T0005906583,2
T0005906589,3
T0005906592,2
T0005906593,2
T0005906595,3
T0005906597,3
T0005906598,3
T0005906599,2
T0005906605,1
T0005906610,2
T0005906612,3
T0005906613,3
T0005906615,2
T0005906622,1
T0005906623,2
T0005906626,1
T0005906628,2
T0005906630,2
T0005906631,2
T0005906634,2
T0005906635,2
T0005906637,1
T0005906638,3
T0005906639,3
T0005906644,3
T0005906649,2
T0005906652,2
T0005906653,2
T0005906655,3
T0005906656,3
T0005906657,2
T0005906659,2
T0005906665,2
T0005906667,2
T0005906670,2
T0005906672,1
T0005906673,3
T0005906674,2
T0005906676,3
T0005906677,2
T0005906678,2
T0005906680,1
T0005906681,2
T0005906685,2
T0005906686,2
T0005906689,2
T0005906690,3
T0005906692,2
T0005906695,2
T0005906696,3
T0005906697,1
T0005906701,2
T0005906704,2
T0005906713,2
T0005906716,3
T0005906717,2
T0005906719,1
T0005906720,2
T0005906721,1
T0005906726,1
T0005906728,2
T0005906729,2
T0005906732,1
T0005906734,2
T0005906736,2
T0005906740,2
T0005906741,2
T0005906743,1
T0005906744,1
T0005906747,1
T0005906748,3
T0005906753,3
T0005906756,3
T0005906757,2
T0005906760,2
T0005906764,3
T0005906766,3
T0005906768,3
T0005906769,3
T0005906770,2
T0005906771,3
T0005906773,2
T0005906776,2
T0005906777,3
T0005906779,2
T0005906783,1
T0005906785,2
T0005906788,3
T0005906791,2
T0005906792,3
T0005906794,2
T0005906795,2
T0005906800,1
T0005906801,2
T0005906802,2
T0005906803,1
T0005906808,2
T0005906809,3
T0005906811,3
T0005906812,3
T0005906813,3
T0005906814,1
T0005906816,2
T0005906819,3
T0005906822,1
T0005906824,2
T0005906828,2
T0005906836,2
T0005906839,2
T0005906841,1
T0005906842,1
T0005906847,2
T0005906851,2
T0005906852,3
T0005906853,2
T0005906854,1
T0005906856,2
T0005906857,3
T0005906858,2
T0005906859,3
T0005906864,2
T0005906865,2
T0005906866,3
T0005906869,1
T0005906872,2
T0005906873,2
T0005906876,3
T0005906878,1
T0005906882,3
T0005906888,2
T0005906895,2
T0005906896,3
T0005906898,2
T0005906902,2
T0005906904,1
T0005906906,3
T0005906907,3
T0005906910,1
T0005906911,2
T0005906912,3
T0005906918,2
T0005906921,2
T0005906932,2
T0005906934,3
T0005906935,2
T0005906938,3
T0005906943,2
T0005906945,2
T0005906950,2
T0005906951,2
T0005906952,1
T0005906953,2
T0005906954,2
T0005906956,3
T0005906958,2
T0005906966,2
T0005906968,1
T0005906969,1
T0005906970,2
T0005906971,2
T0005906973,3
T0005906976,3
T0005906977,3
T0005906978,2
T0005906980,1
T0005906983,2
T0005906988,2
T0005906991,2
T0005906994,2
T0005906995,2
T0005906996,1
T0005907001,1
T0005907002,1
T0005907004,2
T0005907006,2
T0005907016,1
T0005907019,3
T0005907020,3
T0005907026,2
T0005907027,2
T0005907029,2
T0005907037,2
T0005907040,1
T0005907044,1
T0005907047,2
T0005907048,1
T0005907050,2
T0005907051,2
T0005907055,1
T0005907058,3
T0005907060,2
T0005907068,2
T0005907069,2
T0005907070,3
T0005907072,2
T0005907073,2
T0005907076,1
T0005907077,3
T0005907087,3
T0005907090,3
T0005907092,2
T0005907094,1
T0005907095,3
T0005907099,2
T0005907106,3
T0005907107,3
T0005907108,1
T0005907109,2
T0005907112,3
T0005907115,2
T0005907119,2
T0005907120,2
T0005907121,1
T0005907123,3
T0005907124,3
T0005907126,2
T0005907129,1
T0005907130,1
T0005907131,3
T0005907132,3
T0005907133,1
T0005907136,3
T0005907138,2
T0005907139,1
T0005907142,2
T0005907147,1
T0005907148,1
T0005907150,1
T0005907152,3
T0005907153,3
T0005907154,3
T0005907155,2
T0005907164,2
T0005907168,3
T0005907171,2
T0005907173,2
T0005907174,3
T0005907175,2
T0005907177,3
T0005907181,3
T0005907184,2
T0005907185,3
T0005907187,2
T0005907189,1
T0005907190,3
T0005907191,3
T0005907192,3
T0005907193,2
T0005907194,2
T0005907196,3
T0005907200,1
T0005907201,1
T0005907205,2
T0005907207,2
T0005907209,3
T0005907210,3
T0005907211,2
T0005907212,2
T0005907213,2
T0005907214,3
T0005907220,2
T0005907221,2
T0005907223,2
T0005907225,2
T0005907227,2
T0005907228,1
T0005907233,3
T0005907234,2
T0005907237,3
T0005907240,2
T0005907242,2
T0005907243,3
T0005907244,2
T0005907245,3
T0005907247,1
T0005907249,2
T0005907250,3
T0005907254,2
T0005907259,2
T0005907265,3
T0005907266,2
T0005907267,2
T0005907268,2
T0005907272,2
T0005907275,2
T0005907276,2
T0005907281,1
T0005907286,3
T0005907292,2
T0005907293,3
T0005907294,3
T0005907296,2
T0005907297,2
T0005907299,2
T0005907300,2
T0005907302,1
T0005907304,2
T0005907306,3
T0005907307,2
T0005907309,2
T0005907311,3
T0005907312,2
T0005907314,2
T0005907320,2
T0005907321,2
T0005907323,2
T0005907327,2
T0005907329,3
T0005907332,2
T0005907336,2
T0005907339,2
T0005907342,2
T0005907347,1
T0005907349,1
T0005907350,2
T0005907351,1
T0005907352,2
T0005907355,1
T0005907356,2
T0005907366,2
T0005907367,3
T0005907368,1
T0005907369,1
T0005907372,3
T0005907376,2
T0005907378,2
T0005907381,3
T0005907384,3
T0005907385,3
T0005907387,3
T0005907389,3
T0005907392,3
T0005907393,1
T0005907396,2
T0005907397,2
T0005907403,2
T0005907404,2
T0005907407,1
T0005907408,3
T0005907410,2
T0005907411,1
T0005907414,1
T0005907419,3
T0005907424,1
T0005907428,2
T0005907430,1
T0005907431,3
T0005907432,3
T0005907433,1
T0005907434,3
T0005907437,2
T0005907439,3
T0005907440,3
T0005907443,2
T0005907444,3
T0005907446,2
T0005907447,3
T0005907450,2
T0005907451,3
T0005907454,2
T0005907455,3
T0005907457,1
T0005907460,2
T0005907461,3
T0005907464,2
T0005907469,3
T0005907470,1
T0005907473,3
T0005907475,1
T0005907476,2
T0005907479,2
T0005907482,2
T0005907484,1
T0005907486,3
T0005907488,2
T0005907489,3
T0005907496,2
T0005907497,2
T0005907498,2
T0005907499,3
T0005907502,2
T0005907504,1
T0005907508,2
T0005907512,2
T0005907518,3
T0005907519,1
T0005907529,2
T0005907531,2
T0005907532,2
T0005907533,2
T0005907535,2
T0005907537,2
T0005907538,1
T0005907539,3
T0005907540,2
T0005907542,2
T0005907543,1
T0005907544,2
T0005907546,3
T0005907549,2
T0005907555,2
T0005907556,3
T0005907561,1
T0005907562,3
T0005907563,3
T0005907570,2
T0005907571,2
T0005907574,2
T0005907578,3
T0005907580,2
T0005907583,2
T0005907584,2
T0005907592,3
T0005907594,1
T0005907595,2
T0005907601,1
T0005907602,2
T0005907604,2
T0005907605,3
T0005907606,2
T0005907611,2
T0005907614,2
T0005907615,2
T0005907616,2
T0005907618,2
T0005907622,3
T0005907628,1
T0005907629,2
T0005907630,1
T0005907631,3
T0005907633,2
T0005907637,2
T0005907640,2
T0005907641,3
T0005907645,3
T0005907646,2
T0005907647,3
T0005907648,2
T0005907656,3
T0005907658,2
T0005907659,2
T0005907660,1
T0005907665,3
T0005907666,2
T0005907667,2
T0005907668,3
T0005907669,3
T0005907670,2
T0005907671,3
T0005907674,3
T0005907677,2
T0005907680,2
T0005907684,2
T0005907692,2
T0005907693,1
T0005907695,1
T0005907705,1
T0005907707,2
T0005907708,3
T0005907709,3
T0005907710,3
T0005907713,2
T0005907715,1
T0005907717,2
T0005907720,2
T0005907723,3
T0005907726,2
T0005907727,3
T0005907730,3
T0005907731,3
T0005907732,3
T0005907734,2
T0005907736,3
T0005907737,2
T0005907738,3
T0005907743,3
T0005907754,1
T0005907762,3
T0005907763,3
T0005907767,3
T0005907768,3
T0005907772,2
T0005907773,3
T0005907774,2
T0005907776,2
T0005907777,2
T0005907778,2
T0005907779,2
T0005907781,2
T0005907790,2
T0005907791,3
T0005907792,2
T0005907796,1
T0005907797,2
T0005907798,3
T0005907800,3
T0005907805,1
T0005907806,3
T0005907811,2
T0005907814,3
T0005907816,2
T0005907818,2
T0005907819,3
T0005907820,2
T0005907825,3
T0005907828,3
T0005907835,2
T0005907838,1
T0005907840,2
T0005907841,3
T0005907842,2
T0005907846,2
T0005907850,3
T0005907852,1
T0005907853,1
T0005907854,2
T0005907855,2
T0005907856,2
T0005907857,2
T0005907858,1
T0005907861,2
T0005907862,2
T0005907865,3
T0005907866,2
T0005907870,2
T0005907871,2
T0005907873,1
T0005907875,3
T0005907876,1
T0005907883,2
T0005907886,2
T0005907887,2
T0005907889,2
T0005907890,2
T0005907891,2
T0005907892,2
T0005907895,1
T0005907899,2
T0005907901,1
T0005907903,1
T0005907909,1
T0005907910,2
T0005907911,2
T0005907912,2
T0005907916,3
T0005907921,1
T0005907928,3
T0005907933,1
T0005907934,3
T0005907935,2
T0005907943,1
T0005907944,3
T0005907947,3
T0005907948,2
T0005907950,2
T0005907953,2
T0005907954,2
T0005907957,3
T0005907959,2
T0005907962,2
T0005907963,1
T0005907964,3
T0005907968,2
T0005907969,3
T0005907972,2
T0005907975,1
T0005907976,2
T0005907977,1
T0005907978,2
T0005907980,2
T0005907981,2
T0005907983,1
T0005907985,2
T0005907987,3
T0005907991,2
T0005907993,2
T0005907994,1
T0005907995,3
T0005907998,3
T0005907999,1
T0005908002,3
T0005908005,3
T0005908009,2
T0005908011,3
T0005908012,1
T0005908013,2
T0005908021,1
T0005908028,2
T0005908030,2
T0005908034,1
T0005908036,2
T0005908037,2
T0005908039,1
T0005908040,1
T0005908042,2
T0005908043,2
T0005908046,1
T0005908048,3
T0005908049,2
T0005908051,1
T0005908058,3
T0005908064,2
T0005908069,2
T0005908071,1
T0005908072,2
T0005908074,3
T0005908075,2
T0005908076,2
T0005908077,2
T0005908078,3
T0005908079,3
T0005908081,1
T0005908083,2
T0005908085,2
T0005908088,3
T0005908090,2
T0005908091,2
T0005908092,3
T0005908093,2
T0005908094,1
T0005908097,2
T0005908098,1
T0005908105,2
T0005908106,3
T0005908111,2
T0005908115,3
T0005908116,1
T0005908121,2
T0005908123,1
T0005908124,3
T0005908127,3
T0005908128,3
T0005908129,2
T0005908130,1
T0005908133,1
T0005908135,2
T0005908138,2
T0005908140,1
T0005908141,3
T0005908144,3
T0005908146,2
T0005908147,2
T0005908148,2
T0005908149,1
T0005908152,1
T0005908153,2
T0005908154,3
T0005908156,1
T0005908158,1
T0005908162,2
T0005908164,3
T0005908166,2
T0005908167,2
T0005908168,2
T0005908170,2
T0005908172,2
T0005908180,3
T0005908183,2
T0005908184,2
T0005908189,2
T0005908191,2
T0005908192,3
T0005908194,3
T0005908195,2
T0005908197,2
T0005908201,2
T0005908202,2
T0005908204,2
T0005908205,1
T0005908206,2
T0005908207,3
T0005908208,3
T0005908209,3
T0005908210,2
T0005908215,2
T0005908216,2
T0005908217,3
T0005908218,2
T0005908226,1
T0005908229,2
T0005908230,1
T0005908231,1
T0005908232,2
T0005908238,1
T0005908240,3
T0005908241,2
T0005908250,3
T0005908253,3
T0005908257,2
T0005908258,1
T0005908261,3
T0005908262,1
T0005908267,3
T0005908268,2
T0005908270,2
T0005908272,3
T0005908273,2
T0005908274,2
T0005908276,2
T0005908280,3
T0005908282,2
T0005908283,2
T0005908285,3
T0005908287,3
T0005908289,2
T0005908290,3
T0005908291,2
T0005908296,3
T0005908297,3
T0005908298,2
T0005908302,2
T0005908303,3
T0005908304,3
T0005908305,2
T0005908306,2
T0005908307,2
T0005908308,1
T0005908311,3
T0005908313,3
T0005908314,3
T0005908315,3
T0005908322,1
T0005908323,2
T0005908326,3
T0005908327,1
T0005908328,2
T0005908329,2
T0005908334,2
T0005908335,2
T0005908339,3
T0005908341,3
T0005908346,2
T0005908348,2
T0005908350,2
T0005908351,2
T0005908353,2
T0005908359,2
T0005908361,2
T0005908362,3
T0005908364,2
T0005908365,3
T0005908371,2
T0005908373,2
T0005908376,1
T0005908377,2
T0005908382,3
T0005908385,1
T0005908388,2
T0005908391,2
T0005908396,2
T0005908397,1
T0005908399,2
T0005908401,2
T0005908406,3
T0005908408,2
T0005908410,2
T0005908413,1
T0005908416,3
T0005908417,3
T0005908421,1
T0005908422,2
T0005908424,2
T0005908425,2
T0005908426,2
T0005908427,3
T0005908429,2
T0005908431,3
T0005908434,3
T0005908435,2
T0005908436,1
T0005908447,2
T0005908451,3
T0005908453,1
T0005908455,2
T0005908456,3
T0005908457,2
T0005908459,1
T0005908468,2
T0005908469,1
T0005908470,1
T0005908473,3
T0005908477,2
T0005908481,2
T0005908482,2
T0005908484,2
T0005908486,2
T0005908487,2
T0005908496,3
T0005908499,2
T0005908500,1
T0005908501,2
T0005908502,2
T0005908503,2
T0005908504,2
T0005908505,1
T0005908511,3
T0005908515,2
